average_strain,average_stress,average_elastic,g1_stress,g6_stress,g7_stress,g8_stress,g9_stress,g10_stress,g11_stress,g12_stress,g13_stress,g14_stress,g15_stress,g16_stress,g18_stress,g19_stress,g20_stress,g21_stress,g22_stress,g23_stress,g24_stress,g25_stress,g26_stress,g27_stress,g28_stress,g29_stress,g30_stress,g31_stress,g32_stress,g33_stress,g34_stress,g35_stress,g36_stress,g37_stress,g38_stress,g39_stress,g40_stress,g41_stress,g42_stress,g43_stress,g44_stress,g45_stress,g46_stress,g47_stress,g48_stress,g49_stress,g50_stress,g51_stress,g53_stress,g54_stress,g56_stress,g57_stress,g58_stress,g59_stress,g60_stress,g61_stress,g62_stress,g63_stress,g64_stress,g66_stress,g67_stress,g68_stress,g69_stress,g70_stress,g72_stress,g73_stress,g74_stress,g75_stress,g76_stress,g77_stress,g78_stress,g79_stress,g80_stress,g81_stress,g82_stress,g83_stress,g84_stress,g85_stress,g86_stress,g87_stress,g88_stress,g89_stress,g90_stress,g91_stress,g92_stress,g93_stress,g95_stress,g96_stress,g97_stress,g99_stress,g100_stress,g101_stress,g102_stress,g103_stress,g104_stress,g105_stress,g106_stress,g107_stress,g108_stress,g109_stress,g110_stress,g111_stress,g112_stress,g113_stress,g114_stress,g115_stress,g116_stress,g117_stress,g118_stress,g119_stress,g120_stress,g122_stress,g123_stress,g125_stress,g126_stress,g127_stress,g128_stress,g129_stress,g130_stress,g132_stress,g133_stress,g134_stress,g135_stress,g136_stress,g137_stress,g138_stress,g139_stress,g140_stress,g141_stress,g142_stress,g143_stress,g145_stress,g146_stress,g147_stress,g148_stress,g149_stress,g150_stress,g151_stress,g152_stress,g153_stress,g154_stress,g155_stress,g156_stress,g157_stress,g158_stress,g159_stress,g161_stress,g162_stress,g163_stress,g164_stress,g165_stress,g166_stress,g167_stress,g168_stress,g169_stress,g171_stress,g172_stress,g173_stress,g175_stress,g176_stress,g177_stress,g178_stress,g179_stress,g180_stress,g181_stress,g183_stress,g185_stress,g186_stress,g187_stress,g188_stress,g189_stress,g190_stress,g191_stress,g192_stress,g193_stress,g194_stress,g195_stress,g196_stress,g197_stress,g198_stress,g199_stress,g200_stress,g201_stress,g202_stress,g203_stress,g204_stress,g205_stress,g206_stress,g207_stress,g208_stress,g209_stress,g210_stress,g211_stress,g212_stress,g213_stress,g215_stress,g216_stress,g217_stress,g218_stress,g219_stress,g220_stress,g221_stress,g222_stress,g223_stress,g224_stress,g225_stress,g226_stress,g227_stress,g228_stress,g229_stress,g230_stress,g231_stress,g232_stress,g233_stress,g234_stress,g235_stress,g236_stress,g237_stress,g238_stress,g239_stress,g240_stress,g241_stress,g242_stress,g243_stress,g244_stress,g245_stress,g246_stress,g247_stress,g248_stress,g249_stress,g250_stress,g251_stress,g252_stress,g253_stress,g254_stress,g255_stress,g256_stress,g257_stress,g258_stress,g259_stress,g261_stress,g262_stress,g264_stress,g265_stress,g268_stress,g269_stress,g270_stress,g271_stress,g272_stress,g273_stress,g274_stress,g275_stress,g276_stress,g277_stress,g278_stress,g279_stress,g280_stress,g281_stress,g282_stress,g283_stress,g284_stress,g285_stress,g286_stress,g287_stress,g288_stress,g289_stress,g291_stress,g292_stress,g293_stress,g294_stress,g295_stress,g299_stress,g300_stress,g302_stress,g303_stress,g304_stress,g306_stress,g309_stress,g312_stress,g313_stress,g1_elastic,g6_elastic,g7_elastic,g8_elastic,g9_elastic,g10_elastic,g11_elastic,g12_elastic,g13_elastic,g14_elastic,g15_elastic,g16_elastic,g18_elastic,g19_elastic,g20_elastic,g21_elastic,g22_elastic,g23_elastic,g24_elastic,g25_elastic,g26_elastic,g27_elastic,g28_elastic,g29_elastic,g30_elastic,g31_elastic,g32_elastic,g33_elastic,g34_elastic,g35_elastic,g36_elastic,g37_elastic,g38_elastic,g39_elastic,g40_elastic,g41_elastic,g42_elastic,g43_elastic,g44_elastic,g45_elastic,g46_elastic,g47_elastic,g48_elastic,g49_elastic,g50_elastic,g51_elastic,g53_elastic,g54_elastic,g56_elastic,g57_elastic,g58_elastic,g59_elastic,g60_elastic,g61_elastic,g62_elastic,g63_elastic,g64_elastic,g66_elastic,g67_elastic,g68_elastic,g69_elastic,g70_elastic,g72_elastic,g73_elastic,g74_elastic,g75_elastic,g76_elastic,g77_elastic,g78_elastic,g79_elastic,g80_elastic,g81_elastic,g82_elastic,g83_elastic,g84_elastic,g85_elastic,g86_elastic,g87_elastic,g88_elastic,g89_elastic,g90_elastic,g91_elastic,g92_elastic,g93_elastic,g95_elastic,g96_elastic,g97_elastic,g99_elastic,g100_elastic,g101_elastic,g102_elastic,g103_elastic,g104_elastic,g105_elastic,g106_elastic,g107_elastic,g108_elastic,g109_elastic,g110_elastic,g111_elastic,g112_elastic,g113_elastic,g114_elastic,g115_elastic,g116_elastic,g117_elastic,g118_elastic,g119_elastic,g120_elastic,g122_elastic,g123_elastic,g125_elastic,g126_elastic,g127_elastic,g128_elastic,g129_elastic,g130_elastic,g132_elastic,g133_elastic,g134_elastic,g135_elastic,g136_elastic,g137_elastic,g138_elastic,g139_elastic,g140_elastic,g141_elastic,g142_elastic,g143_elastic,g145_elastic,g146_elastic,g147_elastic,g148_elastic,g149_elastic,g150_elastic,g151_elastic,g152_elastic,g153_elastic,g154_elastic,g155_elastic,g156_elastic,g157_elastic,g158_elastic,g159_elastic,g161_elastic,g162_elastic,g163_elastic,g164_elastic,g165_elastic,g166_elastic,g167_elastic,g168_elastic,g169_elastic,g171_elastic,g172_elastic,g173_elastic,g175_elastic,g176_elastic,g177_elastic,g178_elastic,g179_elastic,g180_elastic,g181_elastic,g183_elastic,g185_elastic,g186_elastic,g187_elastic,g188_elastic,g189_elastic,g190_elastic,g191_elastic,g192_elastic,g193_elastic,g194_elastic,g195_elastic,g196_elastic,g197_elastic,g198_elastic,g199_elastic,g200_elastic,g201_elastic,g202_elastic,g203_elastic,g204_elastic,g205_elastic,g206_elastic,g207_elastic,g208_elastic,g209_elastic,g210_elastic,g211_elastic,g212_elastic,g213_elastic,g215_elastic,g216_elastic,g217_elastic,g218_elastic,g219_elastic,g220_elastic,g221_elastic,g222_elastic,g223_elastic,g224_elastic,g225_elastic,g226_elastic,g227_elastic,g228_elastic,g229_elastic,g230_elastic,g231_elastic,g232_elastic,g233_elastic,g234_elastic,g235_elastic,g236_elastic,g237_elastic,g238_elastic,g239_elastic,g240_elastic,g241_elastic,g242_elastic,g243_elastic,g244_elastic,g245_elastic,g246_elastic,g247_elastic,g248_elastic,g249_elastic,g250_elastic,g251_elastic,g252_elastic,g253_elastic,g254_elastic,g255_elastic,g256_elastic,g257_elastic,g258_elastic,g259_elastic,g261_elastic,g262_elastic,g264_elastic,g265_elastic,g268_elastic,g269_elastic,g270_elastic,g271_elastic,g272_elastic,g273_elastic,g274_elastic,g275_elastic,g276_elastic,g277_elastic,g278_elastic,g279_elastic,g280_elastic,g281_elastic,g282_elastic,g283_elastic,g284_elastic,g285_elastic,g286_elastic,g287_elastic,g288_elastic,g289_elastic,g291_elastic,g292_elastic,g293_elastic,g294_elastic,g295_elastic,g299_elastic,g300_elastic,g302_elastic,g303_elastic,g304_elastic,g306_elastic,g309_elastic,g312_elastic,g313_elastic,g1_volume,g6_volume,g7_volume,g8_volume,g9_volume,g10_volume,g11_volume,g12_volume,g13_volume,g14_volume,g15_volume,g16_volume,g18_volume,g19_volume,g20_volume,g21_volume,g22_volume,g23_volume,g24_volume,g25_volume,g26_volume,g27_volume,g28_volume,g29_volume,g30_volume,g31_volume,g32_volume,g33_volume,g34_volume,g35_volume,g36_volume,g37_volume,g38_volume,g39_volume,g40_volume,g41_volume,g42_volume,g43_volume,g44_volume,g45_volume,g46_volume,g47_volume,g48_volume,g49_volume,g50_volume,g51_volume,g53_volume,g54_volume,g56_volume,g57_volume,g58_volume,g59_volume,g60_volume,g61_volume,g62_volume,g63_volume,g64_volume,g66_volume,g67_volume,g68_volume,g69_volume,g70_volume,g72_volume,g73_volume,g74_volume,g75_volume,g76_volume,g77_volume,g78_volume,g79_volume,g80_volume,g81_volume,g82_volume,g83_volume,g84_volume,g85_volume,g86_volume,g87_volume,g88_volume,g89_volume,g90_volume,g91_volume,g92_volume,g93_volume,g95_volume,g96_volume,g97_volume,g99_volume,g100_volume,g101_volume,g102_volume,g103_volume,g104_volume,g105_volume,g106_volume,g107_volume,g108_volume,g109_volume,g110_volume,g111_volume,g112_volume,g113_volume,g114_volume,g115_volume,g116_volume,g117_volume,g118_volume,g119_volume,g120_volume,g122_volume,g123_volume,g125_volume,g126_volume,g127_volume,g128_volume,g129_volume,g130_volume,g132_volume,g133_volume,g134_volume,g135_volume,g136_volume,g137_volume,g138_volume,g139_volume,g140_volume,g141_volume,g142_volume,g143_volume,g145_volume,g146_volume,g147_volume,g148_volume,g149_volume,g150_volume,g151_volume,g152_volume,g153_volume,g154_volume,g155_volume,g156_volume,g157_volume,g158_volume,g159_volume,g161_volume,g162_volume,g163_volume,g164_volume,g165_volume,g166_volume,g167_volume,g168_volume,g169_volume,g171_volume,g172_volume,g173_volume,g175_volume,g176_volume,g177_volume,g178_volume,g179_volume,g180_volume,g181_volume,g183_volume,g185_volume,g186_volume,g187_volume,g188_volume,g189_volume,g190_volume,g191_volume,g192_volume,g193_volume,g194_volume,g195_volume,g196_volume,g197_volume,g198_volume,g199_volume,g200_volume,g201_volume,g202_volume,g203_volume,g204_volume,g205_volume,g206_volume,g207_volume,g208_volume,g209_volume,g210_volume,g211_volume,g212_volume,g213_volume,g215_volume,g216_volume,g217_volume,g218_volume,g219_volume,g220_volume,g221_volume,g222_volume,g223_volume,g224_volume,g225_volume,g226_volume,g227_volume,g228_volume,g229_volume,g230_volume,g231_volume,g232_volume,g233_volume,g234_volume,g235_volume,g236_volume,g237_volume,g238_volume,g239_volume,g240_volume,g241_volume,g242_volume,g243_volume,g244_volume,g245_volume,g246_volume,g247_volume,g248_volume,g249_volume,g250_volume,g251_volume,g252_volume,g253_volume,g254_volume,g255_volume,g256_volume,g257_volume,g258_volume,g259_volume,g261_volume,g262_volume,g264_volume,g265_volume,g268_volume,g269_volume,g270_volume,g271_volume,g272_volume,g273_volume,g274_volume,g275_volume,g276_volume,g277_volume,g278_volume,g279_volume,g280_volume,g281_volume,g282_volume,g283_volume,g284_volume,g285_volume,g286_volume,g287_volume,g288_volume,g289_volume,g291_volume,g292_volume,g293_volume,g294_volume,g295_volume,g299_volume,g300_volume,g302_volume,g303_volume,g304_volume,g306_volume,g309_volume,g312_volume,g313_volume,g1_phi_1,g1_Phi,g1_phi_2,g6_phi_1,g6_Phi,g6_phi_2,g7_phi_1,g7_Phi,g7_phi_2,g8_phi_1,g8_Phi,g8_phi_2,g9_phi_1,g9_Phi,g9_phi_2,g10_phi_1,g10_Phi,g10_phi_2,g11_phi_1,g11_Phi,g11_phi_2,g12_phi_1,g12_Phi,g12_phi_2,g13_phi_1,g13_Phi,g13_phi_2,g14_phi_1,g14_Phi,g14_phi_2,g15_phi_1,g15_Phi,g15_phi_2,g16_phi_1,g16_Phi,g16_phi_2,g18_phi_1,g18_Phi,g18_phi_2,g19_phi_1,g19_Phi,g19_phi_2,g20_phi_1,g20_Phi,g20_phi_2,g21_phi_1,g21_Phi,g21_phi_2,g22_phi_1,g22_Phi,g22_phi_2,g23_phi_1,g23_Phi,g23_phi_2,g24_phi_1,g24_Phi,g24_phi_2,g25_phi_1,g25_Phi,g25_phi_2,g26_phi_1,g26_Phi,g26_phi_2,g27_phi_1,g27_Phi,g27_phi_2,g28_phi_1,g28_Phi,g28_phi_2,g29_phi_1,g29_Phi,g29_phi_2,g30_phi_1,g30_Phi,g30_phi_2,g31_phi_1,g31_Phi,g31_phi_2,g32_phi_1,g32_Phi,g32_phi_2,g33_phi_1,g33_Phi,g33_phi_2,g34_phi_1,g34_Phi,g34_phi_2,g35_phi_1,g35_Phi,g35_phi_2,g36_phi_1,g36_Phi,g36_phi_2,g37_phi_1,g37_Phi,g37_phi_2,g38_phi_1,g38_Phi,g38_phi_2,g39_phi_1,g39_Phi,g39_phi_2,g40_phi_1,g40_Phi,g40_phi_2,g41_phi_1,g41_Phi,g41_phi_2,g42_phi_1,g42_Phi,g42_phi_2,g43_phi_1,g43_Phi,g43_phi_2,g44_phi_1,g44_Phi,g44_phi_2,g45_phi_1,g45_Phi,g45_phi_2,g46_phi_1,g46_Phi,g46_phi_2,g47_phi_1,g47_Phi,g47_phi_2,g48_phi_1,g48_Phi,g48_phi_2,g49_phi_1,g49_Phi,g49_phi_2,g50_phi_1,g50_Phi,g50_phi_2,g51_phi_1,g51_Phi,g51_phi_2,g53_phi_1,g53_Phi,g53_phi_2,g54_phi_1,g54_Phi,g54_phi_2,g56_phi_1,g56_Phi,g56_phi_2,g57_phi_1,g57_Phi,g57_phi_2,g58_phi_1,g58_Phi,g58_phi_2,g59_phi_1,g59_Phi,g59_phi_2,g60_phi_1,g60_Phi,g60_phi_2,g61_phi_1,g61_Phi,g61_phi_2,g62_phi_1,g62_Phi,g62_phi_2,g63_phi_1,g63_Phi,g63_phi_2,g64_phi_1,g64_Phi,g64_phi_2,g66_phi_1,g66_Phi,g66_phi_2,g67_phi_1,g67_Phi,g67_phi_2,g68_phi_1,g68_Phi,g68_phi_2,g69_phi_1,g69_Phi,g69_phi_2,g70_phi_1,g70_Phi,g70_phi_2,g72_phi_1,g72_Phi,g72_phi_2,g73_phi_1,g73_Phi,g73_phi_2,g74_phi_1,g74_Phi,g74_phi_2,g75_phi_1,g75_Phi,g75_phi_2,g76_phi_1,g76_Phi,g76_phi_2,g77_phi_1,g77_Phi,g77_phi_2,g78_phi_1,g78_Phi,g78_phi_2,g79_phi_1,g79_Phi,g79_phi_2,g80_phi_1,g80_Phi,g80_phi_2,g81_phi_1,g81_Phi,g81_phi_2,g82_phi_1,g82_Phi,g82_phi_2,g83_phi_1,g83_Phi,g83_phi_2,g84_phi_1,g84_Phi,g84_phi_2,g85_phi_1,g85_Phi,g85_phi_2,g86_phi_1,g86_Phi,g86_phi_2,g87_phi_1,g87_Phi,g87_phi_2,g88_phi_1,g88_Phi,g88_phi_2,g89_phi_1,g89_Phi,g89_phi_2,g90_phi_1,g90_Phi,g90_phi_2,g91_phi_1,g91_Phi,g91_phi_2,g92_phi_1,g92_Phi,g92_phi_2,g93_phi_1,g93_Phi,g93_phi_2,g95_phi_1,g95_Phi,g95_phi_2,g96_phi_1,g96_Phi,g96_phi_2,g97_phi_1,g97_Phi,g97_phi_2,g99_phi_1,g99_Phi,g99_phi_2,g100_phi_1,g100_Phi,g100_phi_2,g101_phi_1,g101_Phi,g101_phi_2,g102_phi_1,g102_Phi,g102_phi_2,g103_phi_1,g103_Phi,g103_phi_2,g104_phi_1,g104_Phi,g104_phi_2,g105_phi_1,g105_Phi,g105_phi_2,g106_phi_1,g106_Phi,g106_phi_2,g107_phi_1,g107_Phi,g107_phi_2,g108_phi_1,g108_Phi,g108_phi_2,g109_phi_1,g109_Phi,g109_phi_2,g110_phi_1,g110_Phi,g110_phi_2,g111_phi_1,g111_Phi,g111_phi_2,g112_phi_1,g112_Phi,g112_phi_2,g113_phi_1,g113_Phi,g113_phi_2,g114_phi_1,g114_Phi,g114_phi_2,g115_phi_1,g115_Phi,g115_phi_2,g116_phi_1,g116_Phi,g116_phi_2,g117_phi_1,g117_Phi,g117_phi_2,g118_phi_1,g118_Phi,g118_phi_2,g119_phi_1,g119_Phi,g119_phi_2,g120_phi_1,g120_Phi,g120_phi_2,g122_phi_1,g122_Phi,g122_phi_2,g123_phi_1,g123_Phi,g123_phi_2,g125_phi_1,g125_Phi,g125_phi_2,g126_phi_1,g126_Phi,g126_phi_2,g127_phi_1,g127_Phi,g127_phi_2,g128_phi_1,g128_Phi,g128_phi_2,g129_phi_1,g129_Phi,g129_phi_2,g130_phi_1,g130_Phi,g130_phi_2,g132_phi_1,g132_Phi,g132_phi_2,g133_phi_1,g133_Phi,g133_phi_2,g134_phi_1,g134_Phi,g134_phi_2,g135_phi_1,g135_Phi,g135_phi_2,g136_phi_1,g136_Phi,g136_phi_2,g137_phi_1,g137_Phi,g137_phi_2,g138_phi_1,g138_Phi,g138_phi_2,g139_phi_1,g139_Phi,g139_phi_2,g140_phi_1,g140_Phi,g140_phi_2,g141_phi_1,g141_Phi,g141_phi_2,g142_phi_1,g142_Phi,g142_phi_2,g143_phi_1,g143_Phi,g143_phi_2,g145_phi_1,g145_Phi,g145_phi_2,g146_phi_1,g146_Phi,g146_phi_2,g147_phi_1,g147_Phi,g147_phi_2,g148_phi_1,g148_Phi,g148_phi_2,g149_phi_1,g149_Phi,g149_phi_2,g150_phi_1,g150_Phi,g150_phi_2,g151_phi_1,g151_Phi,g151_phi_2,g152_phi_1,g152_Phi,g152_phi_2,g153_phi_1,g153_Phi,g153_phi_2,g154_phi_1,g154_Phi,g154_phi_2,g155_phi_1,g155_Phi,g155_phi_2,g156_phi_1,g156_Phi,g156_phi_2,g157_phi_1,g157_Phi,g157_phi_2,g158_phi_1,g158_Phi,g158_phi_2,g159_phi_1,g159_Phi,g159_phi_2,g161_phi_1,g161_Phi,g161_phi_2,g162_phi_1,g162_Phi,g162_phi_2,g163_phi_1,g163_Phi,g163_phi_2,g164_phi_1,g164_Phi,g164_phi_2,g165_phi_1,g165_Phi,g165_phi_2,g166_phi_1,g166_Phi,g166_phi_2,g167_phi_1,g167_Phi,g167_phi_2,g168_phi_1,g168_Phi,g168_phi_2,g169_phi_1,g169_Phi,g169_phi_2,g171_phi_1,g171_Phi,g171_phi_2,g172_phi_1,g172_Phi,g172_phi_2,g173_phi_1,g173_Phi,g173_phi_2,g175_phi_1,g175_Phi,g175_phi_2,g176_phi_1,g176_Phi,g176_phi_2,g177_phi_1,g177_Phi,g177_phi_2,g178_phi_1,g178_Phi,g178_phi_2,g179_phi_1,g179_Phi,g179_phi_2,g180_phi_1,g180_Phi,g180_phi_2,g181_phi_1,g181_Phi,g181_phi_2,g183_phi_1,g183_Phi,g183_phi_2,g185_phi_1,g185_Phi,g185_phi_2,g186_phi_1,g186_Phi,g186_phi_2,g187_phi_1,g187_Phi,g187_phi_2,g188_phi_1,g188_Phi,g188_phi_2,g189_phi_1,g189_Phi,g189_phi_2,g190_phi_1,g190_Phi,g190_phi_2,g191_phi_1,g191_Phi,g191_phi_2,g192_phi_1,g192_Phi,g192_phi_2,g193_phi_1,g193_Phi,g193_phi_2,g194_phi_1,g194_Phi,g194_phi_2,g195_phi_1,g195_Phi,g195_phi_2,g196_phi_1,g196_Phi,g196_phi_2,g197_phi_1,g197_Phi,g197_phi_2,g198_phi_1,g198_Phi,g198_phi_2,g199_phi_1,g199_Phi,g199_phi_2,g200_phi_1,g200_Phi,g200_phi_2,g201_phi_1,g201_Phi,g201_phi_2,g202_phi_1,g202_Phi,g202_phi_2,g203_phi_1,g203_Phi,g203_phi_2,g204_phi_1,g204_Phi,g204_phi_2,g205_phi_1,g205_Phi,g205_phi_2,g206_phi_1,g206_Phi,g206_phi_2,g207_phi_1,g207_Phi,g207_phi_2,g208_phi_1,g208_Phi,g208_phi_2,g209_phi_1,g209_Phi,g209_phi_2,g210_phi_1,g210_Phi,g210_phi_2,g211_phi_1,g211_Phi,g211_phi_2,g212_phi_1,g212_Phi,g212_phi_2,g213_phi_1,g213_Phi,g213_phi_2,g215_phi_1,g215_Phi,g215_phi_2,g216_phi_1,g216_Phi,g216_phi_2,g217_phi_1,g217_Phi,g217_phi_2,g218_phi_1,g218_Phi,g218_phi_2,g219_phi_1,g219_Phi,g219_phi_2,g220_phi_1,g220_Phi,g220_phi_2,g221_phi_1,g221_Phi,g221_phi_2,g222_phi_1,g222_Phi,g222_phi_2,g223_phi_1,g223_Phi,g223_phi_2,g224_phi_1,g224_Phi,g224_phi_2,g225_phi_1,g225_Phi,g225_phi_2,g226_phi_1,g226_Phi,g226_phi_2,g227_phi_1,g227_Phi,g227_phi_2,g228_phi_1,g228_Phi,g228_phi_2,g229_phi_1,g229_Phi,g229_phi_2,g230_phi_1,g230_Phi,g230_phi_2,g231_phi_1,g231_Phi,g231_phi_2,g232_phi_1,g232_Phi,g232_phi_2,g233_phi_1,g233_Phi,g233_phi_2,g234_phi_1,g234_Phi,g234_phi_2,g235_phi_1,g235_Phi,g235_phi_2,g236_phi_1,g236_Phi,g236_phi_2,g237_phi_1,g237_Phi,g237_phi_2,g238_phi_1,g238_Phi,g238_phi_2,g239_phi_1,g239_Phi,g239_phi_2,g240_phi_1,g240_Phi,g240_phi_2,g241_phi_1,g241_Phi,g241_phi_2,g242_phi_1,g242_Phi,g242_phi_2,g243_phi_1,g243_Phi,g243_phi_2,g244_phi_1,g244_Phi,g244_phi_2,g245_phi_1,g245_Phi,g245_phi_2,g246_phi_1,g246_Phi,g246_phi_2,g247_phi_1,g247_Phi,g247_phi_2,g248_phi_1,g248_Phi,g248_phi_2,g249_phi_1,g249_Phi,g249_phi_2,g250_phi_1,g250_Phi,g250_phi_2,g251_phi_1,g251_Phi,g251_phi_2,g252_phi_1,g252_Phi,g252_phi_2,g253_phi_1,g253_Phi,g253_phi_2,g254_phi_1,g254_Phi,g254_phi_2,g255_phi_1,g255_Phi,g255_phi_2,g256_phi_1,g256_Phi,g256_phi_2,g257_phi_1,g257_Phi,g257_phi_2,g258_phi_1,g258_Phi,g258_phi_2,g259_phi_1,g259_Phi,g259_phi_2,g261_phi_1,g261_Phi,g261_phi_2,g262_phi_1,g262_Phi,g262_phi_2,g264_phi_1,g264_Phi,g264_phi_2,g265_phi_1,g265_Phi,g265_phi_2,g268_phi_1,g268_Phi,g268_phi_2,g269_phi_1,g269_Phi,g269_phi_2,g270_phi_1,g270_Phi,g270_phi_2,g271_phi_1,g271_Phi,g271_phi_2,g272_phi_1,g272_Phi,g272_phi_2,g273_phi_1,g273_Phi,g273_phi_2,g274_phi_1,g274_Phi,g274_phi_2,g275_phi_1,g275_Phi,g275_phi_2,g276_phi_1,g276_Phi,g276_phi_2,g277_phi_1,g277_Phi,g277_phi_2,g278_phi_1,g278_Phi,g278_phi_2,g279_phi_1,g279_Phi,g279_phi_2,g280_phi_1,g280_Phi,g280_phi_2,g281_phi_1,g281_Phi,g281_phi_2,g282_phi_1,g282_Phi,g282_phi_2,g283_phi_1,g283_Phi,g283_phi_2,g284_phi_1,g284_Phi,g284_phi_2,g285_phi_1,g285_Phi,g285_phi_2,g286_phi_1,g286_Phi,g286_phi_2,g287_phi_1,g287_Phi,g287_phi_2,g288_phi_1,g288_Phi,g288_phi_2,g289_phi_1,g289_Phi,g289_phi_2,g291_phi_1,g291_Phi,g291_phi_2,g292_phi_1,g292_Phi,g292_phi_2,g293_phi_1,g293_Phi,g293_phi_2,g294_phi_1,g294_Phi,g294_phi_2,g295_phi_1,g295_Phi,g295_phi_2,g299_phi_1,g299_Phi,g299_phi_2,g300_phi_1,g300_Phi,g300_phi_2,g302_phi_1,g302_Phi,g302_phi_2,g303_phi_1,g303_Phi,g303_phi_2,g304_phi_1,g304_Phi,g304_phi_2,g306_phi_1,g306_Phi,g306_phi_2,g309_phi_1,g309_Phi,g309_phi_2,g312_phi_1,g312_Phi,g312_phi_2,g313_phi_1,g313_Phi,g313_phi_2
3.0157e-05,4.6059,3.0157e-05,4.6242,4.8114,4.6186,4.5293,4.7543,4.6047,4.8103,4.7799,4.5672,4.7548,4.8837,4.3779,4.5684,4.6956,4.7464,4.6442,4.6371,4.528,4.3792,4.8273,4.5461,4.3817,4.6718,4.297,4.5061,4.5768,4.8583,4.3346,4.5771,4.5744,4.6217,4.3137,4.7969,4.7223,4.8195,4.7732,4.3856,4.656,4.7751,4.6831,4.4212,4.7452,4.4289,4.6609,4.7373,4.7351,4.8003,4.7102,4.6628,4.5563,4.666,4.8539,4.6057,4.7418,4.635,4.7588,4.5503,4.438,4.8732,4.7463,4.6862,4.7576,4.3661,4.5989,4.6137,4.6277,4.4579,4.9058,4.5804,4.6418,4.4841,4.7057,4.6298,4.4814,4.5968,4.6478,4.6226,4.7573,4.8203,4.5905,4.7175,4.7159,4.4047,4.5917,4.4687,4.7141,4.5748,4.6139,4.5608,4.6561,4.6395,4.4514,4.5659,4.6682,4.4921,4.6491,4.6911,4.4299,4.6029,4.7492,4.7832,4.7136,4.6428,4.6712,4.5902,4.7624,4.5598,4.458,4.4991,4.7894,4.5881,4.6795,4.6455,4.326,4.7463,4.6449,4.6083,4.6427,4.6769,4.3949,4.655,4.6243,4.4571,4.5449,4.5245,4.7462,4.2811,4.7009,4.7714,4.6704,4.6466,4.7324,4.6393,4.566,4.8087,4.7263,4.5744,4.6058,4.7122,4.5873,4.4412,4.5224,4.8543,4.5398,4.6314,4.6819,4.3287,4.5574,4.7435,4.4548,4.5823,4.9829,4.5878,4.2324,4.7329,4.7049,4.713,4.5455,4.7635,4.6269,4.5152,4.2402,4.4767,4.4787,4.6361,4.4036,4.5995,4.6842,4.361,4.6573,4.5178,4.6474,4.5461,4.5362,4.5248,4.596,4.5602,4.6059,4.7351,4.4833,4.7256,4.7387,4.5126,4.7112,4.6593,4.6593,4.6717,4.5121,4.6749,4.7201,4.6674,4.5775,4.7442,4.5773,4.6881,4.5363,4.7705,4.5935,4.5739,4.5107,4.608,4.534,4.5787,4.521,4.7254,4.633,4.5636,4.6652,4.6816,4.5544,4.5738,4.5086,4.5591,4.7356,4.5637,4.5922,4.6389,4.5814,4.6594,4.631,4.6239,4.5954,4.6613,4.7262,4.5466,4.8445,4.4555,4.6448,4.6523,4.6892,4.5612,4.6391,4.7036,4.4353,4.6079,4.6418,4.4504,4.6493,4.3534,4.7553,4.6161,4.4546,4.5873,4.6316,4.4269,4.7224,4.7913,4.7767,4.4424,4.7254,4.5518,4.6496,4.5819,4.3312,4.5863,4.7871,4.5895,4.4571,4.4995,4.9374,4.7948,4.5639,4.7279,4.1976,4.2325,4.4481,4.7237,4.5817,4.4978,4.768,4.6449,4.6032,4.4974,4.3628,4.7178,4.6166,4.7525,4.7691,3.257e-05,3.0076e-05,3.0624e-05,3.092e-05,2.9391e-05,2.8009e-05,3.2321e-05,3.1407e-05,3.209e-05,3.0246e-05,2.9532e-05,3.1586e-05,3.0577e-05,2.9428e-05,2.9467e-05,3.0402e-05,3.2733e-05,3.0921e-05,2.9195e-05,3.0112e-05,3.1446e-05,3.1087e-05,2.9922e-05,3.0472e-05,3.2261e-05,3.1015e-05,2.989e-05,3.1493e-05,2.8871e-05,3.1224e-05,3.0381e-05,2.8722e-05,2.9346e-05,2.913e-05,2.9867e-05,3.1402e-05,3.1472e-05,3.0932e-05,2.9599e-05,2.8867e-05,2.9586e-05,2.9503e-05,3.1574e-05,3.0675e-05,3.0678e-05,2.9221e-05,3.1043e-05,3.0406e-05,3.0084e-05,2.9718e-05,2.9271e-05,3.0387e-05,3.0542e-05,3.0222e-05,3.0702e-05,3.1798e-05,3.1784e-05,3.2171e-05,3.02e-05,2.932e-05,2.9385e-05,2.9845e-05,3.1209e-05,3.0277e-05,3.102e-05,2.8778e-05,2.8986e-05,3.1655e-05,2.9458e-05,2.89e-05,2.9551e-05,2.9479e-05,2.9319e-05,3.2043e-05,2.9316e-05,3.0692e-05,2.9797e-05,2.9861e-05,3.0394e-05,3.2354e-05,2.971e-05,2.9459e-05,2.9769e-05,3.1603e-05,3.0469e-05,3.156e-05,2.9176e-05,2.8957e-05,3.016e-05,2.9306e-05,3.1065e-05,3.1945e-05,3.0597e-05,3.2725e-05,3.152e-05,3.067e-05,2.9626e-05,2.8077e-05,3.0368e-05,2.9865e-05,2.9184e-05,2.8948e-05,2.901e-05,2.9297e-05,3.2685e-05,2.9103e-05,3.0266e-05,3.1116e-05,2.8722e-05,2.9466e-05,3.0907e-05,3.0792e-05,2.9348e-05,3.095e-05,2.8884e-05,2.9862e-05,2.9431e-05,2.994e-05,3.0632e-05,2.9151e-05,2.9136e-05,3.1302e-05,3.0024e-05,3.029e-05,3.2163e-05,2.9366e-05,3.0919e-05,3.2395e-05,2.9571e-05,2.9187e-05,2.9448e-05,3.0065e-05,3.0355e-05,3.0273e-05,3.0859e-05,2.967e-05,3.1102e-05,2.8061e-05,2.9334e-05,2.9068e-05,2.7991e-05,2.83e-05,3.0237e-05,2.8388e-05,3.0767e-05,2.9625e-05,3.1112e-05,3.1992e-05,3.0145e-05,2.952e-05,2.9619e-05,3.0852e-05,2.9985e-05,3.053e-05,3.085e-05,2.9185e-05,2.9126e-05,3.2693e-05,2.9548e-05,2.8822e-05,2.8658e-05,2.9753e-05,3.1546e-05,3.2184e-05,2.8794e-05,3.1105e-05,2.9563e-05,2.9187e-05,2.8571e-05,3.052e-05,2.9915e-05,2.8801e-05,2.9108e-05,3.124e-05,3.0096e-05,3.0863e-05,3.0032e-05,3.0452e-05,3.0216e-05,3.1114e-05,2.9729e-05,2.9077e-05,3.0735e-05,2.9911e-05,3.1456e-05,2.9551e-05,3.0522e-05,3.0294e-05,2.9225e-05,3.197e-05,3.0015e-05,2.9102e-05,3.001e-05,2.9937e-05,2.931e-05,2.9106e-05,3.3276e-05,3.1558e-05,2.9354e-05,3.1548e-05,3.0408e-05,3.0323e-05,2.9319e-05,3.0679e-05,3.0554e-05,3.1418e-05,2.9276e-05,3.0764e-05,2.9454e-05,3.1253e-05,3.0892e-05,2.9874e-05,2.8859e-05,2.954e-05,3.0293e-05,2.9571e-05,2.9406e-05,2.9481e-05,3.0194e-05,2.9236e-05,2.9927e-05,2.9088e-05,3.2304e-05,2.949e-05,3.0151e-05,3.0574e-05,3.1095e-05,2.912e-05,2.9534e-05,2.9753e-05,3.0977e-05,2.9196e-05,3.0303e-05,2.9452e-05,2.9179e-05,3.1628e-05,3.0452e-05,2.982e-05,2.9966e-05,2.9301e-05,2.9232e-05,3.0827e-05,2.8915e-05,2.9396e-05,3.0149e-05,2.9977e-05,2.9148e-05,3.0143e-05,2.7947e-05,2.9034e-05,3.173e-05,2.9452e-05,3.2016e-05,2.9879e-05,2.8641e-05,3.0058e-05,2.9517e-05,2.9359e-05,3.0963e-05,2.9939e-05,3.0262e-05,2.9401e-05,2.9906e-05,3.0599e-05,3.0485e-05,3.1358e-05,2.8848e-05,2.906e-05,3.1357e-05,3.0598e-05,2.9391e-05,2.9154e-05,2.927e-05,3.0664e-05,2.9405e-05,2.9539e-05,3.0022e-05,3.0283e-05,652860.0,527600.0,4051000.0,2361500.0,1063500.0,5504200.0,2008000.0,2411200.0,2983400.0,2907700.0,715790.0,4946000.0,1272400.0,3886200.0,2497000.0,4962200.0,4006100.0,1313700.0,3439700.0,2457300.0,3280300.0,11623000.0,939160.0,6172800.0,733680.0,8929900.0,1559800.0,1804700.0,799240.0,3153800.0,1663100.0,5695800.0,23134000.0,2470300.0,2681400.0,4250800.0,1211200.0,1483800.0,1623100.0,2037800.0,1036500.0,2054600.0,998900.0,7322600.0,2384900.0,1789300.0,1464100.0,2229500.0,15638000.0,933030.0,7138100.0,3914300.0,695400.0,3830400.0,1057500.0,2604500.0,17325000.0,31464000.0,2325700.0,1698300.0,1501900.0,2783800.0,1015700.0,1887600.0,3336500.0,787200.0,2814400.0,1901400.0,3839200.0,2700300.0,1417200.0,1096800.0,14691000.0,5032200.0,1313700.0,3541200.0,1639800.0,944740.0,2521800.0,3636500.0,1267500.0,875270.0,2074100.0,856130.0,1823800.0,2791600.0,4851100.0,4107200.0,2293000.0,5593500.0,1274600.0,9165300.0,4558400.0,997350.0,1628100.0,875890.0,1738300.0,3439800.0,9756100.0,1694900.0,16185000.0,1389000.0,9707100.0,1601000.0,3111800.0,1248900.0,1595600.0,12279000.0,5012700.0,2131600.0,3788800.0,2346100.0,1178000.0,645020.0,3343500.0,11411000.0,2365500.0,1449300.0,738260.0,1883600.0,722040.0,1169800.0,2174300.0,8636100.0,4069700.0,2575300.0,3026200.0,2316200.0,1468700.0,757990.0,10124000.0,2341800.0,3477500.0,2031800.0,1344300.0,1016600.0,1973900.0,1030900.0,2818800.0,3841500.0,1137500.0,1448700.0,2060900.0,1490700.0,2159300.0,2379200.0,867820.0,6776700.0,1483200.0,9209400.0,6039000.0,796610.0,10241000.0,798180.0,1257100.0,18495000.0,669880.0,11896000.0,704520.0,5463300.0,3620500.0,3728500.0,2594300.0,5128500.0,4299400.0,4138300.0,945220.0,4052400.0,1605800.0,6226400.0,1476500.0,7458600.0,1058700.0,729360.0,3925100.0,2935000.0,1917500.0,8220700.0,2222600.0,929290.0,1207100.0,3637800.0,3493100.0,1909700.0,1445200.0,720570.0,6685600.0,5169700.0,2290100.0,619540.0,17391000.0,3256600.0,5152600.0,1119800.0,17904000.0,5318100.0,1077700.0,8409500.0,1326800.0,1407500.0,3909300.0,5195800.0,785010.0,1609000.0,953500.0,1742800.0,1536400.0,1428600.0,7692300.0,2295200.0,1389900.0,12034000.0,2729100.0,1213300.0,1238200.0,3194500.0,932670.0,4580100.0,1110300.0,1813100.0,7912700.0,4355400.0,685140.0,1393400.0,9817300.0,5161200.0,4960900.0,15079000.0,2942700.0,1891900.0,2294600.0,2933500.0,3129200.0,1844900.0,1714400.0,2219900.0,1469200.0,7074000.0,638180.0,3583000.0,8148600.0,8705300.0,1826300.0,5270900.0,3949100.0,4910800.0,847070.0,1117100.0,5283500.0,1523800.0,6462500.0,3415400.0,6961300.0,1931200.0,1605900.0,1559300.0,1065700.0,1101400.0,2250300.0,1018100.0,5082200.0,3404400.0,3048000.0,2817500.0,2386500.0,1906100.0,15335000.0,13457000.0,3518500.0,3147900.0,1932600.0,4368700.0,3283600.0,640970.0,2021700.0,760960.0,3461100.0,1947300.0,1.5241,1.8373,4.1747,1.2783,2.2252,4.2225,1.2316,1.9876,4.2329,2.4995,2.6631,4.3031,0.85827,2.0617,4.2164,1.5204,2.4823,3.8936,3.0045,2.8387,5.8137,1.2299,1.989,4.2335,1.7482,1.7189,4.2482,1.2773,2.2267,4.2237,0.85853,2.0616,4.2157,2.8893,2.8355,4.5066,5.7147,2.7777,1.4724,1.2355,2.8469,3.6206,0.95793,2.1446,3.0241,2.4832,2.0495,4.4433,1.4727,1.6776,3.9048,0.65948,2.5684,3.8861,2.0053,1.7621,3.4724,1.0709,2.4481,3.0528,0.27389,2.2845,3.5661,1.7866,1.6722,3.3868,2.1493,2.8273,4.4552,1.7869,1.6687,3.3896,1.4765,1.6757,3.9055,0.39651,2.1316,3.2063,2.0332,2.3524,4.3838,1.4739,1.6648,3.199,0.83236,1.8708,2.7756,3.0063,2.8415,5.8124,2.0062,1.7595,3.4735,1.0067,2.7156,2.8788,1.8175,2.5893,4.0006,0.63141,1.8667,2.7993,1.0707,2.4465,3.0512,1.8979,1.9141,4.493,1.6791,1.6971,3.8957,0.50973,2.2005,3.7445,1.1931,2.4162,3.7872,1.0064,2.0571,3.2733,2.5437,2.2957,4.2868,2.0673,2.1458,4.6737,1.4784,1.6764,3.9095,1.8968,1.9165,4.4927,1.4901,2.1693,3.2681,0.8238,2.0767,3.1908,2.4174,2.3699,4.3118,1.9472,2.6027,4.894,1.9402,2.5949,4.8839,2.5439,2.2958,4.2857,1.2875,2.4854,3.9483,1.6861,2.2311,4.2927,2.0661,3.0644,4.0108,0.49923,2.4703,2.4723,1.5428,2.0549,4.6057,2.08,3.0674,4.0282,0.39435,2.3728,3.4406,1.6613,1.6323,4.0829,0.71041,2.0199,3.1005,2.2436,2.2392,4.6446,0.62203,2.6207,2.9925,1.0062,2.0603,3.2738,0.13393,2.8899,1.9794,1.9943,1.9839,4.5862,2.5443,2.296,4.2885,2.6794,2.3394,5.2023,2.1539,2.8265,4.4574,1.0793,1.8519,3.9435,4.6166,3.0016,0.50459,0.88831,2.1164,3.0567,1.3057,2.1012,4.2638,1.0556,2.0866,3.4938,2.3207,2.7572,4.5922,1.7006,1.6014,4.159,1.1406,2.559,3.0643,0.74868,2.4247,3.7703,2.053,1.9306,3.7409,1.6004,2.4368,3.4687,1.6627,2.5202,3.6079,1.6602,1.6811,4.2495,2.118,2.8132,4.5948,2.1196,2.8138,4.5935,3.3513,2.7825,6.1124,1.6997,1.6013,4.159,1.7012,2.0062,3.4535,2.1325,2.9382,4.927,1.1423,2.5588,3.0674,2.6402,2.4471,4.9916,1.0224,2.6024,4.0652,1.6022,2.436,3.4689,1.1865,1.796,4.103,1.6608,1.6325,4.0848,1.7016,2.0057,3.4525,0.28864,2.9478,3.3347,2.8689,2.2927,4.5602,1.3174,1.9511,4.2043,1.2441,2.6909,3.3163,1.4643,2.459,3.3428,1.8404,1.987,3.7268,1.9513,2.3345,3.9913,1.0976,2.2824,3.1895,2.5404,2.0508,5.1494,1.2413,2.6903,3.3111,1.4636,2.4599,3.3409,0.28861,2.9473,3.3361,0.67746,1.8053,2.9162,1.7016,2.0287,4.4196,1.4675,1.8655,4.1179,5.543,2.9021,1.8545,0.81906,2.1223,2.7795,1.0226,2.6032,4.0663,2.1501,2.5239,3.6204,2.6418,2.4455,4.9935,2.7989,2.7062,4.519,2.1654,2.5312,4.5369,2.349,2.1019,4.1931,0.76611,1.9877,3.3506,0.32204,2.475,2.8773,0.6044,2.1401,3.7142,2.3861,2.5115,4.4288,0.74472,2.4656,2.8487,1.2554,1.5813,4.2873,1.7013,2.0061,3.451,0.0050381,2.6894,2.0489,3.2064,2.9388,6.1971,0.74022,2.4662,2.8463,1.6603,1.6339,4.0883,1.4936,1.8635,3.1829,0.73978,2.4657,2.8454,2.1686,2.3479,4.9567,1.1413,2.5623,3.0669,1.0014,1.9628,3.5036,0.53344,1.9779,3.2567,1.7001,2.0074,3.4508,2.3861,2.0794,4.1964,2.1411,2.1544,4.9782,1.2897,1.7553,3.799,0.68242,1.9762,2.756,2.1406,2.1535,4.9793,2.318,2.1836,4.4579,1.5669,2.2868,3.9626,4.1926,3.0104,0.12704,1.9554,2.3352,3.9951,0.83922,1.9643,4.1175,1.1725,2.5707,4.2135,3.5119,2.8548,6.0743,1.5317,1.6172,3.2864,0.32502,2.2969,3.4114,5.1374,2.9924,1.0787,0.55379,2.7849,3.2492,1.2637,2.5059,2.9756,2.1407,2.1536,4.9817,1.4733,2.0953,4.3487,1.5252,1.6218,3.2862,1.3779,2.9306,3.3644,0.44721,2.4505,2.7147,0.92458,2.4546,2.9988,0.22214,2.6181,3.3412,1.6114,2.2543,4.124,0.44159,2.4479,2.7092,1.0486,2.1675,3.6612,1.3944,1.8085,4.293,0.32533,2.2983,3.4098,1.5289,1.6174,3.2864,0.44368,2.4509,2.7123,2.975,2.8702,5.8917,2.0092,2.6,4.0362,1.9691,2.1767,4.5864,2.6381,2.7753,5.2773,1.8895,1.9667,3.9049,1.2938,1.8187,3.6872,2.1423,2.1545,4.9813,1.4031,2.6597,4.01,1.1132,3.0857,2.9565,4.6916,2.9878,0.41638,1.2551,2.6827,4.3323,1.9034,1.9592,3.8848,1.2442,2.6358,2.8623,0.35232,2.7741,2.9431,0.93872,2.8891,4.1316,0.56882,2.5206,2.5775,0.69915,1.9299,2.9948,0.54688,2.3944,3.4309,1.5673,2.1751,4.2267,1.2535,2.6841,4.3329,0.63667,1.9466,3.1211,1.9784,1.8986,3.8193,1.1932,1.8477,3.6441,2.4708,2.7242,4.9923,1.3773,1.5208,4.1734,1.3909,2.1561,3.1757,0.63826,1.9465,3.1204,0.45923,2.4507,2.5656,1.6131,2.2519,4.1266,2.4673,2.7241,4.9903,0.63716,1.9472,3.119,1.5636,1.714,3.3268,0.51834,3.0392,2.4344,0.57034,2.5209,2.5805,2.9041,2.7439,5.8835,6.172,2.8627,2.5367,4.6808,2.9902,0.40361,2.3484,2.4101,3.7567,0.84933,3.0826,3.6299,1.441,2.2523,3.5657,0.83131,3.0801,3.6116,2.3684,2.2382,3.8115,1.1921,1.8486,3.6431,2.4263,2.3369,4.5577,2.5835,2.6258,4.0286,1.259,2.6845,4.3353,1.8906,1.9657,3.9066,1.1213,2.7989,3.6467,2.4542,2.4869,5.097,1.6068,2.6228,3.2977,2.1688,2.1867,4.1014,0.78742,1.9022,3.3723,2.3485,2.4105,3.7548,2.3504,2.4122,3.7572,2.1833,1.8849,4.8996,2.6472,2.2912,4.7935,2.3666,2.2392,3.8111,1.3811,1.5863,3.8343,2.4711,2.7216,4.9951,1.8902,1.9657,3.9068,0.78009,2.1421,3.9582,1.6015,1.8361,4.2589,2.4686,2.724,4.9923,1.4449,2.3901,3.26,5.9252,2.8799,2.2032,1.8598,1.8013,3.4743,1.9784,3.0268,4.3032,2.013,1.9497,4.751,1.0977,2.5794,4.2701,1.8806,2.1506,4.8604,1.6134,1.8057,3.9667,1.6043,2.0106,3.3941,1.0071,2.7795,3.5564,0.90647,2.8339,3.8044,1.3759,2.388,3.8423,1.1201,2.8,3.6458,1.8392,1.8007,4.0944,0.91213,2.4614,2.7716,1.9099,2.0684,4.3845,0.066654,2.7972,2.8317,1.087,1.9611,4.2606,0.94509,2.3383,3.0064,1.6323,2.3957,4.5869,0.97932,2.0893,2.8331,0.74441,1.9995,2.7442,1.613,1.8051,3.9686,0.91278,2.4608,2.7722,1.3816,1.5869,3.8361,2.773,2.5905,4.6388,1.0844,2.1371,3.6274,1.1185,2.802,3.6469,1.9759,1.987,4.4762,1.0855,1.9622,4.2599,1.853,1.6503,3.45,1.6623,2.4799,3.9992,2.1105,2.5553,4.9227,2.156,2.3802,3.7112,1.1831,3.0752,3.4156,1.446,1.4656,4.2333,0.61636,3.0002,3.6105,1.6251,1.7536,4.2345,0.74518,1.9979,2.7432,0.68969,2.1943,3.9435,2.69,2.6027,4.5381,1.9906,2.1289,3.4393,1.3817,2.9247,3.537,1.0815,2.191,3.6361,2.5308,1.9986,4.4683,1.4915,1.7352,4.4227,1.6111,2.5929,3.5824,2.0628,2.2866,4.0714,2.7131,2.3753,5.0133,0.44239,2.5318,2.9549
7.5391e-05,11.514,7.5391e-05,11.56,12.028,11.546,11.323,11.885,11.511,12.026,11.949,11.418,11.887,12.209,10.944,11.421,11.739,11.866,11.61,11.593,11.32,10.948,12.068,11.365,10.954,11.679,10.742,11.265,11.442,12.145,10.836,11.442,11.436,11.554,10.784,11.992,11.806,12.048,11.933,10.964,11.64,11.937,11.707,11.053,11.863,11.072,11.652,11.843,11.837,12.0,11.775,11.657,11.39,11.665,12.134,11.514,11.854,11.587,11.897,11.375,11.095,12.183,11.865,11.715,11.894,10.915,11.497,11.534,11.569,11.145,12.264,11.451,11.604,11.21,11.764,11.574,11.203,11.492,11.619,11.556,11.893,12.051,11.476,11.793,11.789,11.012,11.479,11.171,11.785,11.437,11.534,11.402,11.64,11.598,11.128,11.414,11.67,11.23,11.622,11.727,11.075,11.507,11.873,11.958,11.783,11.607,11.678,11.475,11.906,11.399,11.145,11.247,11.973,11.47,11.699,11.614,10.815,11.865,11.612,11.521,11.607,11.692,10.987,11.637,11.56,11.142,11.362,11.311,11.865,10.702,11.752,11.928,11.676,11.616,11.831,11.598,11.415,12.021,11.815,11.436,11.514,11.78,11.468,11.103,11.306,12.135,11.349,11.578,11.704,10.821,11.393,11.858,11.137,11.455,12.457,11.469,10.581,11.832,11.762,11.782,11.363,11.908,11.567,11.288,10.6,11.191,11.196,11.59,11.009,11.498,11.71,10.902,11.643,11.294,11.618,11.365,11.34,11.312,11.49,11.4,11.514,11.837,11.208,11.814,11.847,11.281,11.778,11.648,11.648,11.679,11.28,11.687,11.8,11.668,11.443,11.86,11.443,11.72,11.34,11.926,11.483,11.434,11.276,11.52,11.335,11.447,11.302,11.813,11.582,11.409,11.663,11.704,11.386,11.434,11.271,11.397,11.839,11.409,11.48,11.597,11.453,11.648,11.577,11.559,11.488,11.653,11.815,11.366,12.111,11.138,11.612,11.63,11.723,11.403,11.597,11.759,11.088,11.519,11.604,11.126,11.623,10.883,11.888,11.54,11.136,11.468,11.579,11.067,11.806,11.978,11.942,11.106,11.813,11.379,11.624,11.454,10.828,11.465,11.967,11.473,11.143,11.249,12.343,11.987,11.41,11.819,10.494,10.581,11.12,11.809,11.454,11.244,11.92,11.612,11.508,11.243,10.907,11.794,11.541,11.881,11.922,8.1423e-05,7.5188e-05,7.6559e-05,7.7299e-05,7.3475e-05,7.002e-05,8.0801e-05,7.8516e-05,8.0224e-05,7.5612e-05,7.3829e-05,7.8963e-05,7.644e-05,7.3569e-05,7.3665e-05,7.6003e-05,8.1831e-05,7.7301e-05,7.2986e-05,7.5278e-05,7.8614e-05,7.7717e-05,7.4802e-05,7.6178e-05,8.0649e-05,7.7534e-05,7.4723e-05,7.873e-05,7.2176e-05,7.8057e-05,7.5951e-05,7.1803e-05,7.3364e-05,7.2824e-05,7.4665e-05,7.8503e-05,7.8678e-05,7.7327e-05,7.3996e-05,7.2164e-05,7.3963e-05,7.3756e-05,7.8933e-05,7.6686e-05,7.6693e-05,7.305e-05,7.7605e-05,7.6012e-05,7.5209e-05,7.4292e-05,7.3176e-05,7.5965e-05,7.6354e-05,7.5552e-05,7.6753e-05,7.9494e-05,7.9457e-05,8.0424e-05,7.5498e-05,7.3299e-05,7.3461e-05,7.4611e-05,7.802e-05,7.569e-05,7.7548e-05,7.1943e-05,7.2464e-05,7.9137e-05,7.3644e-05,7.2248e-05,7.3876e-05,7.3696e-05,7.3297e-05,8.0105e-05,7.3288e-05,7.6727e-05,7.4491e-05,7.4651e-05,7.5983e-05,8.0882e-05,7.4273e-05,7.3647e-05,7.4421e-05,7.9005e-05,7.6171e-05,7.8898e-05,7.2938e-05,7.2389e-05,7.5399e-05,7.3264e-05,7.766e-05,7.9861e-05,7.6491e-05,8.1809e-05,7.8797e-05,7.6673e-05,7.4063e-05,7.019e-05,7.5918e-05,7.4659e-05,7.2958e-05,7.2368e-05,7.2523e-05,7.3241e-05,8.1711e-05,7.2755e-05,7.5664e-05,7.7788e-05,7.1804e-05,7.3664e-05,7.7266e-05,7.6977e-05,7.3368e-05,7.7373e-05,7.2207e-05,7.4652e-05,7.3576e-05,7.4848e-05,7.6578e-05,7.2876e-05,7.2837e-05,7.8253e-05,7.5057e-05,7.5724e-05,8.0405e-05,7.3412e-05,7.7296e-05,8.0985e-05,7.3926e-05,7.2967e-05,7.3618e-05,7.5161e-05,7.5886e-05,7.568e-05,7.7145e-05,7.4173e-05,7.7753e-05,7.0149e-05,7.3334e-05,7.2667e-05,6.9976e-05,7.0747e-05,7.559e-05,7.0967e-05,7.6914e-05,7.4061e-05,7.7777e-05,7.9977e-05,7.5361e-05,7.3799e-05,7.4045e-05,7.7127e-05,7.496e-05,7.6324e-05,7.7124e-05,7.2959e-05,7.2812e-05,8.1731e-05,7.3868e-05,7.2054e-05,7.1644e-05,7.438e-05,7.8864e-05,8.0459e-05,7.1982e-05,7.7761e-05,7.3907e-05,7.2966e-05,7.1425e-05,7.6298e-05,7.4786e-05,7.2e-05,7.2767e-05,7.8098e-05,7.5239e-05,7.7156e-05,7.5078e-05,7.6128e-05,7.5539e-05,7.7783e-05,7.4322e-05,7.269e-05,7.6834e-05,7.4776e-05,7.8638e-05,7.3874e-05,7.6302e-05,7.5732e-05,7.3062e-05,7.9922e-05,7.5036e-05,7.2754e-05,7.5024e-05,7.4839e-05,7.3273e-05,7.2763e-05,8.3188e-05,7.8893e-05,7.3383e-05,7.8868e-05,7.6017e-05,7.5806e-05,7.3295e-05,7.6696e-05,7.6384e-05,7.8543e-05,7.3188e-05,7.6909e-05,7.3633e-05,7.8131e-05,7.7229e-05,7.4682e-05,7.2146e-05,7.3847e-05,7.573e-05,7.3926e-05,7.3513e-05,7.37e-05,7.5482e-05,7.3088e-05,7.4814e-05,7.2718e-05,8.0758e-05,7.3722e-05,7.5376e-05,7.6433e-05,7.7735e-05,7.2799e-05,7.3832e-05,7.438e-05,7.744e-05,7.2988e-05,7.5754e-05,7.3628e-05,7.2946e-05,7.9067e-05,7.6127e-05,7.4548e-05,7.4913e-05,7.3251e-05,7.3078e-05,7.7065e-05,7.2286e-05,7.3487e-05,7.5371e-05,7.4941e-05,7.2869e-05,7.5356e-05,6.9866e-05,7.2583e-05,7.9322e-05,7.3628e-05,8.0037e-05,7.4694e-05,7.1602e-05,7.5144e-05,7.3792e-05,7.3396e-05,7.7405e-05,7.4846e-05,7.5654e-05,7.35e-05,7.4764e-05,7.6496e-05,7.6209e-05,7.8393e-05,7.2117e-05,7.2648e-05,7.839e-05,7.6494e-05,7.3476e-05,7.2882e-05,7.3173e-05,7.6659e-05,7.3511e-05,7.3846e-05,7.5053e-05,7.5705e-05,652860.0,527600.0,4051000.0,2361500.0,1063500.0,5504200.0,2008000.0,2411200.0,2983400.0,2907700.0,715790.0,4946000.0,1272400.0,3886200.0,2497000.0,4962200.0,4006100.0,1313700.0,3439700.0,2457300.0,3280300.0,11623000.0,939160.0,6172800.0,733680.0,8929900.0,1559800.0,1804700.0,799240.0,3153800.0,1663100.0,5695800.0,23134000.0,2470300.0,2681400.0,4250800.0,1211200.0,1483800.0,1623100.0,2037800.0,1036500.0,2054600.0,998900.0,7322600.0,2384900.0,1789300.0,1464100.0,2229500.0,15638000.0,933030.0,7138100.0,3914300.0,695400.0,3830400.0,1057500.0,2604500.0,17325000.0,31464000.0,2325700.0,1698300.0,1501900.0,2783800.0,1015700.0,1887600.0,3336500.0,787200.0,2814400.0,1901400.0,3839200.0,2700300.0,1417200.0,1096800.0,14691000.0,5032200.0,1313700.0,3541200.0,1639800.0,944740.0,2521800.0,3636500.0,1267500.0,875270.0,2074100.0,856130.0,1823800.0,2791600.0,4851100.0,4107200.0,2293000.0,5593500.0,1274600.0,9165300.0,4558400.0,997350.0,1628100.0,875890.0,1738300.0,3439800.0,9756100.0,1694900.0,16185000.0,1389000.0,9707100.0,1601000.0,3111800.0,1248900.0,1595600.0,12279000.0,5012700.0,2131600.0,3788800.0,2346100.0,1178000.0,645020.0,3343500.0,11411000.0,2365500.0,1449300.0,738260.0,1883600.0,722040.0,1169800.0,2174300.0,8636100.0,4069700.0,2575300.0,3026200.0,2316200.0,1468700.0,757990.0,10124000.0,2341800.0,3477500.0,2031800.0,1344300.0,1016600.0,1973900.0,1030900.0,2818800.0,3841500.0,1137500.0,1448700.0,2060900.0,1490700.0,2159300.0,2379200.0,867820.0,6776700.0,1483200.0,9209400.0,6039000.0,796610.0,10241000.0,798180.0,1257100.0,18495000.0,669880.0,11896000.0,704520.0,5463300.0,3620500.0,3728500.0,2594300.0,5128500.0,4299400.0,4138300.0,945220.0,4052400.0,1605800.0,6226400.0,1476500.0,7458600.0,1058700.0,729360.0,3925100.0,2935000.0,1917500.0,8220700.0,2222600.0,929290.0,1207100.0,3637800.0,3493100.0,1909700.0,1445200.0,720570.0,6685600.0,5169700.0,2290100.0,619540.0,17391000.0,3256600.0,5152600.0,1119800.0,17904000.0,5318100.0,1077700.0,8409500.0,1326800.0,1407500.0,3909300.0,5195800.0,785010.0,1609000.0,953500.0,1742800.0,1536400.0,1428600.0,7692300.0,2295200.0,1389900.0,12034000.0,2729100.0,1213300.0,1238200.0,3194500.0,932670.0,4580100.0,1110300.0,1813100.0,7912700.0,4355400.0,685140.0,1393400.0,9817300.0,5161200.0,4960900.0,15079000.0,2942700.0,1891900.0,2294600.0,2933500.0,3129200.0,1844900.0,1714400.0,2219900.0,1469200.0,7074000.0,638180.0,3583000.0,8148600.0,8705300.0,1826300.0,5270900.0,3949100.0,4910800.0,847070.0,1117100.0,5283500.0,1523800.0,6462500.0,3415400.0,6961300.0,1931200.0,1605900.0,1559300.0,1065700.0,1101400.0,2250300.0,1018100.0,5082200.0,3404400.0,3048000.0,2817500.0,2386500.0,1906100.0,15335000.0,13457000.0,3518500.0,3147900.0,1932600.0,4368700.0,3283600.0,640970.0,2021700.0,760960.0,3461100.0,1947300.0,1.5241,1.8373,4.1747,1.2783,2.2252,4.2225,1.2316,1.9876,4.2329,2.4995,2.6631,4.3031,0.85827,2.0617,4.2164,1.5204,2.4823,3.8936,3.0045,2.8387,5.8137,1.2299,1.989,4.2335,1.7482,1.7189,4.2482,1.2773,2.2267,4.2237,0.85853,2.0616,4.2157,2.8893,2.8355,4.5066,5.7147,2.7777,1.4724,1.2355,2.8469,3.6206,0.95793,2.1446,3.0241,2.4832,2.0495,4.4433,1.4727,1.6776,3.9048,0.65948,2.5684,3.8861,2.0053,1.7621,3.4724,1.0709,2.4481,3.0528,0.2739,2.2845,3.5661,1.7866,1.6722,3.3868,2.1493,2.8273,4.4552,1.7869,1.6687,3.3896,1.4765,1.6757,3.9055,0.39651,2.1316,3.2063,2.0332,2.3524,4.3838,1.4739,1.6648,3.199,0.83236,1.8708,2.7756,3.0063,2.8415,5.8124,2.0062,1.7595,3.4735,1.0067,2.7156,2.8788,1.8175,2.5893,4.0006,0.63141,1.8667,2.7993,1.0707,2.4465,3.0512,1.8979,1.9141,4.493,1.6791,1.6971,3.8957,0.50973,2.2005,3.7445,1.1931,2.4162,3.7872,1.0064,2.0571,3.2733,2.5437,2.2957,4.2868,2.0673,2.1458,4.6737,1.4784,1.6764,3.9095,1.8968,1.9165,4.4927,1.4901,2.1693,3.2681,0.8238,2.0768,3.1908,2.4174,2.3699,4.3117,1.9472,2.6027,4.894,1.9402,2.5949,4.8839,2.5439,2.2958,4.2857,1.2875,2.4854,3.9483,1.6861,2.2311,4.2927,2.0661,3.0644,4.0108,0.49923,2.4703,2.4723,1.5428,2.0549,4.6057,2.08,3.0674,4.0282,0.39435,2.3728,3.4406,1.6613,1.6323,4.0829,0.71041,2.0199,3.1005,2.2436,2.2392,4.6446,0.62203,2.6207,2.9925,1.0062,2.0603,3.2738,0.13392,2.8899,1.9794,1.9943,1.9839,4.5862,2.5443,2.296,4.2885,2.6794,2.3394,5.2023,2.1539,2.8265,4.4574,1.0793,1.8519,3.9435,4.6166,3.0016,0.50459,0.88831,2.1164,3.0567,1.3057,2.1012,4.2638,1.0556,2.0866,3.4938,2.3207,2.7572,4.5922,1.7006,1.6014,4.159,1.1406,2.559,3.0643,0.74868,2.4247,3.7703,2.053,1.9306,3.7409,1.6004,2.4368,3.4687,1.6627,2.5202,3.6079,1.6602,1.6811,4.2495,2.118,2.8132,4.5948,2.1196,2.8138,4.5935,3.3513,2.7825,6.1124,1.6997,1.6013,4.159,1.7012,2.0062,3.4535,2.1325,2.9382,4.927,1.1424,2.5588,3.0674,2.6402,2.4471,4.9916,1.0224,2.6024,4.0652,1.6022,2.436,3.4689,1.1865,1.796,4.103,1.6608,1.6325,4.0848,1.7016,2.0057,3.4525,0.28865,2.9478,3.3347,2.8689,2.2927,4.5602,1.3174,1.9511,4.2043,1.2441,2.6909,3.3163,1.4643,2.459,3.3428,1.8404,1.987,3.7268,1.9513,2.3345,3.9913,1.0976,2.2824,3.1895,2.5404,2.0507,5.1494,1.2413,2.6903,3.3111,1.4635,2.4599,3.3409,0.28861,2.9473,3.3361,0.67746,1.8053,2.9162,1.7016,2.0287,4.4196,1.4675,1.8655,4.1179,5.543,2.9021,1.8545,0.81906,2.1223,2.7795,1.0226,2.6032,4.0663,2.1501,2.5239,3.6205,2.6418,2.4455,4.9935,2.7989,2.7062,4.5191,2.1654,2.5312,4.5369,2.349,2.1019,4.1931,0.76611,1.9877,3.3506,0.32204,2.475,2.8773,0.60441,2.1401,3.7142,2.3861,2.5115,4.4288,0.74472,2.4656,2.8487,1.2554,1.5813,4.2873,1.7013,2.0061,3.451,0.0050454,2.6894,2.0489,3.2064,2.9388,6.1971,0.74022,2.4662,2.8463,1.6603,1.6339,4.0883,1.4936,1.8635,3.1829,0.73978,2.4657,2.8454,2.1687,2.3479,4.9567,1.1413,2.5623,3.0669,1.0014,1.9628,3.5036,0.53344,1.9779,3.2567,1.7001,2.0074,3.4508,2.3861,2.0794,4.1964,2.1411,2.1544,4.9782,1.2897,1.7553,3.799,0.68243,1.9762,2.756,2.1406,2.1535,4.9793,2.318,2.1836,4.4579,1.5669,2.2868,3.9626,4.1926,3.0104,0.12702,1.9554,2.3352,3.9951,0.83921,1.9643,4.1175,1.1725,2.5707,4.2135,3.5119,2.8547,6.0743,1.5317,1.6172,3.2864,0.32503,2.2969,3.4114,5.1374,2.9924,1.0787,0.55379,2.7849,3.2492,1.2637,2.5059,2.9756,2.1407,2.1536,4.9817,1.4733,2.0953,4.3487,1.5252,1.6218,3.2862,1.3779,2.9306,3.3644,0.44721,2.4505,2.7147,0.92459,2.4546,2.9988,0.22214,2.6181,3.3412,1.6114,2.2543,4.124,0.44159,2.4479,2.7092,1.0486,2.1675,3.6612,1.3944,1.8085,4.293,0.32533,2.2983,3.4098,1.5289,1.6174,3.2864,0.44368,2.4509,2.7123,2.975,2.8701,5.8917,2.0092,2.6,4.0362,1.9691,2.1767,4.5864,2.6381,2.7753,5.2773,1.8895,1.9667,3.9049,1.2938,1.8187,3.6872,2.1423,2.1545,4.9813,1.4031,2.6597,4.01,1.1132,3.0857,2.9566,4.6916,2.9878,0.41637,1.2551,2.6827,4.3323,1.9034,1.9592,3.8848,1.2442,2.6358,2.8623,0.35232,2.7741,2.9431,0.93873,2.8891,4.1316,0.56882,2.5206,2.5775,0.69916,1.9299,2.9948,0.54689,2.3944,3.4309,1.5673,2.1751,4.2267,1.2535,2.6841,4.3329,0.63667,1.9466,3.1211,1.9784,1.8986,3.8193,1.1932,1.8477,3.6441,2.4708,2.7242,4.9923,1.3772,1.5208,4.1734,1.3909,2.1561,3.1757,0.63826,1.9465,3.1204,0.45923,2.4507,2.5656,1.6131,2.2519,4.1266,2.4673,2.7241,4.9903,0.63716,1.9472,3.119,1.5636,1.714,3.3268,0.51835,3.0392,2.4345,0.57035,2.5209,2.5805,2.9041,2.7439,5.8835,6.172,2.8627,2.5367,4.6808,2.9902,0.40359,2.3484,2.4101,3.7567,0.84937,3.0826,3.63,1.441,2.2523,3.5657,0.83133,3.0801,3.6117,2.3684,2.2382,3.8115,1.1921,1.8486,3.6431,2.4263,2.3369,4.5577,2.5835,2.6258,4.0286,1.259,2.6845,4.3353,1.8906,1.9657,3.9066,1.1213,2.7989,3.6467,2.4542,2.4869,5.097,1.6068,2.6228,3.2977,2.1688,2.1867,4.1014,0.78742,1.9022,3.3723,2.3486,2.4105,3.7548,2.3504,2.4122,3.7572,2.1833,1.8849,4.8996,2.6472,2.2912,4.7935,2.3666,2.2392,3.8111,1.3811,1.5863,3.8343,2.4711,2.7216,4.9951,1.8902,1.9657,3.9068,0.78009,2.1421,3.9582,1.6015,1.8361,4.2589,2.4686,2.724,4.9923,1.4449,2.3901,3.26,5.9252,2.8799,2.2032,1.8598,1.8013,3.4743,1.9785,3.0268,4.3032,2.013,1.9497,4.751,1.0977,2.5794,4.2701,1.8806,2.1506,4.8604,1.6134,1.8057,3.9667,1.6043,2.0106,3.3941,1.0071,2.7795,3.5564,0.90648,2.8339,3.8044,1.3759,2.388,3.8423,1.1201,2.8,3.6459,1.8392,1.8007,4.0944,0.91213,2.4614,2.7716,1.9099,2.0683,4.3845,0.066655,2.7972,2.8317,1.087,1.9611,4.2606,0.9451,2.3383,3.0064,1.6323,2.3957,4.5869,0.97932,2.0893,2.8331,0.74441,1.9995,2.7442,1.613,1.8052,3.9686,0.91278,2.4608,2.7722,1.3816,1.5869,3.8361,2.773,2.5905,4.6388,1.0844,2.1371,3.6274,1.1185,2.802,3.6469,1.9759,1.987,4.4762,1.0855,1.9622,4.2599,1.853,1.6503,3.45,1.6623,2.4799,3.9992,2.1105,2.5553,4.9227,2.156,2.3802,3.7112,1.1831,3.0752,3.4156,1.446,1.4656,4.2333,0.61637,3.0002,3.6105,1.6251,1.7536,4.2345,0.74518,1.9979,2.7432,0.68969,2.1943,3.9435,2.6899,2.6027,4.5381,1.9906,2.1289,3.4393,1.3817,2.9247,3.537,1.0815,2.191,3.6361,2.5308,1.9986,4.4683,1.4915,1.7352,4.4227,1.6111,2.5929,3.5824,2.0628,2.2866,4.0714,2.7131,2.3752,5.0133,0.44239,2.5318,2.9549
0.00014324,21.876,0.00014324,21.964,22.853,21.937,21.513,22.581,21.871,22.848,22.703,21.693,22.584,23.196,20.794,21.699,22.302,22.544,22.059,22.025,21.506,20.8,22.928,21.592,20.812,22.19,20.409,21.402,21.738,23.075,20.588,21.74,21.727,21.951,20.489,22.784,22.43,22.891,22.671,20.83,22.114,22.68,22.243,20.999,22.538,21.036,22.138,22.501,22.49,22.8,22.372,22.147,21.641,22.162,23.055,21.876,22.522,22.015,22.603,21.613,21.079,23.146,22.543,22.258,22.597,20.737,21.843,21.914,21.98,21.174,23.301,21.756,22.047,21.298,22.351,21.99,21.285,21.833,22.075,21.956,22.596,22.895,21.804,22.407,22.399,20.921,21.809,21.225,22.391,21.729,21.914,21.663,22.115,22.036,21.143,21.687,22.173,21.336,22.082,22.281,21.041,21.862,22.557,22.719,22.388,22.052,22.187,21.802,22.62,21.658,21.174,21.369,22.748,21.792,22.226,22.065,20.547,22.543,22.062,21.888,22.052,22.213,20.874,22.11,21.964,21.17,21.587,21.49,22.543,20.334,22.328,22.663,22.183,22.07,22.477,22.035,21.687,22.84,22.448,21.727,21.876,22.381,21.788,21.094,21.48,23.056,21.562,21.998,22.237,20.56,21.646,22.53,21.159,21.764,23.668,21.791,20.103,22.48,22.347,22.385,21.59,22.625,21.976,21.446,20.139,21.263,21.272,22.02,20.916,21.846,22.248,20.714,22.121,21.458,22.073,21.592,21.546,21.491,21.829,21.66,21.876,22.49,21.294,22.445,22.507,21.433,22.377,22.13,22.13,22.189,21.431,22.204,22.419,22.169,21.742,22.533,21.741,22.267,21.546,22.659,21.818,21.725,21.424,21.887,21.535,21.747,21.473,22.444,22.005,21.675,22.158,22.236,21.632,21.724,21.414,21.654,22.493,21.676,21.811,22.033,21.76,22.13,21.996,21.962,21.827,22.14,22.448,21.595,23.01,21.162,22.061,22.097,22.272,21.664,22.034,22.341,21.066,21.886,22.047,21.138,22.083,20.677,22.586,21.925,21.158,21.788,21.999,21.026,22.43,22.757,22.688,21.1,22.444,21.619,22.084,21.763,20.572,21.784,22.737,21.798,21.17,21.371,23.451,22.774,21.677,22.456,19.937,20.103,21.127,22.436,21.762,21.363,22.647,22.062,21.864,21.361,20.722,22.408,21.927,22.573,22.652,0.0001547,0.00014285,0.00014546,0.00014686,0.0001396,0.00013303,0.00015352,0.00014917,0.00015242,0.00014366,0.00014027,0.00015002,0.00014523,0.00013977,0.00013996,0.0001444,0.00015547,0.00014687,0.00013867,0.00014302,0.00014936,0.00014766,0.00014212,0.00014473,0.00015323,0.00014731,0.00014197,0.00014958,0.00013713,0.0001483,0.0001443,0.00013642,0.00013939,0.00013836,0.00014186,0.00014915,0.00014948,0.00014692,0.00014059,0.00013711,0.00014052,0.00014013,0.00014997,0.0001457,0.00014571,0.00013879,0.00014745,0.00014442,0.00014289,0.00014115,0.00013903,0.00014433,0.00014507,0.00014354,0.00014583,0.00015103,0.00015096,0.0001528,0.00014344,0.00013926,0.00013957,0.00014175,0.00014823,0.0001438,0.00014734,0.00013669,0.00013768,0.00015036,0.00013992,0.00013726,0.00014036,0.00014002,0.00013926,0.00015219,0.00013924,0.00014578,0.00014153,0.00014183,0.00014436,0.00015367,0.00014111,0.00013992,0.00014139,0.0001501,0.00014472,0.0001499,0.00013858,0.00013753,0.00014325,0.0001392,0.00014755,0.00015173,0.00014533,0.00015543,0.00014971,0.00014567,0.00014071,0.00013336,0.00014424,0.00014185,0.00013862,0.00013749,0.00013779,0.00013915,0.00015525,0.00013823,0.00014376,0.00014779,0.00013642,0.00013996,0.0001468,0.00014625,0.00013939,0.000147,0.00013719,0.00014183,0.00013979,0.00014221,0.00014549,0.00013846,0.00013838,0.00014868,0.0001426,0.00014387,0.00015276,0.00013948,0.00014686,0.00015387,0.00014045,0.00013863,0.00013987,0.0001428,0.00014418,0.00014379,0.00014657,0.00014092,0.00014772,0.00013328,0.00013933,0.00013806,0.00013295,0.00013441,0.00014361,0.00013483,0.00014613,0.00014071,0.00014777,0.00015195,0.00014318,0.00014021,0.00014068,0.00014654,0.00014242,0.00014501,0.00014653,0.00013862,0.00013834,0.00015528,0.00014034,0.0001369,0.00013612,0.00014132,0.00014983,0.00015287,0.00013676,0.00014774,0.00014042,0.00013863,0.0001357,0.00014496,0.00014209,0.00013679,0.00013825,0.00014838,0.00014295,0.00014659,0.00014264,0.00014464,0.00014352,0.00014778,0.0001412,0.0001381,0.00014598,0.00014207,0.00014941,0.00014035,0.00014497,0.00014389,0.00013881,0.00015185,0.00014256,0.00013823,0.00014254,0.00014219,0.00013921,0.00013824,0.00015805,0.00014989,0.00013942,0.00014984,0.00014443,0.00014403,0.00013925,0.00014572,0.00014512,0.00014923,0.00013905,0.00014612,0.0001399,0.00014844,0.00014673,0.00014189,0.00013707,0.0001403,0.00014388,0.00014045,0.00013967,0.00014002,0.00014341,0.00013886,0.00014214,0.00013816,0.00015343,0.00014007,0.00014321,0.00014522,0.00014769,0.00013831,0.00014028,0.00014131,0.00014713,0.00013867,0.00014393,0.00013989,0.00013859,0.00015022,0.00014464,0.00014164,0.00014233,0.00013917,0.00013884,0.00014642,0.00013734,0.00013962,0.0001432,0.00014238,0.00013844,0.00014317,0.00013274,0.0001379,0.00015071,0.00013989,0.00015207,0.00014191,0.00013604,0.00014277,0.0001402,0.00013945,0.00014706,0.0001422,0.00014374,0.00013964,0.00014205,0.00014534,0.00014479,0.00014894,0.00013702,0.00013803,0.00014894,0.00014533,0.0001396,0.00013847,0.00013902,0.00014565,0.00013967,0.0001403,0.00014259,0.00014383,652860.0,527600.0,4051000.0,2361500.0,1063500.0,5504200.0,2008000.0,2411200.0,2983400.0,2907700.0,715790.0,4946000.0,1272400.0,3886200.0,2497000.0,4962200.0,4006100.0,1313700.0,3439700.0,2457300.0,3280300.0,11623000.0,939160.0,6172800.0,733680.0,8929900.0,1559800.0,1804700.0,799240.0,3153800.0,1663100.0,5695800.0,23134000.0,2470300.0,2681400.0,4250800.0,1211200.0,1483800.0,1623100.0,2037800.0,1036500.0,2054600.0,998900.0,7322600.0,2384900.0,1789300.0,1464100.0,2229500.0,15638000.0,933030.0,7138100.0,3914300.0,695400.0,3830400.0,1057500.0,2604500.0,17325000.0,31464000.0,2325700.0,1698300.0,1501900.0,2783800.0,1015700.0,1887600.0,3336500.0,787200.0,2814400.0,1901400.0,3839200.0,2700300.0,1417200.0,1096800.0,14691000.0,5032200.0,1313700.0,3541200.0,1639800.0,944740.0,2521800.0,3636500.0,1267500.0,875270.0,2074100.0,856130.0,1823800.0,2791600.0,4851100.0,4107200.0,2293000.0,5593500.0,1274600.0,9165300.0,4558400.0,997350.0,1628100.0,875890.0,1738300.0,3439800.0,9756100.0,1694900.0,16185000.0,1389000.0,9707100.0,1601000.0,3111800.0,1248900.0,1595600.0,12279000.0,5012700.0,2131600.0,3788800.0,2346100.0,1178000.0,645020.0,3343500.0,11411000.0,2365500.0,1449300.0,738260.0,1883600.0,722040.0,1169800.0,2174300.0,8636100.0,4069700.0,2575300.0,3026200.0,2316200.0,1468700.0,757990.0,10124000.0,2341800.0,3477500.0,2031800.0,1344300.0,1016600.0,1973900.0,1030900.0,2818800.0,3841500.0,1137500.0,1448700.0,2060900.0,1490700.0,2159300.0,2379200.0,867820.0,6776700.0,1483200.0,9209400.0,6039000.0,796610.0,10241000.0,798180.0,1257100.0,18495000.0,669880.0,11896000.0,704520.0,5463300.0,3620500.0,3728500.0,2594300.0,5128500.0,4299400.0,4138300.0,945220.0,4052400.0,1605800.0,6226400.0,1476500.0,7458600.0,1058700.0,729360.0,3925100.0,2935000.0,1917500.0,8220700.0,2222600.0,929290.0,1207100.0,3637800.0,3493100.0,1909700.0,1445200.0,720570.0,6685600.0,5169700.0,2290100.0,619540.0,17391000.0,3256600.0,5152600.0,1119800.0,17904000.0,5318100.0,1077700.0,8409500.0,1326800.0,1407500.0,3909300.0,5195800.0,785010.0,1609000.0,953500.0,1742800.0,1536400.0,1428600.0,7692300.0,2295200.0,1389900.0,12034000.0,2729100.0,1213300.0,1238200.0,3194500.0,932670.0,4580100.0,1110300.0,1813100.0,7912700.0,4355400.0,685140.0,1393400.0,9817300.0,5161200.0,4960900.0,15079000.0,2942700.0,1891900.0,2294600.0,2933500.0,3129200.0,1844900.0,1714400.0,2219900.0,1469200.0,7074000.0,638180.0,3583000.0,8148600.0,8705300.0,1826300.0,5270900.0,3949100.0,4910800.0,847070.0,1117100.0,5283500.0,1523800.0,6462500.0,3415400.0,6961300.0,1931200.0,1605900.0,1559300.0,1065700.0,1101400.0,2250300.0,1018100.0,5082200.0,3404400.0,3048000.0,2817500.0,2386500.0,1906100.0,15335000.0,13457000.0,3518500.0,3147900.0,1932600.0,4368700.0,3283600.0,640970.0,2021700.0,760960.0,3461100.0,1947300.0,1.5241,1.8373,4.1747,1.2783,2.2252,4.2225,1.2316,1.9876,4.2329,2.4995,2.6631,4.3031,0.85827,2.0617,4.2164,1.5204,2.4823,3.8936,3.0045,2.8387,5.8137,1.2299,1.989,4.2335,1.7482,1.7189,4.2482,1.2773,2.2267,4.2237,0.85853,2.0616,4.2157,2.8893,2.8356,4.5066,5.7147,2.7777,1.4724,1.2355,2.8469,3.6206,0.95793,2.1446,3.0241,2.4832,2.0495,4.4433,1.4727,1.6776,3.9048,0.65949,2.5684,3.8861,2.0053,1.7621,3.4724,1.0709,2.4481,3.0528,0.2739,2.2845,3.5661,1.7866,1.6722,3.3868,2.1493,2.8273,4.4552,1.7869,1.6687,3.3896,1.4765,1.6757,3.9055,0.39652,2.1316,3.2063,2.0332,2.3524,4.3838,1.4739,1.6648,3.199,0.83236,1.8708,2.7756,3.0063,2.8415,5.8124,2.0062,1.7595,3.4735,1.0067,2.7156,2.8788,1.8175,2.5893,4.0006,0.63141,1.8667,2.7993,1.0707,2.4465,3.0512,1.8979,1.9141,4.493,1.6791,1.6971,3.8957,0.50973,2.2005,3.7445,1.1931,2.4162,3.7872,1.0064,2.0571,3.2733,2.5437,2.2957,4.2868,2.0672,2.1458,4.6737,1.4784,1.6764,3.9095,1.8968,1.9165,4.4927,1.4901,2.1693,3.2681,0.8238,2.0768,3.1908,2.4174,2.3699,4.3117,1.9472,2.6027,4.894,1.9402,2.5949,4.8839,2.5439,2.2958,4.2857,1.2875,2.4854,3.9484,1.6861,2.2311,4.2927,2.0661,3.0644,4.0108,0.49924,2.4703,2.4723,1.5428,2.0549,4.6057,2.0801,3.0674,4.0282,0.39436,2.3728,3.4406,1.6613,1.6323,4.0829,0.71041,2.0199,3.1005,2.2436,2.2392,4.6446,0.62201,2.6207,2.9925,1.0062,2.0603,3.2738,0.13391,2.8899,1.9794,1.9944,1.9839,4.5862,2.5443,2.296,4.2885,2.6794,2.3394,5.2023,2.1539,2.8265,4.4574,1.0793,1.8519,3.9435,4.6166,3.0016,0.50458,0.88831,2.1164,3.0567,1.3057,2.1012,4.2638,1.0556,2.0866,3.4938,2.3207,2.7572,4.5922,1.7006,1.6014,4.159,1.1406,2.559,3.0643,0.74868,2.4247,3.7703,2.053,1.9306,3.7409,1.6004,2.4368,3.4687,1.6627,2.5202,3.6079,1.6602,1.6811,4.2495,2.118,2.8132,4.5948,2.1196,2.8138,4.5935,3.3512,2.7825,6.1124,1.6997,1.6013,4.159,1.7012,2.0062,3.4535,2.1325,2.9382,4.927,1.1424,2.5588,3.0674,2.6402,2.4471,4.9916,1.0224,2.6024,4.0652,1.6023,2.436,3.4689,1.1865,1.796,4.103,1.6608,1.6325,4.0848,1.7016,2.0057,3.4525,0.28865,2.9478,3.3347,2.869,2.2927,4.5602,1.3175,1.9511,4.2043,1.2441,2.6909,3.3163,1.4643,2.459,3.3428,1.8404,1.987,3.7268,1.9513,2.3345,3.9913,1.0976,2.2824,3.1895,2.5404,2.0507,5.1494,1.2413,2.6903,3.3111,1.4635,2.4599,3.3409,0.28861,2.9473,3.3361,0.67747,1.8053,2.9163,1.7016,2.0287,4.4196,1.4675,1.8655,4.1179,5.543,2.9021,1.8545,0.81907,2.1223,2.7795,1.0226,2.6032,4.0663,2.1501,2.5239,3.6205,2.6418,2.4455,4.9935,2.7989,2.7062,4.5191,2.1654,2.5312,4.5369,2.349,2.1019,4.1931,0.76611,1.9877,3.3506,0.32204,2.475,2.8773,0.60441,2.1401,3.7142,2.3861,2.5115,4.4288,0.74473,2.4656,2.8487,1.2554,1.5813,4.2873,1.7013,2.0061,3.451,0.0050567,2.6894,2.0489,3.2064,2.9388,6.1971,0.74022,2.4662,2.8463,1.6603,1.6339,4.0883,1.4936,1.8635,3.1829,0.73979,2.4657,2.8454,2.1687,2.3479,4.9567,1.1413,2.5623,3.0669,1.0014,1.9629,3.5036,0.53344,1.9779,3.2567,1.7001,2.0074,3.4508,2.3861,2.0794,4.1964,2.1411,2.1544,4.9782,1.2897,1.7553,3.799,0.68244,1.9762,2.756,2.1406,2.1535,4.9793,2.318,2.1836,4.4579,1.5669,2.2869,3.9626,4.1925,3.0104,0.127,1.9554,2.3352,3.9951,0.83921,1.9643,4.1175,1.1725,2.5707,4.2135,3.5119,2.8548,6.0743,1.5317,1.6172,3.2864,0.32503,2.297,3.4114,5.1374,2.9924,1.0787,0.5538,2.7849,3.2493,1.2637,2.5059,2.9756,2.1407,2.1536,4.9817,1.4733,2.0953,4.3487,1.5252,1.6218,3.2862,1.3779,2.9306,3.3644,0.44722,2.4505,2.7147,0.92459,2.4546,2.9988,0.22214,2.6181,3.3412,1.6114,2.2543,4.124,0.44159,2.4479,2.7092,1.0486,2.1675,3.6612,1.3944,1.8085,4.293,0.32533,2.2983,3.4098,1.5289,1.6174,3.2864,0.44369,2.4509,2.7123,2.975,2.8701,5.8917,2.0092,2.5999,4.0362,1.9691,2.1767,4.5864,2.6381,2.7753,5.2773,1.8895,1.9667,3.9049,1.2938,1.8187,3.6872,2.1423,2.1545,4.9813,1.4031,2.6597,4.01,1.1132,3.0857,2.9566,4.6916,2.9878,0.41635,1.2551,2.6827,4.3323,1.9034,1.9592,3.8848,1.2442,2.6358,2.8624,0.35233,2.7742,2.9431,0.93874,2.8891,4.1317,0.56882,2.5206,2.5775,0.69916,1.9299,2.9948,0.54689,2.3944,3.4309,1.5673,2.1751,4.2267,1.2535,2.6841,4.3329,0.63668,1.9466,3.1211,1.9784,1.8986,3.8193,1.1932,1.8477,3.6441,2.4708,2.7242,4.9923,1.3772,1.5208,4.1734,1.3909,2.1561,3.1757,0.63827,1.9465,3.1204,0.45924,2.4507,2.5656,1.6131,2.2519,4.1266,2.4673,2.7241,4.9903,0.63717,1.9472,3.119,1.5636,1.714,3.3268,0.51838,3.0392,2.4345,0.57035,2.5209,2.5805,2.9041,2.7439,5.8835,6.172,2.8627,2.5367,4.6807,2.9902,0.40355,2.3484,2.4101,3.7567,0.84943,3.0826,3.63,1.441,2.2523,3.5657,0.83137,3.0802,3.6117,2.3684,2.2382,3.8115,1.1921,1.8486,3.6431,2.4263,2.3369,4.5577,2.5835,2.6258,4.0286,1.259,2.6845,4.3354,1.8906,1.9657,3.9066,1.1213,2.7989,3.6467,2.4542,2.4869,5.097,1.6068,2.6228,3.2977,2.1688,2.1867,4.1014,0.78742,1.9022,3.3723,2.3486,2.4105,3.7548,2.3504,2.4122,3.7572,2.1833,1.8849,4.8996,2.6472,2.2912,4.7935,2.3666,2.2392,3.8111,1.3811,1.5863,3.8343,2.4711,2.7216,4.9951,1.8902,1.9657,3.9068,0.7801,2.1421,3.9582,1.6015,1.8361,4.2589,2.4687,2.724,4.9923,1.4449,2.3901,3.26,5.9252,2.8799,2.2032,1.8598,1.8013,3.4743,1.9785,3.0268,4.3032,2.013,1.9497,4.751,1.0977,2.5794,4.2701,1.8805,2.1506,4.8605,1.6134,1.8057,3.9667,1.6043,2.0106,3.3941,1.0072,2.7795,3.5564,0.90649,2.8339,3.8044,1.3759,2.3881,3.8423,1.1201,2.8,3.6459,1.8392,1.8007,4.0944,0.91214,2.4614,2.7716,1.9099,2.0683,4.3845,0.066659,2.7972,2.8317,1.087,1.9611,4.2606,0.94511,2.3382,3.0064,1.6323,2.3957,4.5869,0.97933,2.0893,2.8331,0.74441,1.9995,2.7442,1.613,1.8052,3.9686,0.91278,2.4608,2.7722,1.3816,1.5869,3.8361,2.773,2.5905,4.6388,1.0844,2.1371,3.6274,1.1185,2.802,3.647,1.9759,1.987,4.4763,1.0855,1.9622,4.2599,1.853,1.6503,3.45,1.6623,2.4799,3.9992,2.1105,2.5553,4.9227,2.156,2.3802,3.7112,1.1831,3.0752,3.4156,1.446,1.4656,4.2333,0.61639,3.0002,3.6106,1.6251,1.7536,4.2345,0.74518,1.9979,2.7432,0.6897,2.1943,3.9435,2.6899,2.6027,4.5381,1.9906,2.1289,3.4393,1.3817,2.9247,3.537,1.0815,2.191,3.6361,2.5308,1.9986,4.4683,1.4915,1.7352,4.4227,1.6111,2.5929,3.5824,2.0628,2.2866,4.0714,2.7131,2.3752,5.0133,0.4424,2.5318,2.9549
0.00024499,37.418,0.00024499,37.567,39.088,37.521,36.796,38.624,37.408,39.079,38.832,37.104,38.628,39.675,35.566,37.114,38.146,38.56,37.729,37.672,36.785,35.576,39.217,36.932,35.597,37.953,34.908,36.607,37.182,39.468,35.214,37.184,37.162,37.546,35.044,38.97,38.364,39.153,38.777,35.629,37.825,38.793,38.045,35.918,38.55,35.98,37.865,38.486,38.468,38.998,38.265,37.88,37.015,37.906,39.433,37.417,38.522,37.654,38.66,36.967,36.054,39.59,38.559,38.07,38.651,35.47,37.361,37.482,37.595,36.216,39.855,37.212,37.709,36.428,38.229,37.612,36.407,37.343,37.758,37.553,38.649,39.16,37.293,38.324,38.311,35.784,37.302,36.303,38.298,37.165,37.483,37.052,37.826,37.691,36.163,37.093,37.924,36.494,37.769,38.11,35.988,37.394,38.582,38.858,38.293,37.718,37.949,37.291,38.689,37.044,36.217,36.55,38.909,37.274,38.017,37.74,35.144,38.558,37.735,37.438,37.717,37.994,35.704,37.817,37.567,36.209,36.923,36.756,38.558,34.779,38.19,38.763,37.942,37.749,38.446,37.689,37.094,39.066,38.396,37.162,37.417,38.282,37.266,36.08,36.74,39.436,36.88,37.625,38.035,35.166,37.024,38.536,36.19,37.226,40.481,37.271,34.384,38.45,38.222,38.288,36.927,38.698,37.588,36.681,34.447,36.368,36.384,37.664,35.775,37.366,38.054,35.429,37.836,36.702,37.755,36.932,36.852,36.758,37.338,37.047,37.417,38.468,36.422,38.391,38.497,36.66,38.274,37.852,37.852,37.953,36.656,37.979,38.346,37.918,37.187,38.541,37.185,38.086,36.852,38.756,37.317,37.158,36.644,37.435,36.834,37.197,36.728,38.389,37.639,37.074,37.9,38.033,36.999,37.157,36.627,37.037,38.472,37.075,37.306,37.686,37.219,37.853,37.621,37.564,37.332,37.868,38.396,36.936,39.356,36.197,37.734,37.795,38.094,37.054,37.687,38.212,36.032,37.434,37.709,36.155,37.771,35.366,38.631,37.501,36.188,37.267,37.627,35.963,38.364,38.924,38.806,36.089,38.389,36.978,37.774,37.223,35.186,37.259,38.89,37.284,36.209,36.554,40.111,38.952,37.077,38.409,34.101,34.384,36.136,38.375,37.222,36.54,38.735,37.734,37.396,36.536,35.443,38.327,37.504,38.608,38.743,0.0002646,0.00024434,0.00024879,0.0002512,0.00023877,0.00022754,0.00026258,0.00025515,0.0002607,0.00024572,0.00023992,0.0002566,0.0002484,0.00023907,0.00023939,0.00024698,0.00026592,0.0002512,0.00023718,0.00024463,0.00025547,0.00025255,0.00024308,0.00024755,0.00026208,0.00025196,0.00024282,0.00025585,0.00023455,0.00025366,0.00024682,0.00023333,0.00023841,0.00023665,0.00024264,0.00025511,0.00025568,0.00025129,0.00024046,0.00023451,0.00024035,0.00023968,0.00025651,0.0002492,0.00024923,0.00023739,0.00025219,0.00024701,0.0002444,0.00024142,0.0002378,0.00024686,0.00024813,0.00024552,0.00024942,0.00025833,0.00025821,0.00026135,0.00024535,0.0002382,0.00023873,0.00024246,0.00025354,0.00024597,0.00025201,0.00023379,0.00023548,0.00025717,0.00023932,0.00023478,0.00024007,0.00023949,0.00023819,0.00026031,0.00023816,0.00024934,0.00024207,0.00024259,0.00024692,0.00026284,0.00024136,0.00023933,0.00024184,0.00025674,0.00024752,0.00025639,0.00023702,0.00023524,0.00024502,0.00023808,0.00025237,0.00025952,0.00024857,0.00026585,0.00025606,0.00024916,0.00024068,0.00022809,0.00024671,0.00024262,0.00023709,0.00023517,0.00023568,0.00023801,0.00026553,0.00023643,0.00024588,0.00025279,0.00023334,0.00023938,0.00025109,0.00025015,0.00023842,0.00025143,0.00023465,0.00024259,0.00023909,0.00024323,0.00024885,0.00023682,0.0002367,0.0002543,0.00024391,0.00024608,0.00026129,0.00023856,0.00025118,0.00026318,0.00024024,0.00023711,0.00023923,0.00024425,0.0002466,0.00024594,0.0002507,0.00024104,0.00025267,0.00022796,0.00023831,0.00023614,0.0002274,0.0002299,0.00024564,0.00023062,0.00024995,0.00024067,0.00025275,0.0002599,0.0002449,0.00023982,0.00024062,0.00025064,0.0002436,0.00024803,0.00025063,0.00023709,0.00023661,0.0002656,0.00024005,0.00023415,0.00023282,0.00024171,0.00025628,0.00026146,0.00023392,0.0002527,0.00024017,0.00023711,0.00023211,0.00024794,0.00024303,0.00023398,0.00023646,0.00025379,0.0002445,0.00025073,0.00024398,0.00024739,0.00024547,0.00025277,0.00024152,0.00023622,0.00024968,0.000243,0.00025554,0.00024007,0.00024796,0.0002461,0.00023743,0.00025972,0.00024384,0.00023642,0.0002438,0.0002432,0.00023811,0.00023645,0.00027033,0.00025638,0.00023847,0.0002563,0.00024703,0.00024634,0.00023818,0.00024924,0.00024822,0.00025524,0.00023783,0.00024993,0.00023928,0.0002539,0.00025097,0.00024269,0.00023445,0.00023998,0.0002461,0.00024023,0.00023889,0.0002395,0.00024529,0.00023751,0.00024312,0.00023631,0.00026244,0.00023957,0.00024495,0.00024838,0.00025261,0.00023657,0.00023993,0.00024171,0.00025165,0.00023718,0.00024618,0.00023926,0.00023705,0.00025694,0.00024739,0.00024226,0.00024344,0.00023804,0.00023748,0.00025043,0.00023491,0.00023881,0.00024493,0.00024353,0.0002368,0.00024488,0.00022704,0.00023587,0.00025777,0.00023927,0.00026009,0.00024273,0.00023268,0.00024419,0.0002398,0.00023851,0.00025154,0.00024322,0.00024585,0.00023885,0.00024296,0.00024859,0.00024765,0.00025475,0.00023435,0.00023608,0.00025474,0.00024858,0.00023877,0.00023684,0.00023778,0.00024911,0.00023889,0.00023997,0.00024389,0.00024601,652860.0,527600.0,4051000.0,2361500.0,1063500.0,5504200.0,2008000.0,2411200.0,2983400.0,2907700.0,715790.0,4946000.0,1272400.0,3886200.0,2497000.0,4962200.0,4006100.0,1313700.0,3439700.0,2457300.0,3280300.0,11623000.0,939160.0,6172800.0,733680.0,8929900.0,1559800.0,1804700.0,799240.0,3153800.0,1663100.0,5695800.0,23134000.0,2470300.0,2681400.0,4250800.0,1211200.0,1483800.0,1623100.0,2037800.0,1036500.0,2054600.0,998900.0,7322600.0,2384900.0,1789300.0,1464100.0,2229500.0,15638000.0,933030.0,7138100.0,3914300.0,695400.0,3830400.0,1057500.0,2604500.0,17325000.0,31464000.0,2325700.0,1698300.0,1501900.0,2783800.0,1015700.0,1887600.0,3336500.0,787200.0,2814400.0,1901400.0,3839200.0,2700300.0,1417200.0,1096800.0,14691000.0,5032200.0,1313700.0,3541200.0,1639800.0,944740.0,2521800.0,3636500.0,1267500.0,875270.0,2074100.0,856130.0,1823800.0,2791600.0,4851100.0,4107200.0,2293000.0,5593500.0,1274600.0,9165300.0,4558400.0,997350.0,1628100.0,875890.0,1738300.0,3439800.0,9756100.0,1694900.0,16185000.0,1389000.0,9707100.0,1601000.0,3111800.0,1248900.0,1595600.0,12279000.0,5012700.0,2131600.0,3788800.0,2346100.0,1178000.0,645020.0,3343500.0,11411000.0,2365500.0,1449300.0,738260.0,1883600.0,722040.0,1169800.0,2174300.0,8636100.0,4069700.0,2575300.0,3026200.0,2316200.0,1468700.0,757990.0,10124000.0,2341800.0,3477500.0,2031800.0,1344300.0,1016600.0,1973900.0,1030900.0,2818800.0,3841500.0,1137500.0,1448700.0,2060900.0,1490700.0,2159300.0,2379200.0,867820.0,6776700.0,1483200.0,9209400.0,6039000.0,796610.0,10241000.0,798180.0,1257100.0,18495000.0,669880.0,11896000.0,704520.0,5463300.0,3620500.0,3728500.0,2594300.0,5128500.0,4299400.0,4138300.0,945220.0,4052400.0,1605800.0,6226400.0,1476500.0,7458600.0,1058700.0,729360.0,3925100.0,2935000.0,1917500.0,8220700.0,2222600.0,929290.0,1207100.0,3637800.0,3493100.0,1909700.0,1445200.0,720570.0,6685600.0,5169700.0,2290100.0,619540.0,17391000.0,3256600.0,5152600.0,1119800.0,17904000.0,5318100.0,1077700.0,8409500.0,1326800.0,1407500.0,3909300.0,5195800.0,785010.0,1609000.0,953500.0,1742800.0,1536400.0,1428600.0,7692300.0,2295200.0,1389900.0,12034000.0,2729100.0,1213300.0,1238200.0,3194500.0,932670.0,4580100.0,1110300.0,1813100.0,7912700.0,4355400.0,685140.0,1393400.0,9817300.0,5161200.0,4960900.0,15079000.0,2942700.0,1891900.0,2294600.0,2933500.0,3129200.0,1844900.0,1714400.0,2219900.0,1469200.0,7074000.0,638180.0,3583000.0,8148600.0,8705300.0,1826300.0,5270900.0,3949100.0,4910800.0,847070.0,1117100.0,5283500.0,1523800.0,6462500.0,3415400.0,6961300.0,1931200.0,1605900.0,1559300.0,1065700.0,1101400.0,2250300.0,1018100.0,5082200.0,3404400.0,3048000.0,2817500.0,2386500.0,1906100.0,15335000.0,13457000.0,3518500.0,3147900.0,1932600.0,4368700.0,3283600.0,640970.0,2021700.0,760960.0,3461100.0,1947300.0,1.5241,1.8373,4.1747,1.2783,2.2252,4.2225,1.2316,1.9876,4.2329,2.4995,2.6631,4.3031,0.85827,2.0617,4.2164,1.5204,2.4823,3.8936,3.0045,2.8387,5.8137,1.2299,1.989,4.2335,1.7482,1.7189,4.2482,1.2773,2.2267,4.2237,0.85853,2.0616,4.2157,2.8892,2.8356,4.5066,5.7147,2.7777,1.4724,1.2355,2.8469,3.6206,0.95794,2.1446,3.0241,2.4832,2.0495,4.4433,1.4727,1.6776,3.9048,0.65951,2.5684,3.8861,2.0053,1.7621,3.4724,1.071,2.4481,3.0528,0.27391,2.2845,3.5661,1.7866,1.6722,3.3868,2.1493,2.8273,4.4552,1.7869,1.6687,3.3896,1.4766,1.6757,3.9055,0.39652,2.1316,3.2063,2.0333,2.3524,4.3838,1.4739,1.6648,3.199,0.83236,1.8708,2.7756,3.0063,2.8415,5.8124,2.0062,1.7595,3.4735,1.0067,2.7156,2.8788,1.8175,2.5893,4.0006,0.63141,1.8667,2.7993,1.0707,2.4465,3.0512,1.8979,1.9141,4.493,1.6791,1.6971,3.8957,0.50974,2.2005,3.7445,1.1931,2.4162,3.7872,1.0064,2.0571,3.2733,2.5437,2.2957,4.2868,2.0672,2.1458,4.6737,1.4784,1.6764,3.9095,1.8968,1.9165,4.4927,1.4901,2.1693,3.2681,0.82381,2.0768,3.1908,2.4174,2.3699,4.3117,1.9472,2.6027,4.894,1.9402,2.5949,4.8839,2.5439,2.2958,4.2857,1.2875,2.4854,3.9484,1.6861,2.2311,4.2928,2.0661,3.0644,4.0108,0.49925,2.4703,2.4723,1.5428,2.0549,4.6057,2.0801,3.0674,4.0282,0.39437,2.3728,3.4406,1.6613,1.6323,4.0829,0.71042,2.0199,3.1005,2.2436,2.2392,4.6446,0.62201,2.6207,2.9925,1.0062,2.0603,3.2738,0.13392,2.89,1.9794,1.9944,1.9839,4.5862,2.5443,2.296,4.2885,2.6794,2.3394,5.2023,2.1539,2.8265,4.4574,1.0793,1.8519,3.9435,4.6166,3.0016,0.50457,0.88832,2.1164,3.0567,1.3057,2.1012,4.2638,1.0556,2.0866,3.4938,2.3207,2.7572,4.5922,1.7006,1.6014,4.159,1.1406,2.559,3.0643,0.74869,2.4247,3.7703,2.0531,1.9306,3.7409,1.6004,2.4368,3.4687,1.6627,2.5202,3.6079,1.6602,1.6811,4.2496,2.118,2.8131,4.5948,2.1197,2.8137,4.5935,3.3512,2.7825,6.1124,1.6997,1.6013,4.159,1.7012,2.0062,3.4535,2.1325,2.9382,4.927,1.1424,2.5588,3.0674,2.6402,2.4471,4.9916,1.0224,2.6024,4.0652,1.6023,2.436,3.4689,1.1865,1.796,4.103,1.6608,1.6325,4.0848,1.7016,2.0057,3.4525,0.28865,2.9478,3.3347,2.869,2.2927,4.5602,1.3175,1.9511,4.2043,1.2441,2.6909,3.3163,1.4643,2.459,3.3428,1.8404,1.987,3.7268,1.9513,2.3345,3.9913,1.0976,2.2824,3.1895,2.5404,2.0507,5.1494,1.2413,2.6903,3.3111,1.4635,2.4599,3.3409,0.28862,2.9473,3.3361,0.67748,1.8053,2.9162,1.7016,2.0287,4.4196,1.4675,1.8655,4.1179,5.543,2.9021,1.8545,0.81908,2.1223,2.7795,1.0226,2.6032,4.0663,2.1501,2.5239,3.6205,2.6418,2.4455,4.9935,2.7989,2.7062,4.5191,2.1654,2.5312,4.5369,2.349,2.1019,4.1931,0.76612,1.9877,3.3506,0.32205,2.4751,2.8773,0.60442,2.1401,3.7142,2.3861,2.5115,4.4288,0.74473,2.4656,2.8487,1.2554,1.5813,4.2874,1.7013,2.0061,3.451,0.0050591,2.6894,2.0489,3.2064,2.9388,6.1971,0.74022,2.4662,2.8463,1.6603,1.6339,4.0883,1.4936,1.8635,3.1829,0.73979,2.4657,2.8454,2.1687,2.3479,4.9567,1.1413,2.5623,3.0669,1.0014,1.9629,3.5036,0.53344,1.9779,3.2567,1.7001,2.0074,3.4508,2.3861,2.0793,4.1964,2.141,2.1544,4.9782,1.2897,1.7554,3.799,0.68245,1.9762,2.756,2.1406,2.1535,4.9793,2.318,2.1836,4.4579,1.5669,2.2869,3.9626,4.1925,3.0104,0.12695,1.9554,2.3352,3.9951,0.8392,1.9643,4.1175,1.1725,2.5707,4.2135,3.5119,2.8547,6.0743,1.5317,1.6172,3.2864,0.32504,2.297,3.4114,5.1374,2.9924,1.0787,0.5538,2.785,3.2493,1.2637,2.5059,2.9756,2.1407,2.1536,4.9817,1.4733,2.0953,4.3487,1.5252,1.6218,3.2862,1.3779,2.9306,3.3644,0.44722,2.4505,2.7147,0.9246,2.4546,2.9988,0.22215,2.6181,3.3412,1.6114,2.2543,4.124,0.4416,2.4479,2.7092,1.0486,2.1675,3.6612,1.3944,1.8085,4.293,0.32533,2.2983,3.4098,1.5289,1.6174,3.2864,0.4437,2.4509,2.7123,2.975,2.8701,5.8917,2.0092,2.5999,4.0362,1.9691,2.1767,4.5864,2.6381,2.7753,5.2773,1.8895,1.9667,3.9049,1.2938,1.8187,3.6872,2.1423,2.1545,4.9813,1.4031,2.6597,4.01,1.1133,3.0857,2.9566,4.6916,2.9878,0.41631,1.2551,2.6827,4.3323,1.9034,1.9592,3.8848,1.2442,2.6358,2.8624,0.35233,2.7742,2.9431,0.93875,2.8891,4.1317,0.56882,2.5206,2.5775,0.69917,1.9299,2.9948,0.54692,2.3944,3.431,1.5673,2.1751,4.2267,1.2535,2.6841,4.333,0.63668,1.9466,3.1211,1.9784,1.8986,3.8193,1.1932,1.8477,3.6441,2.4708,2.7242,4.9923,1.3772,1.5208,4.1734,1.3909,2.1562,3.1758,0.63827,1.9465,3.1204,0.45924,2.4507,2.5656,1.6131,2.2519,4.1266,2.4673,2.7241,4.9903,0.63716,1.9472,3.119,1.5636,1.714,3.3268,0.51842,3.0392,2.4345,0.57035,2.5209,2.5805,2.9041,2.7439,5.8835,6.172,2.8627,2.5367,4.6807,2.9902,0.4035,2.3484,2.4101,3.7567,0.84952,3.0826,3.6301,1.441,2.2523,3.5657,0.83142,3.0802,3.6117,2.3684,2.2382,3.8115,1.1921,1.8486,3.6431,2.4263,2.3369,4.5577,2.5835,2.6258,4.0286,1.259,2.6845,4.3354,1.8906,1.9657,3.9066,1.1213,2.7989,3.6467,2.4542,2.4869,5.097,1.6068,2.6228,3.2977,2.1688,2.1867,4.1014,0.78742,1.9022,3.3723,2.3486,2.4105,3.7548,2.3504,2.4122,3.7572,2.1833,1.8849,4.8997,2.6472,2.2912,4.7935,2.3666,2.2392,3.8111,1.3811,1.5863,3.8343,2.4711,2.7216,4.9951,1.8902,1.9657,3.9068,0.7801,2.1421,3.9582,1.6015,1.8361,4.2589,2.4687,2.724,4.9923,1.4449,2.3901,3.26,5.9252,2.8799,2.2032,1.8598,1.8013,3.4743,1.9785,3.0268,4.3033,2.013,1.9497,4.751,1.0977,2.5794,4.2701,1.8806,2.1506,4.8605,1.6134,1.8057,3.9667,1.6043,2.0106,3.3941,1.0072,2.7795,3.5564,0.90649,2.8339,3.8044,1.3759,2.3881,3.8423,1.1201,2.8,3.6459,1.8392,1.8007,4.0944,0.91214,2.4614,2.7716,1.9099,2.0683,4.3845,0.066666,2.7972,2.8317,1.087,1.9611,4.2606,0.94511,2.3382,3.0064,1.6323,2.3957,4.5869,0.97933,2.0893,2.8331,0.74441,1.9995,2.7442,1.613,1.8052,3.9686,0.91279,2.4608,2.7722,1.3816,1.5869,3.8361,2.773,2.5905,4.6388,1.0844,2.1371,3.6274,1.1185,2.802,3.647,1.9759,1.987,4.4763,1.0855,1.9622,4.2599,1.853,1.6503,3.45,1.6623,2.4799,3.9992,2.1105,2.5553,4.9227,2.156,2.3802,3.7112,1.1831,3.0752,3.4156,1.446,1.4656,4.2333,0.61641,3.0002,3.6106,1.6251,1.7536,4.2345,0.74518,1.9979,2.7432,0.6897,2.1943,3.9435,2.6899,2.6027,4.5381,1.9906,2.1289,3.4393,1.3817,2.9247,3.537,1.0815,2.191,3.6361,2.5308,1.9986,4.4683,1.4915,1.7352,4.4227,1.6111,2.5929,3.5824,2.0628,2.2866,4.0714,2.7131,2.3752,5.0133,0.4424,2.5318,2.9549
0.00039761,60.724,0.00039759,60.966,63.436,60.892,59.715,62.682,60.707,63.421,63.019,60.215,62.689,64.389,57.719,60.231,61.907,62.578,61.229,61.137,59.698,57.736,63.644,59.936,57.768,61.594,56.65,59.408,60.341,64.053,57.147,60.346,60.309,60.933,56.872,63.244,62.26,63.541,62.931,57.821,61.385,62.956,61.743,58.289,62.563,58.391,61.45,62.458,62.428,63.289,62.1,61.475,60.07,61.517,63.995,60.723,62.518,61.108,62.74,59.993,58.511,64.25,62.577,61.784,62.726,57.562,60.632,60.828,61.013,58.774,64.68,60.39,61.198,59.118,62.041,61.04,59.083,60.603,61.277,60.944,62.722,63.553,60.523,62.196,62.175,58.071,60.537,58.914,62.153,60.315,60.829,60.13,61.386,61.168,58.688,60.197,61.546,59.224,61.294,61.849,58.405,60.685,62.614,63.062,62.145,61.212,61.586,60.518,62.788,60.117,58.775,59.316,63.145,60.49,61.698,61.247,57.033,62.576,61.239,60.757,61.21,61.66,57.943,61.372,60.967,58.762,59.921,59.651,62.575,56.441,61.978,62.908,61.575,61.262,62.394,61.165,60.198,63.4,62.313,60.31,60.723,62.127,60.479,58.552,59.623,64.0,59.852,61.06,61.726,57.07,60.085,62.54,58.732,60.412,65.697,60.486,55.8,62.4,62.03,62.137,59.929,62.804,61.0,59.528,55.902,59.02,59.047,61.123,58.057,60.64,61.756,57.496,61.403,59.563,61.271,59.935,59.806,59.654,60.594,60.122,60.723,62.428,59.108,62.304,62.477,59.495,62.114,61.429,61.429,61.593,59.487,61.635,62.232,61.536,60.35,62.548,60.347,61.809,59.807,62.896,60.561,60.303,59.469,60.752,59.777,60.367,59.605,62.301,61.082,60.166,61.507,61.723,60.046,60.301,59.442,60.106,62.436,60.168,60.543,61.159,60.402,61.431,61.055,60.962,60.586,61.455,62.312,59.942,63.87,58.742,61.237,61.336,61.822,60.134,61.162,62.014,58.474,60.751,61.197,58.674,61.297,57.394,62.693,60.86,58.729,60.48,61.064,58.363,62.261,63.17,62.977,58.567,62.3,60.01,61.302,60.409,57.101,60.467,63.115,60.507,58.762,59.321,65.095,63.214,60.172,62.334,55.341,55.8,58.643,62.277,60.407,59.3,62.862,61.238,60.688,59.293,57.519,62.2,60.864,62.656,62.875,0.00042941,0.00039654,0.00040375,0.00040766,0.0003875,0.00036927,0.00042613,0.00041408,0.00042309,0.00039877,0.00038937,0.00041643,0.00040313,0.00038799,0.0003885,0.00040082,0.00043156,0.00040767,0.00038491,0.00039701,0.00041459,0.00040986,0.00039449,0.00040173,0.00042532,0.0004089,0.00039408,0.0004152,0.00038065,0.00041165,0.00040055,0.00037867,0.00038691,0.00038406,0.00039377,0.00041401,0.00041493,0.00040781,0.00039024,0.00038058,0.00039005,0.00038898,0.00041627,0.00040443,0.00040446,0.00038525,0.00040928,0.00040087,0.00039664,0.0003918,0.00038591,0.00040063,0.00040267,0.00039845,0.00040478,0.00041923,0.00041905,0.00042414,0.00039817,0.00038657,0.00038743,0.00039349,0.00041145,0.00039917,0.00040897,0.00037942,0.00038216,0.00041736,0.00038839,0.00038102,0.0003896,0.00038865,0.00038655,0.00042245,0.0003865,0.00040464,0.00039284,0.0003937,0.00040073,0.00042656,0.0003917,0.0003884,0.00039247,0.00041665,0.00040169,0.00041609,0.00038466,0.00038176,0.00039763,0.00038638,0.00040956,0.00042117,0.00040339,0.00043144,0.00041556,0.00040435,0.0003906,0.00037017,0.00040037,0.00039374,0.00038477,0.00038166,0.00038248,0.00038626,0.00043093,0.0003837,0.00039903,0.00041024,0.00037868,0.00038849,0.00040748,0.00040597,0.00038693,0.00040804,0.00038081,0.0003937,0.00038802,0.00039473,0.00040386,0.00038433,0.00038413,0.00041269,0.00039583,0.00039935,0.00042404,0.00038716,0.00040763,0.0004271,0.00038987,0.00038481,0.00038824,0.00039639,0.00040021,0.00039912,0.00040685,0.00039118,0.00041005,0.00036995,0.00038675,0.00038323,0.00036903,0.0003731,0.00039865,0.00037426,0.00040563,0.00039058,0.00041017,0.00042178,0.00039744,0.00038919,0.00039049,0.00040676,0.00039533,0.00040251,0.00040674,0.00038477,0.000384,0.00043103,0.00038957,0.00037999,0.00037783,0.00039226,0.00041591,0.00042432,0.00037962,0.00041009,0.00038977,0.00038481,0.00037668,0.00040238,0.0003944,0.00037971,0.00038375,0.00041187,0.00039679,0.00040691,0.00039594,0.00040147,0.00039838,0.00041021,0.00039196,0.00038335,0.0004052,0.00039436,0.00041472,0.0003896,0.0004024,0.00039939,0.00038531,0.0004215,0.00039573,0.00038369,0.00039566,0.00039469,0.00038643,0.00038374,0.00043872,0.00041607,0.00038701,0.00041593,0.00040089,0.00039978,0.00038655,0.00040448,0.00040284,0.00041422,0.00038597,0.0004056,0.00038833,0.00041205,0.00040728,0.00039386,0.00038048,0.00038946,0.00039938,0.00038987,0.00038769,0.00038868,0.00039808,0.00038545,0.00039455,0.0003835,0.0004259,0.0003888,0.00039751,0.00040309,0.00040996,0.00038393,0.00038937,0.00039226,0.00040839,0.00038492,0.00039952,0.00038829,0.0003847,0.00041698,0.00040147,0.00039315,0.00039506,0.00038631,0.0003854,0.00040642,0.00038122,0.00038756,0.00039748,0.00039523,0.0003843,0.00039741,0.00036845,0.00038279,0.00041832,0.0003883,0.0004221,0.00039391,0.00037761,0.0003963,0.00038915,0.00038707,0.0004082,0.00039472,0.00039898,0.00038762,0.00039429,0.00040342,0.0004019,0.00041342,0.00038033,0.00038314,0.00041341,0.00040341,0.00038749,0.00038436,0.00038589,0.00040428,0.00038769,0.00038944,0.00039581,0.00039924,652860.0,527600.0,4051000.0,2361500.0,1063500.0,5504200.0,2008000.0,2411200.0,2983400.0,2907700.0,715790.0,4946000.0,1272400.0,3886200.0,2497000.0,4962200.0,4006100.0,1313700.0,3439700.0,2457300.0,3280300.0,11623000.0,939160.0,6172800.0,733680.0,8929900.0,1559800.0,1804700.0,799240.0,3153800.0,1663100.0,5695800.0,23134000.0,2470300.0,2681400.0,4250800.0,1211200.0,1483800.0,1623100.0,2037800.0,1036500.0,2054600.0,998900.0,7322600.0,2384900.0,1789300.0,1464100.0,2229500.0,15638000.0,933030.0,7138100.0,3914300.0,695400.0,3830400.0,1057500.0,2604500.0,17325000.0,31464000.0,2325700.0,1698300.0,1501900.0,2783800.0,1015700.0,1887600.0,3336500.0,787200.0,2814400.0,1901400.0,3839200.0,2700300.0,1417200.0,1096800.0,14691000.0,5032200.0,1313700.0,3541200.0,1639800.0,944740.0,2521800.0,3636500.0,1267500.0,875270.0,2074100.0,856130.0,1823800.0,2791600.0,4851100.0,4107200.0,2293000.0,5593500.0,1274600.0,9165300.0,4558400.0,997350.0,1628100.0,875890.0,1738300.0,3439800.0,9756100.0,1694900.0,16185000.0,1389000.0,9707100.0,1601000.0,3111800.0,1248900.0,1595600.0,12279000.0,5012700.0,2131600.0,3788800.0,2346100.0,1178000.0,645020.0,3343500.0,11411000.0,2365500.0,1449300.0,738260.0,1883600.0,722040.0,1169800.0,2174300.0,8636100.0,4069700.0,2575300.0,3026200.0,2316200.0,1468700.0,757990.0,10124000.0,2341800.0,3477500.0,2031800.0,1344300.0,1016600.0,1973900.0,1030900.0,2818800.0,3841500.0,1137500.0,1448700.0,2060900.0,1490700.0,2159300.0,2379200.0,867820.0,6776700.0,1483200.0,9209400.0,6039000.0,796610.0,10241000.0,798180.0,1257100.0,18495000.0,669880.0,11896000.0,704520.0,5463300.0,3620500.0,3728500.0,2594300.0,5128500.0,4299400.0,4138300.0,945220.0,4052400.0,1605800.0,6226400.0,1476500.0,7458600.0,1058700.0,729360.0,3925100.0,2935000.0,1917500.0,8220700.0,2222600.0,929290.0,1207100.0,3637800.0,3493100.0,1909700.0,1445200.0,720570.0,6685600.0,5169700.0,2290100.0,619540.0,17391000.0,3256600.0,5152600.0,1119800.0,17904000.0,5318100.0,1077700.0,8409500.0,1326800.0,1407500.0,3909300.0,5195800.0,785010.0,1609000.0,953500.0,1742800.0,1536400.0,1428600.0,7692300.0,2295200.0,1389900.0,12034000.0,2729100.0,1213300.0,1238200.0,3194500.0,932670.0,4580100.0,1110300.0,1813100.0,7912700.0,4355400.0,685140.0,1393400.0,9817300.0,5161200.0,4960900.0,15079000.0,2942700.0,1891900.0,2294600.0,2933500.0,3129200.0,1844900.0,1714400.0,2219900.0,1469200.0,7074000.0,638180.0,3583000.0,8148600.0,8705300.0,1826300.0,5270900.0,3949100.0,4910800.0,847070.0,1117100.0,5283500.0,1523800.0,6462500.0,3415400.0,6961300.0,1931200.0,1605900.0,1559300.0,1065700.0,1101400.0,2250300.0,1018100.0,5082200.0,3404400.0,3048000.0,2817500.0,2386500.0,1906100.0,15335000.0,13457000.0,3518500.0,3147900.0,1932600.0,4368700.0,3283600.0,640970.0,2021700.0,760960.0,3461100.0,1947300.0,1.5241,1.8374,4.1747,1.2783,2.2252,4.2225,1.2316,1.9876,4.2329,2.4995,2.6631,4.3031,0.85826,2.0617,4.2165,1.5204,2.4823,3.8936,3.0045,2.8387,5.8137,1.23,1.989,4.2335,1.7482,1.7189,4.2482,1.2773,2.2267,4.2237,0.85854,2.0616,4.2157,2.8892,2.8356,4.5065,5.7147,2.7777,1.4724,1.2355,2.8469,3.6206,0.95795,2.1446,3.0241,2.4832,2.0495,4.4433,1.4727,1.6776,3.9048,0.65953,2.5684,3.8861,2.0053,1.7622,3.4724,1.071,2.4481,3.0528,0.27392,2.2845,3.5661,1.7866,1.6722,3.3868,2.1493,2.8273,4.4552,1.7869,1.6687,3.3896,1.4766,1.6757,3.9055,0.39652,2.1316,3.2063,2.0333,2.3524,4.3838,1.4739,1.6648,3.199,0.83237,1.8708,2.7756,3.0063,2.8415,5.8124,2.0062,1.7595,3.4735,1.0067,2.7156,2.8788,1.8175,2.5893,4.0006,0.63141,1.8667,2.7993,1.0707,2.4465,3.0512,1.8979,1.9141,4.493,1.6791,1.6971,3.8957,0.50975,2.2005,3.7445,1.1931,2.4163,3.7872,1.0064,2.0571,3.2733,2.5437,2.2957,4.2868,2.0672,2.1458,4.6737,1.4784,1.6764,3.9095,1.8968,1.9165,4.4927,1.4901,2.1693,3.2681,0.82381,2.0768,3.1908,2.4174,2.3699,4.3117,1.9472,2.6027,4.894,1.9402,2.5949,4.8839,2.5439,2.2958,4.2856,1.2875,2.4854,3.9484,1.6861,2.2311,4.2928,2.0662,3.0643,4.0109,0.49926,2.4703,2.4723,1.5428,2.0549,4.6057,2.0801,3.0674,4.0283,0.39438,2.3728,3.4406,1.6613,1.6323,4.0829,0.71043,2.0199,3.1005,2.2436,2.2392,4.6447,0.622,2.6207,2.9925,1.0062,2.0603,3.2738,0.13393,2.89,1.9794,1.9944,1.9839,4.5862,2.5443,2.296,4.2885,2.6794,2.3394,5.2023,2.1539,2.8265,4.4574,1.0793,1.8519,3.9435,4.6166,3.0016,0.50456,0.88833,2.1164,3.0567,1.3058,2.1012,4.2639,1.0556,2.0866,3.4938,2.3207,2.7572,4.5923,1.7006,1.6014,4.159,1.1407,2.559,3.0643,0.74871,2.4247,3.7703,2.0531,1.9306,3.7409,1.6004,2.4368,3.4687,1.6627,2.5202,3.6079,1.6602,1.6811,4.2496,2.118,2.8131,4.5948,2.1197,2.8137,4.5936,3.3512,2.7825,6.1123,1.6997,1.6013,4.159,1.7012,2.0062,3.4535,2.1326,2.9382,4.9271,1.1424,2.5588,3.0674,2.6402,2.4471,4.9916,1.0224,2.6024,4.0652,1.6023,2.4359,3.4689,1.1864,1.796,4.103,1.6608,1.6325,4.0848,1.7016,2.0057,3.4525,0.28866,2.9478,3.3347,2.869,2.2927,4.5602,1.3175,1.9511,4.2044,1.2441,2.6909,3.3163,1.4643,2.459,3.3428,1.8404,1.987,3.7268,1.9513,2.3345,3.9913,1.0976,2.2824,3.1895,2.5404,2.0507,5.1494,1.2413,2.6903,3.3111,1.4635,2.4599,3.3409,0.28863,2.9474,3.3362,0.67748,1.8053,2.9162,1.7016,2.0287,4.4197,1.4675,1.8655,4.1179,5.5429,2.9021,1.8545,0.81909,2.1223,2.7796,1.0226,2.6032,4.0664,2.1501,2.5238,3.6205,2.6418,2.4455,4.9935,2.7989,2.7062,4.519,2.1654,2.5312,4.5369,2.349,2.1019,4.1931,0.76612,1.9877,3.3506,0.32205,2.4751,2.8773,0.60443,2.1401,3.7142,2.3861,2.5115,4.4288,0.74474,2.4656,2.8487,1.2554,1.5813,4.2874,1.7013,2.0061,3.451,0.0050626,2.6894,2.0489,3.2064,2.9388,6.1971,0.74022,2.4662,2.8463,1.6603,1.6339,4.0883,1.4936,1.8635,3.1829,0.73979,2.4657,2.8454,2.1687,2.3479,4.9567,1.1413,2.5623,3.0669,1.0014,1.9629,3.5036,0.53344,1.9779,3.2567,1.7002,2.0074,3.4508,2.3861,2.0793,4.1964,2.141,2.1544,4.9782,1.2897,1.7554,3.799,0.68247,1.9762,2.756,2.1406,2.1535,4.9793,2.318,2.1836,4.4579,1.5669,2.2869,3.9627,4.1925,3.0104,0.12689,1.9554,2.3352,3.9951,0.8392,1.9643,4.1175,1.1725,2.5707,4.2135,3.5119,2.8547,6.0743,1.5318,1.6172,3.2864,0.32505,2.297,3.4114,5.1374,2.9924,1.0786,0.55381,2.785,3.2493,1.2637,2.5059,2.9756,2.1407,2.1535,4.9817,1.4733,2.0953,4.3487,1.5252,1.6218,3.2862,1.3779,2.9306,3.3644,0.44723,2.4505,2.7147,0.92461,2.4546,2.9988,0.22216,2.6181,3.3412,1.6115,2.2543,4.1241,0.44161,2.4479,2.7092,1.0486,2.1675,3.6612,1.3944,1.8085,4.293,0.32533,2.2983,3.4098,1.5289,1.6174,3.2864,0.44371,2.4509,2.7123,2.9749,2.8701,5.8918,2.0092,2.5999,4.0362,1.9691,2.1767,4.5864,2.6381,2.7753,5.2773,1.8895,1.9667,3.9049,1.2938,1.8187,3.6872,2.1423,2.1545,4.9813,1.4031,2.6597,4.01,1.1133,3.0857,2.9567,4.6915,2.9877,0.41626,1.2551,2.6827,4.3323,1.9034,1.9592,3.8848,1.2442,2.6358,2.8624,0.35233,2.7742,2.9431,0.93878,2.8891,4.1317,0.56882,2.5206,2.5775,0.69918,1.9299,2.9948,0.54695,2.3944,3.431,1.5673,2.1751,4.2267,1.2535,2.6841,4.333,0.63669,1.9466,3.1211,1.9784,1.8986,3.8193,1.1932,1.8477,3.6441,2.4708,2.7242,4.9923,1.3772,1.5208,4.1735,1.391,2.1562,3.1758,0.63828,1.9465,3.1204,0.45925,2.4507,2.5656,1.6131,2.2519,4.1266,2.4673,2.7241,4.9903,0.63716,1.9473,3.119,1.5636,1.714,3.3268,0.51848,3.0392,2.4346,0.57035,2.5209,2.5805,2.9041,2.7439,5.8835,6.172,2.8627,2.5366,4.6806,2.9902,0.40343,2.3485,2.4101,3.7567,0.84965,3.0826,3.6303,1.441,2.2523,3.5657,0.83151,3.0802,3.6118,2.3684,2.2382,3.8115,1.1921,1.8486,3.6432,2.4263,2.3369,4.5577,2.5835,2.6258,4.0286,1.259,2.6845,4.3354,1.8906,1.9657,3.9066,1.1213,2.7989,3.6467,2.4542,2.4869,5.097,1.6068,2.6228,3.2977,2.1688,2.1867,4.1014,0.78742,1.9022,3.3724,2.3486,2.4105,3.7548,2.3504,2.4122,3.7572,2.1833,1.8849,4.8997,2.6473,2.2912,4.7935,2.3666,2.2392,3.8111,1.3811,1.5863,3.8343,2.4711,2.7216,4.9951,1.8902,1.9657,3.9068,0.78011,2.1421,3.9582,1.6015,1.8361,4.2589,2.4687,2.724,4.9923,1.4449,2.3901,3.26,5.9252,2.8799,2.2032,1.8598,1.8013,3.4743,1.9786,3.0268,4.3034,2.013,1.9497,4.751,1.0977,2.5794,4.2701,1.8806,2.1506,4.8605,1.6134,1.8057,3.9667,1.6043,2.0106,3.3941,1.0072,2.7795,3.5564,0.90652,2.8339,3.8044,1.3759,2.3881,3.8423,1.1201,2.8,3.6459,1.8392,1.8007,4.0944,0.91215,2.4614,2.7716,1.9099,2.0683,4.3845,0.066675,2.7972,2.8317,1.087,1.9611,4.2606,0.94512,2.3382,3.0064,1.6323,2.3957,4.5869,0.97933,2.0893,2.8331,0.74441,1.9995,2.7442,1.613,1.8052,3.9686,0.9128,2.4608,2.7722,1.3816,1.5869,3.8361,2.773,2.5905,4.6388,1.0844,2.1371,3.6274,1.1185,2.802,3.647,1.9759,1.987,4.4763,1.0855,1.9623,4.2599,1.8531,1.6503,3.45,1.6623,2.4799,3.9992,2.1105,2.5553,4.9227,2.1559,2.3802,3.7111,1.1832,3.0752,3.4157,1.446,1.4656,4.2333,0.61646,3.0002,3.6106,1.6251,1.7536,4.2345,0.74518,1.9979,2.7432,0.68971,2.1943,3.9435,2.6899,2.6027,4.5381,1.9906,2.1289,3.4393,1.3817,2.9247,3.537,1.0815,2.1911,3.6361,2.5308,1.9986,4.4683,1.4915,1.7352,4.4227,1.6111,2.5929,3.5824,2.0628,2.2866,4.0714,2.7131,2.3752,5.0133,0.4424,2.5318,2.9549
0.00062648,95.642,0.00062621,96.016,99.919,95.901,94.049,98.736,95.619,99.885,99.259,94.838,98.729,101.43,90.903,94.861,97.51,98.576,96.429,96.292,94.015,90.93,100.25,94.403,90.981,97.011,89.219,93.565,95.035,100.9,89.996,95.057,94.975,95.97,89.566,99.621,98.065,100.08,99.119,91.071,96.686,99.166,97.249,91.799,98.547,91.952,96.787,98.372,98.325,99.676,97.814,96.823,94.612,96.889,100.8,95.639,98.475,96.24,98.814,94.493,92.152,101.2,98.571,97.309,98.808,90.652,95.491,95.801,96.102,92.566,101.88,95.114,96.391,93.104,97.713,96.139,93.053,95.454,96.507,95.986,98.79,100.1,95.323,97.962,97.93,91.45,95.349,92.776,97.897,94.998,95.808,94.699,96.686,96.345,92.431,94.802,96.932,93.277,96.538,97.424,91.986,95.575,98.623,99.337,97.894,96.418,97.0,95.32,98.904,94.686,92.567,93.421,99.464,95.267,97.178,96.468,89.818,98.566,96.451,95.698,96.405,97.116,91.257,96.662,96.027,92.545,94.37,93.947,98.568,88.887,97.619,99.089,96.989,96.49,98.28,96.335,94.806,99.86,98.15,94.985,95.642,97.856,95.253,92.22,93.903,100.81,94.262,96.162,97.223,89.884,94.636,98.508,92.497,95.147,103.49,95.266,87.875,98.284,97.703,97.878,94.39,98.927,96.074,93.754,88.037,92.951,92.994,96.271,91.431,95.509,97.275,90.553,96.709,93.814,96.51,94.394,94.198,93.953,95.431,94.69,95.637,98.331,93.1,98.135,98.415,93.704,97.838,96.756,96.76,97.006,93.689,97.082,98.023,96.922,95.06,98.515,95.055,97.354,94.2,99.068,95.384,94.98,93.664,95.682,94.149,95.082,93.878,98.129,96.203,94.761,96.871,97.221,94.575,94.967,93.613,94.67,98.346,94.758,95.355,96.328,95.137,96.758,96.166,96.019,95.426,96.795,98.146,94.4,100.6,92.516,96.452,96.606,97.369,94.706,96.339,97.681,92.085,95.681,96.386,92.398,96.549,90.392,98.744,95.859,92.489,95.254,96.178,91.913,98.065,99.499,99.185,92.242,98.127,94.511,96.552,95.147,89.927,95.235,99.418,95.301,92.551,93.427,102.54,99.566,94.768,98.176,87.156,87.872,92.365,98.096,95.145,93.395,99.011,96.458,95.583,93.379,90.588,97.972,95.858,98.684,99.03,0.00067629,0.00062461,0.0006359,0.00064203,0.00061038,0.00058164,0.00067111,0.00065219,0.00066634,0.00062803,0.00061336,0.00065583,0.00063491,0.00061113,0.00061201,0.00063124,0.0006797,0.00064202,0.00060621,0.0006254,0.00065299,0.00064549,0.00062136,0.00063269,0.00066985,0.00064398,0.00062076,0.00065387,0.00059963,0.00064825,0.00063086,0.00059636,0.00060946,0.00060495,0.00062026,0.00065208,0.00065353,0.00064233,0.00061468,0.00059943,0.00061424,0.00061273,0.00065553,0.00063698,0.00063702,0.00060677,0.00064457,0.00063139,0.00062471,0.00061702,0.00060783,0.00063107,0.00063415,0.0006276,0.00063749,0.00066022,0.00065999,0.000668,0.00062718,0.00060895,0.00061023,0.00061985,0.00064798,0.0006287,0.0006441,0.00059766,0.00060191,0.00065737,0.00061171,0.00060019,0.00061357,0.0006121,0.00060884,0.00066533,0.00060878,0.00063726,0.00061871,0.00062011,0.00063122,0.00067183,0.00061697,0.00061177,0.00061805,0.00065619,0.00063258,0.00065536,0.00060587,0.0006013,0.00062623,0.00060856,0.00064506,0.0006633,0.00063528,0.00067947,0.00065446,0.0006368,0.00061529,0.00058302,0.00063055,0.00062018,0.00060609,0.00060123,0.00060245,0.00060839,0.0006787,0.00060438,0.00062848,0.00064609,0.00059639,0.00061198,0.00064175,0.00063943,0.00060945,0.00064261,0.00059985,0.00062007,0.00061115,0.00062169,0.00063608,0.00060535,0.00060506,0.00064998,0.00062341,0.00062892,0.00066782,0.00060987,0.00064196,0.00067269,0.00061414,0.00060615,0.00061153,0.00062435,0.00063031,0.00062857,0.00064083,0.00061619,0.00064579,0.00058272,0.00060921,0.00060358,0.00058125,0.00058759,0.00062793,0.00058947,0.00063881,0.00061514,0.00064599,0.0006643,0.00062599,0.00061293,0.00061502,0.00064079,0.00062263,0.00063389,0.00064061,0.00060604,0.0006049,0.00067888,0.00061366,0.00059848,0.00059507,0.00061774,0.000655,0.00066825,0.00059791,0.00064582,0.0006139,0.00060614,0.00059325,0.00063372,0.00062114,0.0005981,0.00060441,0.00064867,0.00062492,0.00064085,0.00062359,0.0006323,0.00062743,0.00064607,0.00061738,0.00060385,0.00063818,0.00062117,0.00065321,0.00061366,0.00063375,0.00062901,0.00060689,0.00066388,0.00062329,0.00060433,0.00062319,0.00062174,0.00060865,0.00060441,0.00069097,0.00065529,0.00060956,0.00065509,0.00063137,0.00062965,0.00060885,0.00063702,0.00063456,0.00065236,0.00060791,0.00063878,0.00061166,0.00064899,0.00064142,0.00062028,0.00059926,0.00061348,0.00062901,0.00061405,0.00061061,0.0006122,0.00062702,0.00060711,0.00062147,0.00060403,0.00067078,0.00061239,0.00062603,0.00063493,0.00064564,0.0006047,0.00061328,0.00061776,0.00064317,0.00060626,0.0006293,0.00061148,0.0006059,0.00065668,0.00063227,0.00061925,0.00062218,0.00060847,0.00060704,0.00064005,0.00060043,0.00061041,0.00062595,0.00062252,0.00060537,0.00062592,0.00058032,0.00060295,0.00065878,0.0006116,0.00066479,0.00062035,0.00059473,0.00062424,0.00061292,0.00060965,0.00064286,0.00062178,0.00062841,0.00061049,0.00062098,0.00063535,0.0006329,0.00065112,0.0005991,0.00060347,0.00065109,0.00063541,0.00061032,0.00060537,0.0006077,0.00063669,0.00061064,0.00061335,0.0006234,0.0006288,652860.0,527600.0,4051000.0,2361500.0,1063500.0,5504200.0,2008000.0,2411200.0,2983400.0,2907700.0,715790.0,4946000.0,1272400.0,3886200.0,2497000.0,4962200.0,4006100.0,1313700.0,3439700.0,2457300.0,3280300.0,11623000.0,939160.0,6172800.0,733680.0,8929900.0,1559800.0,1804700.0,799240.0,3153800.0,1663100.0,5695800.0,23134000.0,2470300.0,2681400.0,4250800.0,1211200.0,1483800.0,1623100.0,2037800.0,1036500.0,2054600.0,998900.0,7322600.0,2384900.0,1789300.0,1464100.0,2229500.0,15638000.0,933030.0,7138100.0,3914300.0,695400.0,3830400.0,1057500.0,2604500.0,17325000.0,31464000.0,2325700.0,1698300.0,1501900.0,2783800.0,1015700.0,1887600.0,3336500.0,787200.0,2814400.0,1901400.0,3839200.0,2700300.0,1417200.0,1096800.0,14691000.0,5032200.0,1313700.0,3541200.0,1639800.0,944740.0,2521800.0,3636500.0,1267500.0,875270.0,2074100.0,856130.0,1823800.0,2791600.0,4851100.0,4107200.0,2293000.0,5593500.0,1274600.0,9165300.0,4558400.0,997350.0,1628100.0,875890.0,1738300.0,3439800.0,9756100.0,1694900.0,16185000.0,1389000.0,9707100.0,1601000.0,3111800.0,1248900.0,1595600.0,12279000.0,5012700.0,2131600.0,3788800.0,2346100.0,1178000.0,645020.0,3343500.0,11411000.0,2365500.0,1449300.0,738260.0,1883600.0,722040.0,1169800.0,2174300.0,8636100.0,4069700.0,2575300.0,3026200.0,2316200.0,1468700.0,757990.0,10124000.0,2341800.0,3477500.0,2031800.0,1344300.0,1016600.0,1973900.0,1030900.0,2818800.0,3841500.0,1137500.0,1448700.0,2060900.0,1490700.0,2159300.0,2379200.0,867820.0,6776700.0,1483200.0,9209400.0,6039000.0,796610.0,10241000.0,798180.0,1257100.0,18495000.0,669880.0,11896000.0,704520.0,5463300.0,3620500.0,3728500.0,2594300.0,5128500.0,4299400.0,4138300.0,945220.0,4052400.0,1605800.0,6226400.0,1476500.0,7458600.0,1058700.0,729360.0,3925100.0,2935000.0,1917500.0,8220700.0,2222600.0,929290.0,1207100.0,3637800.0,3493100.0,1909700.0,1445200.0,720570.0,6685600.0,5169700.0,2290100.0,619540.0,17391000.0,3256600.0,5152600.0,1119800.0,17904000.0,5318100.0,1077700.0,8409500.0,1326800.0,1407500.0,3909300.0,5195800.0,785010.0,1609000.0,953500.0,1742800.0,1536400.0,1428600.0,7692300.0,2295200.0,1389900.0,12034000.0,2729100.0,1213300.0,1238200.0,3194500.0,932670.0,4580100.0,1110300.0,1813100.0,7912700.0,4355400.0,685140.0,1393400.0,9817300.0,5161200.0,4960900.0,15079000.0,2942700.0,1891900.0,2294600.0,2933500.0,3129200.0,1844900.0,1714400.0,2219900.0,1469200.0,7074000.0,638180.0,3583000.0,8148600.0,8705300.0,1826300.0,5270900.0,3949100.0,4910800.0,847070.0,1117100.0,5283500.0,1523800.0,6462500.0,3415400.0,6961300.0,1931200.0,1605900.0,1559300.0,1065700.0,1101400.0,2250300.0,1018100.0,5082200.0,3404400.0,3048000.0,2817500.0,2386500.0,1906100.0,15335000.0,13457000.0,3518500.0,3147900.0,1932600.0,4368700.0,3283600.0,640970.0,2021700.0,760960.0,3461100.0,1947300.0,1.5241,1.8374,4.1747,1.2783,2.2252,4.2225,1.2316,1.9876,4.2329,2.4995,2.6631,4.3031,0.85826,2.0617,4.2165,1.5205,2.4823,3.8936,3.0045,2.8387,5.8137,1.23,1.989,4.2335,1.7482,1.7189,4.2482,1.2773,2.2267,4.2237,0.85854,2.0616,4.2157,2.8892,2.8356,4.5065,5.7146,2.7777,1.4724,1.2355,2.8469,3.6206,0.95796,2.1446,3.0241,2.4832,2.0495,4.4433,1.4727,1.6776,3.9048,0.65957,2.5684,3.8862,2.0053,1.7622,3.4724,1.071,2.4481,3.0528,0.27394,2.2845,3.5661,1.7866,1.6722,3.3868,2.1493,2.8273,4.4552,1.7869,1.6687,3.3896,1.4766,1.6757,3.9055,0.39653,2.1316,3.2063,2.0333,2.3524,4.3838,1.4739,1.6648,3.199,0.83239,1.8708,2.7756,3.0063,2.8415,5.8124,2.0061,1.7595,3.4735,1.0067,2.7156,2.8788,1.8175,2.5893,4.0006,0.63141,1.8667,2.7993,1.0708,2.4465,3.0512,1.8979,1.9141,4.493,1.6791,1.6971,3.8957,0.50976,2.2005,3.7445,1.1931,2.4163,3.7872,1.0064,2.0571,3.2733,2.5437,2.2957,4.2868,2.0672,2.1458,4.6737,1.4784,1.6764,3.9095,1.8968,1.9166,4.4927,1.4901,2.1693,3.2681,0.82382,2.0768,3.1908,2.4174,2.3699,4.3117,1.9473,2.6027,4.894,1.9402,2.5949,4.8839,2.5439,2.2958,4.2856,1.2875,2.4854,3.9484,1.6861,2.2311,4.2928,2.0663,3.0643,4.011,0.49927,2.4703,2.4724,1.5428,2.0549,4.6057,2.0802,3.0674,4.0283,0.3944,2.3728,3.4406,1.6613,1.6323,4.0829,0.71044,2.0199,3.1005,2.2436,2.2392,4.6446,0.62198,2.6207,2.9925,1.0062,2.0603,3.2738,0.13394,2.89,1.9794,1.9944,1.9839,4.5862,2.5443,2.296,4.2885,2.6794,2.3394,5.2023,2.1539,2.8265,4.4574,1.0793,1.8519,3.9435,4.6165,3.0016,0.50454,0.88834,2.1164,3.0568,1.3058,2.1012,4.2639,1.0556,2.0866,3.4938,2.3207,2.7572,4.5923,1.7006,1.6014,4.159,1.1407,2.559,3.0643,0.74873,2.4247,3.7703,2.0531,1.9306,3.7409,1.6004,2.4369,3.4687,1.6627,2.5202,3.6079,1.6602,1.6811,4.2496,2.118,2.8131,4.5948,2.1197,2.8137,4.5936,3.3512,2.7825,6.1123,1.6997,1.6013,4.1591,1.7013,2.0062,3.4535,2.1326,2.9382,4.9271,1.1424,2.5588,3.0674,2.6402,2.4471,4.9917,1.0224,2.6024,4.0652,1.6023,2.4359,3.4689,1.1864,1.796,4.103,1.6608,1.6325,4.0848,1.7016,2.0057,3.4525,0.28866,2.9478,3.3348,2.869,2.2927,4.5602,1.3175,1.9511,4.2044,1.2442,2.6908,3.3163,1.4643,2.459,3.3429,1.8404,1.987,3.7268,1.9513,2.3345,3.9913,1.0976,2.2824,3.1895,2.5404,2.0507,5.1495,1.2413,2.6903,3.3111,1.4636,2.4599,3.3409,0.28864,2.9474,3.3362,0.67749,1.8053,2.9162,1.7016,2.0287,4.4197,1.4675,1.8655,4.1179,5.5429,2.9021,1.8545,0.8191,2.1223,2.7796,1.0226,2.6032,4.0664,2.1501,2.5238,3.6205,2.6418,2.4455,4.9935,2.7989,2.7062,4.519,2.1654,2.5312,4.5369,2.349,2.1019,4.1931,0.76612,1.9877,3.3506,0.32206,2.4751,2.8773,0.60444,2.1401,3.7143,2.3861,2.5115,4.4288,0.74474,2.4656,2.8487,1.2554,1.5813,4.2874,1.7013,2.0061,3.451,0.0050761,2.6894,2.0489,3.2064,2.9388,6.1971,0.74023,2.4662,2.8464,1.6603,1.6339,4.0884,1.4936,1.8635,3.1829,0.7398,2.4657,2.8454,2.1687,2.3479,4.9567,1.1414,2.5623,3.0669,1.0014,1.9629,3.5036,0.53345,1.9779,3.2567,1.7002,2.0074,3.4508,2.3861,2.0793,4.1964,2.141,2.1544,4.9782,1.2897,1.7554,3.799,0.68249,1.9762,2.756,2.1406,2.1535,4.9793,2.318,2.1836,4.4579,1.567,2.2869,3.9627,4.1924,3.0104,0.12679,1.9554,2.3352,3.9951,0.83919,1.9643,4.1175,1.1725,2.5707,4.2135,3.5118,2.8547,6.0742,1.5318,1.6172,3.2864,0.32507,2.297,3.4114,5.1374,2.9924,1.0786,0.55383,2.785,3.2493,1.2637,2.5059,2.9756,2.1407,2.1535,4.9817,1.4733,2.0953,4.3488,1.5253,1.6218,3.2863,1.378,2.9306,3.3644,0.44724,2.4505,2.7147,0.92462,2.4546,2.9988,0.22217,2.6181,3.3413,1.6115,2.2543,4.1241,0.44162,2.4479,2.7092,1.0486,2.1675,3.6612,1.3944,1.8085,4.293,0.32533,2.2983,3.4098,1.5289,1.6174,3.2864,0.44373,2.4509,2.7124,2.9749,2.8701,5.8918,2.0092,2.5999,4.0362,1.9692,2.1767,4.5864,2.6381,2.7753,5.2773,1.8895,1.9668,3.9049,1.2938,1.8187,3.6873,2.1423,2.1545,4.9813,1.4031,2.6597,4.01,1.1134,3.0857,2.9568,4.6915,2.9877,0.41619,1.2551,2.6827,4.3323,1.9034,1.9592,3.8848,1.2442,2.6358,2.8624,0.35234,2.7742,2.9431,0.93883,2.8891,4.1317,0.56881,2.5206,2.5775,0.6992,1.93,2.9948,0.54699,2.3944,3.431,1.5673,2.1751,4.2267,1.2535,2.6841,4.333,0.6367,1.9466,3.1211,1.9784,1.8986,3.8193,1.1932,1.8477,3.6441,2.4708,2.7242,4.9923,1.3773,1.5208,4.1735,1.391,2.1562,3.1758,0.63829,1.9465,3.1204,0.45926,2.4507,2.5656,1.6131,2.2519,4.1266,2.4673,2.7241,4.9904,0.63716,1.9473,3.119,1.5636,1.714,3.3268,0.51857,3.0392,2.4346,0.57036,2.5209,2.5805,2.9041,2.7438,5.8835,6.172,2.8627,2.5366,4.6805,2.9902,0.40332,2.3485,2.4101,3.7567,0.84986,3.0826,3.6305,1.441,2.2523,3.5657,0.83163,3.0802,3.612,2.3684,2.2382,3.8115,1.1921,1.8486,3.6432,2.4263,2.3369,4.5577,2.5835,2.6257,4.0286,1.259,2.6845,4.3354,1.8906,1.9657,3.9066,1.1213,2.7989,3.6468,2.4542,2.4868,5.097,1.6068,2.6228,3.2977,2.1688,2.1866,4.1014,0.78743,1.9022,3.3724,2.3486,2.4105,3.7549,2.3504,2.4122,3.7572,2.1833,1.8848,4.8997,2.6473,2.2912,4.7935,2.3666,2.2392,3.8111,1.3811,1.5863,3.8343,2.4711,2.7216,4.9951,1.8902,1.9657,3.9068,0.78012,2.1421,3.9582,1.6015,1.8361,4.2589,2.4687,2.724,4.9924,1.4449,2.3901,3.26,5.9252,2.8799,2.2032,1.8598,1.8013,3.4743,1.9787,3.0267,4.3035,2.013,1.9497,4.751,1.0978,2.5794,4.2702,1.8806,2.1506,4.8605,1.6135,1.8057,3.9667,1.6043,2.0106,3.3941,1.0072,2.7795,3.5564,0.90657,2.8339,3.8045,1.376,2.3881,3.8424,1.1201,2.8001,3.6459,1.8392,1.8007,4.0944,0.91216,2.4614,2.7716,1.9099,2.0683,4.3845,0.066686,2.7972,2.8317,1.087,1.9611,4.2606,0.94513,2.3382,3.0065,1.6323,2.3957,4.5869,0.97934,2.0893,2.8331,0.74441,1.9995,2.7442,1.613,1.8052,3.9687,0.91281,2.4608,2.7722,1.3816,1.5869,3.8361,2.773,2.5905,4.6388,1.0844,2.1371,3.6274,1.1185,2.802,3.647,1.9759,1.987,4.4763,1.0855,1.9623,4.2599,1.8531,1.6503,3.45,1.6624,2.4799,3.9992,2.1105,2.5553,4.9227,2.1559,2.3802,3.7111,1.1832,3.0752,3.4157,1.446,1.4656,4.2333,0.61652,3.0003,3.6107,1.6251,1.7536,4.2345,0.74519,1.9979,2.7432,0.68972,2.1943,3.9435,2.6899,2.6027,4.5381,1.9906,2.1289,3.4393,1.3817,2.9247,3.537,1.0815,2.1911,3.6361,2.5308,1.9986,4.4683,1.4915,1.7352,4.4227,1.6111,2.5929,3.5824,2.0629,2.2866,4.0714,2.7131,2.3752,5.0133,0.44241,2.5318,2.9549
0.00096966,147.46,0.00096541,147.92,154.12,147.77,144.94,152.41,147.51,153.93,153.08,146.17,152.1,156.64,140.04,146.18,150.42,152.19,148.55,148.45,144.77,140.11,154.72,145.59,140.18,149.58,137.48,144.2,146.46,155.73,138.57,146.74,146.23,147.95,137.97,153.76,151.27,154.42,152.84,140.43,149.11,153.04,149.98,141.42,152.08,141.54,149.26,151.67,151.59,153.59,150.89,149.27,145.88,149.36,155.56,147.45,151.95,148.28,152.29,145.71,142.02,156.16,152.15,149.99,152.52,139.63,147.15,147.62,148.23,142.66,157.12,146.6,148.66,143.42,150.62,148.23,143.38,147.21,148.72,147.96,152.34,154.42,146.93,151.08,151.04,140.8,147.03,142.83,151.02,146.48,147.73,145.89,149.1,148.61,142.45,146.02,149.37,143.78,148.83,150.39,141.79,147.28,152.13,153.35,151.17,148.75,149.55,146.99,152.67,145.99,142.62,144.0,153.53,146.78,149.84,148.79,138.31,152.1,148.68,147.61,148.6,149.74,140.64,149.03,148.07,142.6,145.4,144.77,152.15,136.93,150.54,152.9,149.66,148.81,151.65,148.51,146.04,154.01,151.42,146.39,147.5,150.94,146.82,142.19,144.7,155.54,145.25,148.12,149.94,138.57,145.91,151.97,142.52,146.65,159.86,146.85,135.31,151.56,150.71,151.07,145.54,152.69,148.09,144.51,135.6,143.21,143.29,148.43,140.8,147.27,150.11,139.55,149.06,144.66,148.9,145.48,145.27,144.81,147.05,145.95,147.4,151.68,143.6,151.39,151.93,144.45,150.96,149.24,149.3,149.49,144.4,149.76,151.22,149.46,146.67,151.92,146.67,150.14,145.29,152.81,147.04,146.46,144.4,147.47,145.15,146.62,144.73,151.34,148.26,146.08,149.3,149.98,145.84,146.3,144.18,145.98,151.75,145.98,146.99,148.56,146.71,149.22,148.32,148.11,147.16,149.25,151.38,145.39,155.23,142.56,148.74,148.97,150.1,145.93,148.66,150.72,141.77,147.48,148.59,142.22,148.94,139.3,152.29,147.85,142.46,146.8,148.29,141.56,151.24,153.5,152.86,142.2,151.35,145.64,148.86,146.71,138.52,146.81,153.45,146.94,142.7,143.97,158.3,153.57,146.03,151.33,134.27,135.28,142.41,151.37,146.71,143.92,152.68,148.82,147.34,143.84,139.57,151.13,147.76,152.16,152.72,0.001042,0.00096347,0.00098008,0.00098919,0.00094216,0.0008975,0.0010338,0.0010057,0.0010267,0.0009676,0.00094703,0.0010101,0.00097845,0.00094293,0.00094533,0.00097239,0.0010475,0.00098872,0.00093407,0.00096586,0.0010069,0.00099456,0.00095851,0.00097481,0.001032,0.00099204,0.00095839,0.0010069,0.00092622,0.00099771,0.00097233,0.00091878,0.0009407,0.00093348,0.00095725,0.0010053,0.0010076,0.00099074,0.00094842,0.00092427,0.00094539,0.00094582,0.001009,0.00098206,0.00098179,0.00093549,0.00099274,0.00097359,0.00096307,0.00095035,0.00093736,0.00097403,0.00097661,0.00096823,0.00098209,0.0010166,0.0010173,0.0010294,0.00096778,0.00094041,0.00094115,0.00095709,0.00099812,0.00096948,0.00099236,0.00092241,0.00092811,0.0010137,0.00094295,0.0009265,0.00094518,0.00094325,0.00093894,0.0010251,0.00093916,0.00098167,0.00095354,0.00095642,0.00097418,0.0010354,0.0009519,0.00094382,0.00095145,0.0010111,0.00097393,0.0010105,0.00093453,0.00092734,0.00096464,0.0009384,0.00099462,0.001022,0.00097841,0.0010466,0.0010083,0.00098091,0.00095,0.00089891,0.00097146,0.00095654,0.00093563,0.00092867,0.00092952,0.00093834,0.0010461,0.00093268,0.00096895,0.00099543,0.00091907,0.00094514,0.00098868,0.00098596,0.0009402,0.00098973,0.00092589,0.0009558,0.00094242,0.00095809,0.00098078,0.00093348,0.00093373,0.0010018,0.00096066,0.00096875,0.0010289,0.00094167,0.00098884,0.0010371,0.00094806,0.00093565,0.0009434,0.00096311,0.0009713,0.00096834,0.00098829,0.00095113,0.00099476,0.000899,0.00094031,0.00093042,0.00089657,0.00090511,0.00096881,0.00090898,0.00098393,0.00094791,0.00099534,0.001024,0.00096533,0.00094419,0.00094801,0.00098998,0.00095965,0.00097626,0.00098731,0.00093468,0.00093393,0.0010465,0.00094735,0.00092259,0.00091717,0.00095134,0.001009,0.0010293,0.00092192,0.00099438,0.00094678,0.00093557,0.0009143,0.0009764,0.00095686,0.00092288,0.00093204,0.00099964,0.00096304,0.00098743,0.00096104,0.00097445,0.00096713,0.00099588,0.00095239,0.00093204,0.00098367,0.00095838,0.0010075,0.00094663,0.00097649,0.00096925,0.00093599,0.0010234,0.00096118,0.00093217,0.00096118,0.00096039,0.0009386,0.00093222,0.0010651,0.0010099,0.00094011,0.0010098,0.00097279,0.00097054,0.00093919,0.00098145,0.00097973,0.0010051,0.00093734,0.00098423,0.00094346,0.0010007,0.00098812,0.00095537,0.00092393,0.000947,0.00096942,0.00094688,0.00094146,0.00094411,0.00096709,0.00093643,0.00095874,0.00093149,0.0010336,0.00094451,0.00096413,0.00097978,0.00099467,0.0009324,0.00094577,0.00095166,0.0009908,0.00093499,0.00097108,0.00094149,0.000934,0.0010115,0.00097378,0.00095532,0.00095868,0.00093866,0.00093642,0.00098581,0.00092553,0.00094112,0.00096376,0.00096011,0.00093469,0.00096499,0.00089496,0.00093048,0.0010145,0.00094322,0.0010245,0.00095539,0.00091661,0.00096335,0.00094497,0.00094028,0.00099005,0.00096018,0.00096925,0.00094074,0.00095674,0.00097894,0.00097438,0.0010034,0.00092483,0.00093054,0.0010032,0.00098015,0.0009413,0.0009334,0.0009358,0.00098076,0.00094189,0.00094545,0.00096122,0.00096939,652860.0,527600.0,4051000.0,2361500.0,1063500.0,5504200.0,2008000.0,2411200.0,2983400.0,2907700.0,715790.0,4946000.0,1272400.0,3886200.0,2497000.0,4962200.0,4006100.0,1313700.0,3439700.0,2457300.0,3280300.0,11623000.0,939160.0,6172800.0,733680.0,8929900.0,1559800.0,1804700.0,799240.0,3153800.0,1663100.0,5695800.0,23134000.0,2470300.0,2681400.0,4250800.0,1211200.0,1483800.0,1623100.0,2037800.0,1036500.0,2054600.0,998900.0,7322600.0,2384900.0,1789300.0,1464100.0,2229500.0,15638000.0,933030.0,7138100.0,3914300.0,695400.0,3830400.0,1057500.0,2604500.0,17325000.0,31464000.0,2325700.0,1698300.0,1501900.0,2783800.0,1015700.0,1887600.0,3336500.0,787200.0,2814400.0,1901400.0,3839200.0,2700300.0,1417200.0,1096800.0,14691000.0,5032200.0,1313700.0,3541200.0,1639800.0,944740.0,2521800.0,3636500.0,1267500.0,875270.0,2074100.0,856130.0,1823800.0,2791600.0,4851100.0,4107200.0,2293000.0,5593500.0,1274600.0,9165300.0,4558400.0,997350.0,1628100.0,875890.0,1738300.0,3439800.0,9756100.0,1694900.0,16185000.0,1389000.0,9707100.0,1601000.0,3111800.0,1248900.0,1595600.0,12279000.0,5012700.0,2131600.0,3788800.0,2346100.0,1178000.0,645020.0,3343500.0,11411000.0,2365500.0,1449300.0,738260.0,1883600.0,722040.0,1169800.0,2174300.0,8636100.0,4069700.0,2575300.0,3026200.0,2316200.0,1468700.0,757990.0,10124000.0,2341800.0,3477500.0,2031800.0,1344300.0,1016600.0,1973900.0,1030900.0,2818800.0,3841500.0,1137500.0,1448700.0,2060900.0,1490700.0,2159300.0,2379200.0,867820.0,6776700.0,1483200.0,9209400.0,6039000.0,796610.0,10241000.0,798180.0,1257100.0,18495000.0,669880.0,11896000.0,704520.0,5463300.0,3620500.0,3728500.0,2594300.0,5128500.0,4299400.0,4138300.0,945220.0,4052400.0,1605800.0,6226400.0,1476500.0,7458600.0,1058700.0,729360.0,3925100.0,2935000.0,1917500.0,8220700.0,2222600.0,929290.0,1207100.0,3637800.0,3493100.0,1909700.0,1445200.0,720570.0,6685600.0,5169700.0,2290100.0,619540.0,17391000.0,3256600.0,5152600.0,1119800.0,17904000.0,5318100.0,1077700.0,8409500.0,1326800.0,1407500.0,3909300.0,5195800.0,785010.0,1609000.0,953500.0,1742800.0,1536400.0,1428600.0,7692300.0,2295200.0,1389900.0,12034000.0,2729100.0,1213300.0,1238200.0,3194500.0,932670.0,4580100.0,1110300.0,1813100.0,7912700.0,4355400.0,685140.0,1393400.0,9817300.0,5161200.0,4960900.0,15079000.0,2942700.0,1891900.0,2294600.0,2933500.0,3129200.0,1844900.0,1714400.0,2219900.0,1469200.0,7074000.0,638180.0,3583000.0,8148600.0,8705300.0,1826300.0,5270900.0,3949100.0,4910800.0,847070.0,1117100.0,5283500.0,1523800.0,6462500.0,3415400.0,6961300.0,1931200.0,1605900.0,1559300.0,1065700.0,1101400.0,2250300.0,1018100.0,5082200.0,3404400.0,3048000.0,2817500.0,2386500.0,1906100.0,15335000.0,13457000.0,3518500.0,3147900.0,1932600.0,4368700.0,3283600.0,640970.0,2021700.0,760960.0,3461100.0,1947300.0,1.5241,1.8374,4.1747,1.2783,2.2252,4.2225,1.2316,1.9877,4.2329,2.4994,2.6631,4.303,0.85825,2.0617,4.2165,1.5205,2.4824,3.8936,3.0045,2.8387,5.8137,1.23,1.9891,4.2335,1.7481,1.7189,4.2482,1.2773,2.2267,4.2237,0.85854,2.0616,4.2157,2.8892,2.8356,4.5065,5.7146,2.7777,1.4724,1.2355,2.8469,3.6205,0.95798,2.1446,3.0241,2.4832,2.0495,4.4433,1.4727,1.6776,3.9048,0.65962,2.5684,3.8862,2.0053,1.7622,3.4724,1.071,2.4481,3.0529,0.27396,2.2845,3.5662,1.7866,1.6722,3.3868,2.1493,2.8273,4.4551,1.7869,1.6687,3.3896,1.4766,1.6757,3.9055,0.39654,2.1316,3.2063,2.0333,2.3524,4.3839,1.4739,1.6648,3.199,0.8324,1.8709,2.7756,3.0063,2.8415,5.8124,2.0061,1.7595,3.4735,1.0067,2.7156,2.8788,1.8175,2.5893,4.0006,0.63141,1.8667,2.7993,1.0708,2.4465,3.0512,1.8979,1.9141,4.493,1.6791,1.6971,3.8957,0.50978,2.2005,3.7445,1.1932,2.4163,3.7873,1.0064,2.0571,3.2733,2.5437,2.2957,4.2868,2.0672,2.1458,4.6737,1.4784,1.6764,3.9095,1.8969,1.9166,4.4927,1.4902,2.1693,3.2681,0.82383,2.0768,3.1908,2.4174,2.3699,4.3117,1.9473,2.6027,4.894,1.9403,2.5949,4.8839,2.5439,2.2957,4.2856,1.2876,2.4854,3.9484,1.6861,2.2311,4.2928,2.0664,3.0643,4.0111,0.4993,2.4703,2.4724,1.5428,2.0549,4.6057,2.0802,3.0674,4.0284,0.39442,2.3728,3.4406,1.6613,1.6323,4.0829,0.71045,2.0199,3.1005,2.2436,2.2392,4.6447,0.62196,2.6206,2.9926,1.0062,2.0603,3.2738,0.13396,2.89,1.9794,1.9944,1.984,4.5863,2.5443,2.296,4.2885,2.6794,2.3394,5.2023,2.1539,2.8265,4.4574,1.0793,1.8519,3.9435,4.6165,3.0016,0.50451,0.88836,2.1165,3.0568,1.3058,2.1012,4.2639,1.0557,2.0866,3.4939,2.3207,2.7571,4.5923,1.7006,1.6014,4.159,1.1407,2.559,3.0643,0.74876,2.4247,3.7703,2.0531,1.9306,3.7409,1.6004,2.4369,3.4687,1.6628,2.5203,3.6079,1.6602,1.6811,4.2496,2.118,2.8131,4.5948,2.1197,2.8137,4.5936,3.3512,2.7825,6.1123,1.6998,1.6013,4.1591,1.7013,2.0062,3.4535,2.1327,2.9382,4.9272,1.1424,2.5588,3.0674,2.6402,2.4471,4.9917,1.0224,2.6025,4.0653,1.6023,2.436,3.4689,1.1864,1.7961,4.103,1.6608,1.6325,4.0848,1.7016,2.0057,3.4525,0.28867,2.9478,3.3348,2.869,2.2927,4.5602,1.3175,1.9511,4.2044,1.2442,2.6908,3.3164,1.4643,2.459,3.3429,1.8404,1.987,3.7268,1.9513,2.3345,3.9913,1.0976,2.2824,3.1896,2.5404,2.0507,5.1495,1.2413,2.6903,3.3111,1.4636,2.4599,3.3409,0.28866,2.9474,3.3362,0.67751,1.8053,2.9162,1.7016,2.0287,4.4197,1.4675,1.8656,4.1179,5.5428,2.9021,1.8544,0.81913,2.1223,2.7796,1.0226,2.6032,4.0664,2.1502,2.5238,3.6205,2.6419,2.4455,4.9935,2.799,2.7062,4.519,2.1654,2.5312,4.5369,2.349,2.1019,4.1931,0.76612,1.9877,3.3506,0.32208,2.4751,2.8773,0.60446,2.1401,3.7143,2.3862,2.5114,4.4288,0.74475,2.4655,2.8487,1.2554,1.5813,4.2874,1.7013,2.0061,3.451,0.005099,2.6894,2.0489,3.2064,2.9388,6.1971,0.74023,2.4662,2.8464,1.6603,1.6339,4.0884,1.4936,1.8635,3.1829,0.73981,2.4657,2.8454,2.1687,2.3479,4.9567,1.1414,2.5623,3.067,1.0014,1.9629,3.5037,0.53345,1.9779,3.2567,1.7002,2.0074,3.4508,2.3861,2.0793,4.1964,2.141,2.1544,4.9782,1.2897,1.7554,3.799,0.68253,1.9763,2.7561,2.1406,2.1535,4.9793,2.3179,2.1836,4.4579,1.567,2.2869,3.9627,4.1923,3.0104,0.12665,1.9554,2.3352,3.9951,0.83917,1.9643,4.1175,1.1726,2.5707,4.2136,3.5118,2.8547,6.0742,1.5318,1.6172,3.2864,0.32509,2.297,3.4114,5.1375,2.9924,1.0786,0.55386,2.785,3.2493,1.2638,2.5059,2.9757,2.1407,2.1535,4.9817,1.4733,2.0953,4.3488,1.5253,1.6218,3.2863,1.378,2.9306,3.3644,0.44726,2.4505,2.7147,0.92463,2.4546,2.9988,0.22219,2.6181,3.3413,1.6115,2.2544,4.1241,0.44165,2.4479,2.7092,1.0486,2.1675,3.6612,1.3944,1.8086,4.293,0.32534,2.2983,3.4098,1.5289,1.6174,3.2864,0.44377,2.4509,2.7124,2.9749,2.8701,5.8918,2.0092,2.5999,4.0362,1.9692,2.1767,4.5864,2.6381,2.7752,5.2773,1.8894,1.9668,3.9049,1.2938,1.8187,3.6873,2.1424,2.1545,4.9813,1.4031,2.6597,4.0101,1.1135,3.0857,2.9569,4.6913,2.9877,0.41608,1.2552,2.6827,4.3323,1.9035,1.9592,3.8848,1.2442,2.6358,2.8624,0.35235,2.7742,2.9431,0.93889,2.8891,4.1318,0.5688,2.5206,2.5775,0.69922,1.93,2.9948,0.54705,2.3944,3.431,1.5674,2.1752,4.2268,1.2536,2.6841,4.3331,0.63671,1.9467,3.1211,1.9785,1.8986,3.8193,1.1932,1.8477,3.6441,2.4708,2.7242,4.9923,1.3773,1.5208,4.1735,1.391,2.1562,3.1758,0.63832,1.9465,3.1205,0.45928,2.4507,2.5656,1.6131,2.2519,4.1266,2.4674,2.7241,4.9904,0.63716,1.9473,3.119,1.5636,1.714,3.3268,0.5187,3.0392,2.4348,0.57037,2.5209,2.5805,2.9041,2.7438,5.8835,6.172,2.8627,2.5366,4.6804,2.9902,0.40314,2.3485,2.41,3.7567,0.85017,3.0826,3.6308,1.441,2.2523,3.5657,0.83182,3.0802,3.6122,2.3684,2.2382,3.8115,1.1921,1.8486,3.6432,2.4263,2.3369,4.5577,2.5834,2.6257,4.0286,1.259,2.6845,4.3355,1.8906,1.9657,3.9066,1.1214,2.7989,3.6468,2.4542,2.4868,5.097,1.6067,2.6228,3.2977,2.1688,2.1866,4.1014,0.78743,1.9022,3.3724,2.3487,2.4105,3.7549,2.3504,2.4122,3.7572,2.1833,1.8848,4.8997,2.6473,2.2912,4.7935,2.3666,2.2392,3.8111,1.3811,1.5863,3.8344,2.4711,2.7216,4.995,1.8902,1.9658,3.9069,0.78014,2.1421,3.9583,1.6016,1.8361,4.2589,2.4687,2.724,4.9924,1.445,2.3901,3.26,5.9252,2.88,2.2032,1.8598,1.8013,3.4743,1.9789,3.0267,4.3036,2.013,1.9497,4.7511,1.0978,2.5794,4.2702,1.8806,2.1506,4.8605,1.6135,1.8057,3.9667,1.6043,2.0106,3.3941,1.0072,2.7795,3.5565,0.90663,2.8339,3.8045,1.376,2.3881,3.8424,1.1201,2.8001,3.6459,1.8392,1.8007,4.0944,0.91217,2.4614,2.7716,1.9099,2.0683,4.3846,0.066709,2.7972,2.8317,1.087,1.9611,4.2606,0.94515,2.3382,3.0065,1.6323,2.3957,4.5869,0.97935,2.0893,2.8332,0.74441,1.9995,2.7442,1.613,1.8052,3.9687,0.91282,2.4608,2.7722,1.3816,1.5869,3.8361,2.773,2.5905,4.6388,1.0844,2.1371,3.6274,1.1185,2.802,3.647,1.976,1.987,4.4763,1.0855,1.9623,4.2599,1.8531,1.6503,3.45,1.6624,2.4799,3.9993,2.1105,2.5552,4.9228,2.1559,2.3802,3.7111,1.1833,3.0752,3.4158,1.446,1.4656,4.2333,0.61661,3.0003,3.6108,1.6251,1.7537,4.2345,0.74519,1.9979,2.7432,0.68973,2.1943,3.9435,2.6899,2.6027,4.5381,1.9906,2.1288,3.4393,1.3817,2.9247,3.537,1.0815,2.1911,3.6362,2.5308,1.9986,4.4683,1.4915,1.7352,4.4227,1.6111,2.5929,3.5824,2.0629,2.2866,4.0714,2.7131,2.3751,5.0134,0.44243,2.5318,2.9549
0.0014842,218.5,0.0014297,217.93,229.2,217.84,214.13,227.79,219.62,227.48,227.3,216.01,224.09,235.03,206.13,215.81,223.72,227.91,218.94,219.78,212.48,206.6,230.86,216.12,206.69,221.75,202.84,212.96,216.32,232.74,203.15,219.57,214.6,218.99,202.97,229.71,224.96,230.25,226.71,208.18,221.25,228.42,222.78,208.32,226.97,207.29,221.48,224.66,224.64,226.68,224.49,220.98,216.3,221.05,232.12,218.63,226.45,218.53,225.11,216.13,209.7,232.86,227.44,221.83,228.05,205.51,217.25,217.82,220.36,210.7,233.45,216.78,220.74,211.19,222.82,219.6,211.47,218.54,219.6,218.94,226.01,229.69,217.33,224.36,224.44,206.57,218.08,209.23,224.69,217.2,219.1,214.89,221.3,220.97,210.45,214.81,220.39,212.63,220.46,224.91,209.67,217.32,226.18,229.49,226.73,221.54,221.51,218.16,228.29,216.41,210.23,213.04,229.57,216.31,222.12,221.12,203.01,226.84,219.97,219.47,219.78,221.97,207.58,220.88,219.65,210.2,214.37,213.7,227.46,201.53,223.42,228.03,223.19,220.93,226.14,219.77,215.0,228.8,225.44,216.31,219.11,224.46,217.2,210.69,213.68,231.74,214.28,218.04,222.93,205.14,216.23,226.36,210.14,216.78,240.21,217.3,198.49,225.11,224.08,225.66,215.75,228.08,218.97,213.62,199.36,210.98,211.37,219.99,206.7,218.34,223.96,205.99,220.37,214.66,221.86,214.95,215.67,214.04,216.91,215.75,217.86,225.79,213.42,225.23,227.36,213.75,225.05,221.73,222.6,220.8,213.43,222.83,225.12,221.74,218.6,225.37,218.49,222.97,215.88,227.09,217.63,217.28,213.72,218.02,214.97,217.48,214.37,224.81,219.08,216.16,220.79,223.24,216.27,215.49,212.0,216.5,226.26,214.95,217.55,220.75,217.63,221.56,220.36,220.22,218.37,221.37,225.02,213.67,231.29,210.25,220.74,221.03,222.25,215.22,221.71,224.64,207.72,218.22,220.09,207.94,221.55,205.65,226.14,219.71,209.51,216.8,219.81,208.1,224.55,228.5,225.72,210.46,225.09,214.99,220.55,217.47,203.85,217.36,229.38,217.71,211.41,212.55,237.06,228.21,215.48,224.01,197.69,198.22,211.01,225.83,217.5,212.39,226.46,221.68,217.95,211.72,205.62,224.77,218.62,225.63,226.69,0.0015366,0.0014329,0.001448,0.001458,0.0014084,0.0013386,0.0015227,0.0014916,0.0015144,0.0014263,0.001419,0.0014847,0.001445,0.0014046,0.001421,0.0014325,0.0015463,0.0014519,0.0013769,0.0014494,0.0014922,0.001466,0.0014263,0.0014367,0.0015198,0.0014606,0.0014352,0.0014778,0.0013925,0.0014601,0.0014365,0.0013534,0.0014057,0.0013921,0.0014301,0.0014886,0.0014921,0.001472,0.0014132,0.0013704,0.0013833,0.0014146,0.0014772,0.0014543,0.0014504,0.0013862,0.0014599,0.0014441,0.0014258,0.0013976,0.0013913,0.0014552,0.0014356,0.0014409,0.0014465,0.0014922,0.0015033,0.0015192,0.0014429,0.0014112,0.0013981,0.0014339,0.0014692,0.0014388,0.0014626,0.0013774,0.0013763,0.0015042,0.0013955,0.0013861,0.0013921,0.0013924,0.0013939,0.0015103,0.0013977,0.0014455,0.0014086,0.0014212,0.0014542,0.0015289,0.0014182,0.0014055,0.0013944,0.0014902,0.0014278,0.0014972,0.0013893,0.0013771,0.0014196,0.0013918,0.0014745,0.0015063,0.0014386,0.0015394,0.0014852,0.0014434,0.0014232,0.0013319,0.0014314,0.0014213,0.0013998,0.0013962,0.0013848,0.0013939,0.0015456,0.0013912,0.0014353,0.0014669,0.0013566,0.0014194,0.0014564,0.0014619,0.0013998,0.0014548,0.0013841,0.0014138,0.0013983,0.0014152,0.001454,0.0013847,0.0013939,0.0014803,0.0014173,0.0014256,0.0015158,0.001411,0.001454,0.0015355,0.0014185,0.0013994,0.0014044,0.0014324,0.0014333,0.0014261,0.0014675,0.001422,0.0014643,0.0013395,0.0014054,0.0013768,0.001333,0.001332,0.0014425,0.0013484,0.001448,0.0013998,0.0014673,0.001514,0.0014325,0.0013893,0.0014023,0.0014902,0.0014183,0.0014342,0.0014595,0.0013882,0.0013988,0.0015475,0.0014177,0.0013653,0.0013555,0.0013976,0.0014852,0.0015137,0.0013668,0.001458,0.0014057,0.0013982,0.0013505,0.0014395,0.0014085,0.0013763,0.0013835,0.0014755,0.0014218,0.0014565,0.0014197,0.0014391,0.0014308,0.0014727,0.0014169,0.0013921,0.0014543,0.0014278,0.0014959,0.0014082,0.0014402,0.0014304,0.0013903,0.0015143,0.0014264,0.0013861,0.0014279,0.0014435,0.0013929,0.0013853,0.001574,0.001492,0.0013964,0.0014938,0.0014348,0.0014351,0.0013971,0.0014469,0.001468,0.0014816,0.0013899,0.0014521,0.0014025,0.0014827,0.0014558,0.0014049,0.001369,0.0014165,0.0014327,0.0014046,0.0013959,0.0014014,0.0014372,0.001392,0.001427,0.0013826,0.0015245,0.0014037,0.0014167,0.0014607,0.0014646,0.0013823,0.0014041,0.0014017,0.0014586,0.0013883,0.0014481,0.0013811,0.0013826,0.0014873,0.0014312,0.0014217,0.0014135,0.0013968,0.001393,0.0014497,0.0013691,0.0013945,0.0014137,0.0014259,0.0014006,0.0014294,0.0013288,0.0013892,0.0014901,0.0014011,0.0015124,0.0014037,0.0013545,0.0014376,0.0013994,0.001397,0.0014549,0.0014408,0.0014402,0.0013884,0.0014107,0.0014429,0.0014283,0.0014811,0.0013842,0.0013798,0.0014784,0.0014575,0.0013983,0.001383,0.001374,0.0014428,0.0013999,0.0013987,0.0014248,0.0014353,652860.0,527600.0,4051000.0,2361500.0,1063500.0,5504200.0,2008000.0,2411200.0,2983400.0,2907700.0,715790.0,4946000.0,1272400.0,3886200.0,2497000.0,4962200.0,4006100.0,1313700.0,3439700.0,2457300.0,3280300.0,11623000.0,939160.0,6172800.0,733680.0,8929900.0,1559800.0,1804700.0,799240.0,3153800.0,1663100.0,5695800.0,23134000.0,2470300.0,2681400.0,4250800.0,1211200.0,1483800.0,1623100.0,2037800.0,1036500.0,2054600.0,998900.0,7322600.0,2384900.0,1789300.0,1464100.0,2229500.0,15638000.0,933030.0,7138100.0,3914300.0,695400.0,3830400.0,1057500.0,2604500.0,17325000.0,31464000.0,2325700.0,1698300.0,1501900.0,2783800.0,1015700.0,1887600.0,3336500.0,787200.0,2814400.0,1901400.0,3839200.0,2700300.0,1417200.0,1096800.0,14691000.0,5032200.0,1313700.0,3541200.0,1639800.0,944740.0,2521800.0,3636500.0,1267500.0,875270.0,2074100.0,856130.0,1823800.0,2791600.0,4851100.0,4107200.0,2293000.0,5593500.0,1274600.0,9165300.0,4558400.0,997350.0,1628100.0,875890.0,1738300.0,3439800.0,9756100.0,1694900.0,16185000.0,1389000.0,9707100.0,1601000.0,3111800.0,1248900.0,1595600.0,12279000.0,5012700.0,2131600.0,3788800.0,2346100.0,1178000.0,645020.0,3343500.0,11411000.0,2365500.0,1449300.0,738260.0,1883600.0,722040.0,1169800.0,2174300.0,8636100.0,4069700.0,2575300.0,3026200.0,2316200.0,1468700.0,757990.0,10124000.0,2341800.0,3477500.0,2031800.0,1344300.0,1016600.0,1973900.0,1030900.0,2818800.0,3841500.0,1137500.0,1448700.0,2060900.0,1490700.0,2159300.0,2379200.0,867820.0,6776700.0,1483200.0,9209400.0,6039000.0,796610.0,10241000.0,798180.0,1257100.0,18495000.0,669880.0,11896000.0,704520.0,5463300.0,3620500.0,3728500.0,2594300.0,5128500.0,4299400.0,4138300.0,945220.0,4052400.0,1605800.0,6226400.0,1476500.0,7458600.0,1058700.0,729360.0,3925100.0,2935000.0,1917500.0,8220700.0,2222600.0,929290.0,1207100.0,3637800.0,3493100.0,1909700.0,1445200.0,720570.0,6685600.0,5169700.0,2290100.0,619540.0,17391000.0,3256600.0,5152600.0,1119800.0,17904000.0,5318100.0,1077700.0,8409500.0,1326800.0,1407500.0,3909300.0,5195800.0,785010.0,1609000.0,953500.0,1742800.0,1536400.0,1428600.0,7692300.0,2295200.0,1389900.0,12034000.0,2729100.0,1213300.0,1238200.0,3194500.0,932670.0,4580100.0,1110300.0,1813100.0,7912700.0,4355400.0,685140.0,1393400.0,9817300.0,5161200.0,4960900.0,15079000.0,2942700.0,1891900.0,2294600.0,2933500.0,3129200.0,1844900.0,1714400.0,2219900.0,1469200.0,7074000.0,638180.0,3583000.0,8148600.0,8705300.0,1826300.0,5270900.0,3949100.0,4910800.0,847070.0,1117100.0,5283500.0,1523800.0,6462500.0,3415400.0,6961300.0,1931200.0,1605900.0,1559300.0,1065700.0,1101400.0,2250300.0,1018100.0,5082200.0,3404400.0,3048000.0,2817500.0,2386500.0,1906100.0,15335000.0,13457000.0,3518500.0,3147900.0,1932600.0,4368700.0,3283600.0,640970.0,2021700.0,760960.0,3461100.0,1947300.0,1.5241,1.8374,4.1746,1.2784,2.2252,4.2225,1.2316,1.9876,4.2329,2.4994,2.6631,4.303,0.85822,2.0617,4.2165,1.5205,2.4824,3.8936,3.0045,2.8387,5.8137,1.23,1.989,4.2336,1.7481,1.7189,4.2482,1.2773,2.2267,4.2238,0.85854,2.0616,4.2157,2.8892,2.8356,4.5065,5.7145,2.7777,1.4723,1.2354,2.8469,3.6205,0.958,2.1446,3.0241,2.4832,2.0496,4.4433,1.4727,1.6777,3.9048,0.65969,2.5684,3.8863,2.0052,1.7622,3.4724,1.0711,2.448,3.0529,0.27399,2.2845,3.5662,1.7865,1.6722,3.3868,2.1492,2.8272,4.455,1.7869,1.6687,3.3896,1.4767,1.6757,3.9056,0.39654,2.1316,3.2063,2.0334,2.3524,4.3839,1.474,1.6648,3.199,0.83243,1.8709,2.7756,3.0063,2.8415,5.8124,2.0061,1.7595,3.4735,1.0067,2.7156,2.8789,1.8174,2.5893,4.0006,0.6314,1.8667,2.7993,1.0708,2.4465,3.0512,1.8979,1.9141,4.493,1.6791,1.6971,3.8957,0.5098,2.2005,3.7446,1.1932,2.4163,3.7873,1.0065,2.0572,3.2733,2.5438,2.2957,4.2868,2.0672,2.1459,4.6737,1.4783,1.6764,3.9095,1.8969,1.9166,4.4927,1.4902,2.1693,3.2681,0.82383,2.0768,3.1908,2.4175,2.3699,4.3117,1.9474,2.6026,4.8941,1.9403,2.5949,4.8839,2.544,2.2958,4.2856,1.2876,2.4854,3.9484,1.6861,2.2311,4.2928,2.0666,3.0643,4.0113,0.49937,2.4703,2.4725,1.5428,2.0549,4.6057,2.0802,3.0673,4.0284,0.39443,2.3728,3.4406,1.6613,1.6323,4.083,0.71047,2.02,3.1005,2.2437,2.2392,4.6447,0.62194,2.6206,2.9926,1.0062,2.0603,3.2738,0.13399,2.89,1.9794,1.9944,1.984,4.5863,2.5443,2.296,4.2885,2.6793,2.3394,5.2023,2.1538,2.8264,4.4573,1.0793,1.8519,3.9436,4.6164,3.0015,0.50448,0.8884,2.1165,3.0568,1.3058,2.1012,4.2639,1.0557,2.0866,3.4939,2.3207,2.7571,4.5922,1.7006,1.6014,4.159,1.1408,2.559,3.0643,0.74878,2.4247,3.7703,2.0532,1.9306,3.7409,1.6004,2.4369,3.4687,1.6628,2.5203,3.6079,1.6602,1.6811,4.2496,2.118,2.8131,4.5948,2.1198,2.8137,4.5937,3.3511,2.7825,6.1123,1.6998,1.6013,4.1591,1.7013,2.0061,3.4535,2.1328,2.9381,4.9273,1.1425,2.5588,3.0674,2.6403,2.447,4.9917,1.0225,2.6025,4.0653,1.6023,2.436,3.4689,1.1864,1.7961,4.103,1.6608,1.6325,4.0848,1.7016,2.0057,3.4525,0.28862,2.9478,3.3347,2.8691,2.2927,4.5602,1.3176,1.9511,4.2045,1.2443,2.6908,3.3164,1.4643,2.459,3.3429,1.8404,1.987,3.7268,1.9513,2.3345,3.9913,1.0977,2.2824,3.1896,2.5404,2.0507,5.1495,1.2413,2.6903,3.3111,1.4635,2.4599,3.3409,0.28865,2.9474,3.3362,0.67754,1.8053,2.9162,1.7016,2.0287,4.4197,1.4676,1.8656,4.118,5.5427,2.9021,1.8543,0.81919,2.1223,2.7796,1.0227,2.6033,4.0665,2.1503,2.5238,3.6206,2.6419,2.4454,4.9935,2.7991,2.7061,4.5191,2.1654,2.5311,4.5369,2.349,2.1019,4.1931,0.76613,1.9877,3.3506,0.32217,2.4751,2.8774,0.60445,2.1401,3.7143,2.3862,2.5114,4.4289,0.74479,2.4655,2.8487,1.2554,1.5813,4.2874,1.7013,2.0061,3.4511,0.0051431,2.6894,2.049,3.2065,2.9387,6.1972,0.74028,2.4661,2.8464,1.6603,1.6339,4.0884,1.4937,1.8635,3.183,0.73984,2.4657,2.8454,2.1688,2.3479,4.9568,1.1415,2.5623,3.067,1.0015,1.963,3.5037,0.53342,1.978,3.2567,1.7002,2.0074,3.4508,2.3862,2.0793,4.1964,2.1409,2.1544,4.9782,1.2898,1.7554,3.799,0.68263,1.9763,2.7561,2.1405,2.1535,4.9793,2.3179,2.1836,4.4579,1.567,2.2869,3.9627,4.1921,3.0104,0.12649,1.9554,2.3352,3.9951,0.83912,1.9643,4.1176,1.1726,2.5707,4.2136,3.5117,2.8547,6.0742,1.5318,1.6172,3.2864,0.32509,2.297,3.4115,5.1374,2.9924,1.0785,0.55391,2.785,3.2494,1.2638,2.5059,2.9757,2.1408,2.1535,4.9817,1.4734,2.0953,4.3488,1.5254,1.6217,3.2863,1.3782,2.9305,3.3644,0.44735,2.4504,2.7147,0.92465,2.4546,2.9988,0.2222,2.6182,3.3413,1.6116,2.2544,4.1241,0.44172,2.4479,2.7093,1.0486,2.1675,3.6613,1.3944,1.8085,4.293,0.32532,2.2984,3.4099,1.5289,1.6174,3.2864,0.44387,2.4508,2.7124,2.9749,2.8701,5.8918,2.0092,2.5999,4.0362,1.9692,2.1767,4.5864,2.638,2.7752,5.2772,1.8894,1.9668,3.9049,1.2938,1.8187,3.6873,2.1424,2.1545,4.9813,1.4032,2.6597,4.0101,1.1137,3.0857,2.9569,4.6912,2.9877,0.41589,1.2552,2.6827,4.3323,1.9035,1.9591,3.8848,1.2443,2.6358,2.8624,0.35241,2.7742,2.9432,0.93898,2.8892,4.1319,0.5688,2.5206,2.5775,0.69926,1.93,2.9948,0.54714,2.3945,3.4311,1.5674,2.1752,4.2268,1.2536,2.6842,4.3331,0.63673,1.9467,3.1211,1.9785,1.8985,3.8193,1.1932,1.8477,3.6441,2.4708,2.7241,4.9923,1.3773,1.5208,4.1735,1.391,2.1562,3.1758,0.63835,1.9466,3.1204,0.45937,2.4506,2.5656,1.6132,2.2519,4.1267,2.4674,2.724,4.9904,0.63714,1.9473,3.119,1.5636,1.7141,3.3268,0.51899,3.0392,2.435,0.57041,2.5209,2.5806,2.9042,2.7438,5.8835,6.1719,2.8628,2.5366,4.68,2.9902,0.40278,2.3487,2.41,3.7568,0.85072,3.0826,3.6314,1.4409,2.2524,3.5657,0.83207,3.0802,3.6125,2.3685,2.2382,3.8115,1.1922,1.8486,3.6432,2.4263,2.3369,4.5578,2.5834,2.6257,4.0286,1.2591,2.6845,4.3355,1.8906,1.9657,3.9066,1.1215,2.7989,3.6469,2.4542,2.4868,5.097,1.6067,2.6228,3.2977,2.1688,2.1866,4.1014,0.78744,1.9023,3.3724,2.3488,2.4104,3.7549,2.3505,2.4121,3.7572,2.1834,1.8849,4.8997,2.6473,2.2912,4.7935,2.3667,2.2391,3.8111,1.3812,1.5863,3.8344,2.471,2.7215,4.995,1.8901,1.9657,3.9068,0.78015,2.1421,3.9583,1.6016,1.8361,4.259,2.4687,2.7239,4.9924,1.445,2.3901,3.2601,5.9251,2.88,2.2032,1.8598,1.8013,3.4744,1.9792,3.0267,4.3038,2.013,1.9496,4.7511,1.0979,2.5794,4.2703,1.8806,2.1506,4.8605,1.6135,1.8057,3.9667,1.6044,2.0106,3.3941,1.0073,2.7795,3.5566,0.90673,2.8339,3.8046,1.376,2.3881,3.8425,1.1202,2.8,3.646,1.8391,1.8007,4.0944,0.91218,2.4614,2.7716,1.9099,2.0683,4.3846,0.066761,2.7972,2.8317,1.087,1.9611,4.2607,0.94517,2.3382,3.0065,1.6323,2.3957,4.5869,0.97936,2.0893,2.8332,0.74441,1.9995,2.7442,1.613,1.8052,3.9687,0.91283,2.4608,2.7723,1.3815,1.5869,3.8362,2.773,2.5905,4.6388,1.0844,2.1371,3.6275,1.1185,2.802,3.647,1.976,1.987,4.4763,1.0854,1.9623,4.2599,1.8531,1.6503,3.45,1.6624,2.4799,3.9993,2.1106,2.5552,4.9228,2.1559,2.3802,3.711,1.1834,3.0752,3.416,1.446,1.4656,4.2333,0.61672,3.0003,3.611,1.6251,1.7537,4.2345,0.74519,1.9979,2.7432,0.68975,2.1943,3.9436,2.6898,2.6027,4.538,1.9907,2.1288,3.4393,1.3817,2.9247,3.537,1.0816,2.1911,3.6362,2.5308,1.9986,4.4683,1.4915,1.7352,4.4227,1.611,2.5929,3.5824,2.0629,2.2866,4.0714,2.7131,2.3751,5.0133,0.4425,2.5318,2.955
0.0022553,288.73,0.0018848,282.7,307.3,281.49,281.31,308.13,294.65,301.27,301.99,283.51,292.15,324.43,265.65,283.22,298.96,310.72,286.32,288.97,271.53,267.43,309.65,286.24,268.16,294.27,263.75,277.85,284.13,316.93,258.34,299.24,277.42,287.62,261.28,311.73,300.96,311.67,300.71,274.64,292.45,309.31,297.39,270.59,307.54,265.12,293.6,295.64,298.53,297.86,301.07,290.94,287.58,290.47,313.79,292.56,303.93,283.63,297.8,286.53,273.52,315.06,308.46,291.94,309.49,266.63,284.65,283.49,293.67,275.19,313.56,285.28,292.66,274.99,293.41,289.72,274.77,289.12,288.19,287.9,299.69,306.19,285.67,299.3,300.45,266.09,289.19,265.41,300.84,286.42,290.1,278.65,293.96,295.25,275.4,278.47,286.79,277.96,291.36,306.61,274.02,283.3,301.84,313.16,311.43,297.64,291.7,289.79,310.93,286.38,272.95,280.28,312.26,280.61,293.68,295.71,259.0,306.15,289.07,293.83,289.74,293.91,269.33,292.76,292.29,271.91,279.48,279.28,308.38,259.05,296.98,307.22,300.98,293.43,305.44,289.04,278.65,305.69,302.17,284.47,293.37,299.98,286.03,277.41,280.69,310.91,278.47,283.66,301.45,270.43,285.22,305.57,272.69,283.92,331.04,285.74,252.11,303.2,299.46,305.27,285.08,309.56,286.89,279.65,256.47,273.31,275.46,290.79,264.32,288.86,302.45,268.48,289.51,285.83,298.87,281.92,286.89,280.44,282.72,283.05,285.14,305.83,284.53,301.51,309.55,281.11,303.15,293.55,301.41,289.22,280.64,298.78,303.14,293.76,294.97,298.22,290.17,296.91,287.88,300.86,286.63,288.02,280.3,287.97,283.55,288.55,283.76,298.52,288.0,284.01,292.57,299.66,285.81,280.77,273.16,287.04,305.28,278.41,285.93,296.8,288.23,294.74,293.4,294.02,289.83,294.1,302.1,274.94,309.14,273.31,293.15,293.49,295.22,279.22,299.42,301.95,264.79,288.66,291.06,261.14,296.32,267.68,299.79,292.65,270.18,283.21,291.57,268.9,298.0,306.67,294.98,275.79,302.18,281.3,292.09,287.17,263.24,287.94,313.34,286.17,278.23,278.2,324.64,303.37,281.13,297.58,255.03,253.06,278.12,305.98,287.15,277.17,298.84,299.14,284.63,274.31,266.27,300.14,287.73,298.24,300.97,0.002,0.0019226,0.0018909,0.0018963,0.0019091,0.0018089,0.0019899,0.0019769,0.0019708,0.0018622,0.0019483,0.0019039,0.0018953,0.0018835,0.0019648,0.0018698,0.002009,0.0018629,0.0017804,0.0019871,0.001963,0.0019005,0.0019158,0.0018604,0.0019625,0.0018935,0.001964,0.0018886,0.001929,0.0018672,0.0018747,0.0017499,0.0019073,0.0018758,0.001949,0.0019577,0.0019603,0.001953,0.0018987,0.0018151,0.0017616,0.001931,0.0018846,0.00191,0.001895,0.0018353,0.0018921,0.0019148,0.0018769,0.0018073,0.0018477,0.001976,0.0018617,0.0019225,0.0018772,0.0019262,0.0019666,0.0019773,0.0019451,0.0019451,0.0018641,0.001955,0.0019077,0.0019163,0.0018997,0.001867,0.0018232,0.0020049,0.0018417,0.0018919,0.0018146,0.0018198,0.0018525,0.001955,0.0018671,0.0018775,0.0018415,0.0018965,0.0019633,0.0019928,0.0019103,0.0018906,0.0017881,0.0019294,0.0018212,0.0019741,0.0018523,0.0018315,0.0018352,0.0018437,0.0019476,0.0019532,0.0018612,0.0019796,0.0019162,0.001866,0.0019473,0.0017542,0.0018572,0.0018914,0.0019091,0.0019348,0.0018621,0.0018566,0.0020176,0.0018745,0.001895,0.0019031,0.0017673,0.0019637,0.0018888,0.0019355,0.0018803,0.00187,0.0018843,0.0018566,0.0018566,0.0018569,0.0019242,0.0018313,0.0018917,0.0019392,0.0018417,0.0018466,0.0019663,0.0019268,0.0018634,0.0020187,0.0019327,0.001908,0.0018838,0.0019115,0.0018658,0.0018477,0.0019554,0.0019363,0.0019009,0.0018123,0.0019129,0.0018138,0.0017763,0.0017246,0.0019274,0.0017849,0.0018857,0.0018426,0.0019026,0.0019799,0.0019041,0.0017888,0.0018433,0.0020699,0.0018575,0.001835,0.0019259,0.0018454,0.0019119,0.0020252,0.0019351,0.0017932,0.0017731,0.0017941,0.0019178,0.0019501,0.0018072,0.0018564,0.0018656,0.0018982,0.0017653,0.0018719,0.0018197,0.0018613,0.001843,0.0019221,0.001855,0.0019006,0.0018602,0.0018795,0.0018913,0.0019262,0.0018956,0.0018776,0.0019047,0.0019212,0.0019786,0.0018846,0.0018769,0.0018689,0.0018515,0.0019901,0.001893,0.0018523,0.0018975,0.001991,0.0018476,0.0018463,0.0020472,0.0019512,0.0018602,0.0019547,0.0018774,0.0018814,0.0018736,0.0018845,0.0020195,0.0019317,0.0018447,0.0019039,0.0018705,0.0019511,0.001898,0.0018125,0.0018081,0.0019299,0.0018838,0.0018602,0.0018547,0.0018595,0.0019182,0.0018565,0.0019074,0.0018375,0.0019826,0.0018812,0.0018237,0.001956,0.0018916,0.0018268,0.0018703,0.001825,0.0018832,0.0018436,0.0019501,0.0017692,0.0018304,0.0019163,0.001842,0.0019028,0.0018303,0.0018657,0.001862,0.0018698,0.0017985,0.001846,0.0018142,0.0018934,0.001923,0.0018897,0.0017654,0.0018889,0.0019138,0.0018734,0.0019659,0.0018002,0.0017781,0.0019451,0.0018364,0.0018584,0.0018723,0.0019873,0.0019145,0.0018139,0.0018441,0.0018671,0.0018265,0.0019229,0.0018965,0.0018224,0.001919,0.0019444,0.001862,0.0018174,0.0017641,0.0018553,0.0018618,0.0018393,0.0018803,0.001886,652860.0,527600.0,4051000.0,2361500.0,1063500.0,5504200.0,2008000.0,2411200.0,2983400.0,2907700.0,715790.0,4946000.0,1272400.0,3886200.0,2497000.0,4962200.0,4006100.0,1313700.0,3439700.0,2457300.0,3280300.0,11623000.0,939160.0,6172800.0,733680.0,8929900.0,1559800.0,1804700.0,799240.0,3153800.0,1663100.0,5695800.0,23134000.0,2470300.0,2681400.0,4250800.0,1211200.0,1483800.0,1623100.0,2037800.0,1036500.0,2054600.0,998900.0,7322600.0,2384900.0,1789300.0,1464100.0,2229500.0,15638000.0,933030.0,7138100.0,3914300.0,695400.0,3830400.0,1057500.0,2604500.0,17325000.0,31464000.0,2325700.0,1698300.0,1501900.0,2783800.0,1015700.0,1887600.0,3336500.0,787200.0,2814400.0,1901400.0,3839200.0,2700300.0,1417200.0,1096800.0,14691000.0,5032200.0,1313700.0,3541200.0,1639800.0,944740.0,2521800.0,3636500.0,1267500.0,875270.0,2074100.0,856130.0,1823800.0,2791600.0,4851100.0,4107200.0,2293000.0,5593500.0,1274600.0,9165300.0,4558400.0,997350.0,1628100.0,875890.0,1738300.0,3439800.0,9756100.0,1694900.0,16185000.0,1389000.0,9707100.0,1601000.0,3111800.0,1248900.0,1595600.0,12279000.0,5012700.0,2131600.0,3788800.0,2346100.0,1178000.0,645020.0,3343500.0,11411000.0,2365500.0,1449300.0,738260.0,1883600.0,722040.0,1169800.0,2174300.0,8636100.0,4069700.0,2575300.0,3026200.0,2316200.0,1468700.0,757990.0,10124000.0,2341800.0,3477500.0,2031800.0,1344300.0,1016600.0,1973900.0,1030900.0,2818800.0,3841500.0,1137500.0,1448700.0,2060900.0,1490700.0,2159300.0,2379200.0,867820.0,6776700.0,1483200.0,9209400.0,6039000.0,796610.0,10241000.0,798180.0,1257100.0,18495000.0,669880.0,11896000.0,704520.0,5463300.0,3620500.0,3728500.0,2594300.0,5128500.0,4299400.0,4138300.0,945220.0,4052400.0,1605800.0,6226400.0,1476500.0,7458600.0,1058700.0,729360.0,3925100.0,2935000.0,1917500.0,8220700.0,2222600.0,929290.0,1207100.0,3637800.0,3493100.0,1909700.0,1445200.0,720570.0,6685600.0,5169700.0,2290100.0,619540.0,17391000.0,3256600.0,5152600.0,1119800.0,17904000.0,5318100.0,1077700.0,8409500.0,1326800.0,1407500.0,3909300.0,5195800.0,785010.0,1609000.0,953500.0,1742800.0,1536400.0,1428600.0,7692300.0,2295200.0,1389900.0,12034000.0,2729100.0,1213300.0,1238200.0,3194500.0,932670.0,4580100.0,1110300.0,1813100.0,7912700.0,4355400.0,685140.0,1393400.0,9817300.0,5161200.0,4960900.0,15079000.0,2942700.0,1891900.0,2294600.0,2933500.0,3129200.0,1844900.0,1714400.0,2219900.0,1469200.0,7074000.0,638180.0,3583000.0,8148600.0,8705300.0,1826300.0,5270900.0,3949100.0,4910800.0,847070.0,1117100.0,5283500.0,1523800.0,6462500.0,3415400.0,6961300.0,1931200.0,1605900.0,1559300.0,1065700.0,1101400.0,2250300.0,1018100.0,5082200.0,3404400.0,3048000.0,2817500.0,2386500.0,1906100.0,15335000.0,13457000.0,3518500.0,3147900.0,1932600.0,4368700.0,3283600.0,640970.0,2021700.0,760960.0,3461100.0,1947300.0,1.5241,1.8373,4.1746,1.2785,2.2252,4.2225,1.2316,1.9875,4.233,2.4996,2.6631,4.3031,0.85806,2.0616,4.2166,1.5206,2.4824,3.8936,3.0045,2.8387,5.8138,1.2301,1.9889,4.2337,1.7478,1.7189,4.2482,1.2774,2.2267,4.2239,0.85847,2.0616,4.2157,2.8894,2.8357,4.5066,5.7142,2.7776,1.472,1.2355,2.8466,3.6206,0.95799,2.1447,3.0241,2.4832,2.0496,4.4433,1.4727,1.6777,3.9048,0.65975,2.5686,3.8862,2.0052,1.7622,3.4723,1.0711,2.448,3.0531,0.274,2.2845,3.5661,1.7863,1.6721,3.3868,2.1486,2.827,4.4545,1.7869,1.6687,3.3896,1.477,1.6756,3.9057,0.39644,2.1317,3.2062,2.0336,2.3525,4.384,1.4743,1.6648,3.1991,0.83245,1.871,2.7756,3.0062,2.8414,5.8124,2.006,1.7595,3.4735,1.0067,2.7155,2.8789,1.8173,2.5893,4.0005,0.6313,1.8668,2.7992,1.0707,2.4465,3.0513,1.8977,1.9142,4.4929,1.6792,1.697,3.8957,0.50981,2.2006,3.7448,1.1935,2.4166,3.7874,1.0066,2.0574,3.2733,2.544,2.2958,4.2869,2.0672,2.1459,4.6737,1.4783,1.6763,3.9096,1.8968,1.9167,4.4927,1.4903,2.1692,3.2681,0.8238,2.0771,3.1907,2.4176,2.37,4.3119,1.9477,2.6026,4.8942,1.9406,2.595,4.884,2.5442,2.2958,4.2857,1.2878,2.4855,3.9483,1.6862,2.2311,4.2928,2.067,3.0641,4.0116,0.49967,2.4701,2.4727,1.5428,2.0547,4.6057,2.0801,3.0673,4.0281,0.39429,2.3728,3.4405,1.6613,1.6322,4.083,0.71045,2.0202,3.1004,2.2437,2.2393,4.6448,0.62204,2.6203,2.9929,1.0062,2.0606,3.2738,0.13401,2.89,1.9791,1.9945,1.9842,4.5863,2.5445,2.2961,4.2885,2.6789,2.3393,5.2022,2.1534,2.8262,4.4568,1.0795,1.8518,3.9437,4.6165,3.0013,0.50462,0.88848,2.1166,3.0567,1.306,2.1011,4.2639,1.0558,2.0868,3.494,2.3203,2.7569,4.5918,1.7005,1.6014,4.159,1.1409,2.5589,3.0643,0.74871,2.4248,3.7703,2.0533,1.9304,3.7408,1.6002,2.437,3.4688,1.6626,2.5205,3.6078,1.66,1.681,4.2497,2.1175,2.8129,4.5944,2.1196,2.8135,4.5936,3.351,2.7825,6.1122,1.6998,1.6014,4.1592,1.7015,2.006,3.4535,2.133,2.9381,4.9275,1.1426,2.5587,3.0674,2.6402,2.4469,4.9916,1.0225,2.6026,4.0655,1.6022,2.436,3.469,1.1863,1.7962,4.103,1.6609,1.6325,4.0848,1.7016,2.0055,3.4524,0.28817,2.9478,3.3343,2.8694,2.2926,4.5603,1.3178,1.9511,4.2046,1.2444,2.6907,3.3166,1.4641,2.4589,3.3429,1.8402,1.9869,3.7267,1.9513,2.3347,3.9914,1.0977,2.2825,3.1897,2.5404,2.0505,5.1496,1.2412,2.6902,3.3111,1.4635,2.4599,3.341,0.28848,2.9476,3.336,0.67762,1.8054,2.916,1.7017,2.0287,4.4198,1.4679,1.8655,4.1181,5.5422,2.9021,1.854,0.81931,2.1224,2.7798,1.0225,2.6034,4.0666,2.1509,2.5238,3.6208,2.6419,2.4452,4.9933,2.7995,2.706,4.5192,2.1651,2.5309,4.5368,2.349,2.1019,4.193,0.7661,1.9879,3.3506,0.3226,2.475,2.8778,0.60429,2.1402,3.7146,2.3865,2.5114,4.4291,0.74498,2.4654,2.8489,1.2556,1.5813,4.2875,1.7012,2.006,3.4511,0.0053325,2.6894,2.0489,3.2067,2.9388,6.1975,0.74058,2.4659,2.8467,1.6602,1.6339,4.0884,1.4937,1.8632,3.183,0.74006,2.4655,2.8455,2.1689,2.3479,4.9568,1.1416,2.5623,3.0671,1.0019,1.9632,3.5038,0.53323,1.9782,3.2567,1.7002,2.0073,3.4508,2.3864,2.0792,4.1962,2.1409,2.1543,4.9782,1.29,1.7553,3.7991,0.68293,1.9763,2.7561,2.1405,2.1534,4.9793,2.3178,2.1838,4.458,1.567,2.287,3.9628,4.1923,3.0103,0.12649,1.9553,2.3354,3.9951,0.83891,1.9644,4.1176,1.1726,2.5709,4.2136,3.5118,2.8546,6.0743,1.532,1.6171,3.2864,0.32498,2.2971,3.4114,5.1371,2.9922,1.0779,0.55401,2.785,3.2496,1.2637,2.506,2.9758,2.141,2.1534,4.9816,1.4736,2.0953,4.3489,1.5256,1.6217,3.2864,1.3785,2.9304,3.3644,0.44776,2.4503,2.715,0.92461,2.4546,2.9988,0.22214,2.6182,3.3413,1.6117,2.2545,4.1242,0.44202,2.4478,2.7095,1.0487,2.1677,3.6612,1.3943,1.8085,4.2931,0.32513,2.2985,3.4099,1.529,1.6174,3.2864,0.44434,2.4507,2.7128,2.9749,2.87,5.892,2.009,2.5999,4.0362,1.9694,2.1768,4.5865,2.6375,2.7751,5.277,1.8892,1.9667,3.9048,1.294,1.8187,3.6875,2.1427,2.1545,4.9813,1.4033,2.6596,4.0101,1.1133,3.0856,2.9564,4.6908,2.9876,0.41541,1.2553,2.6829,4.3322,1.9033,1.959,3.8848,1.2442,2.6358,2.8624,0.35265,2.7742,2.9435,0.93906,2.8892,4.132,0.56884,2.5206,2.5776,0.69934,1.9302,2.9946,0.5472,2.3946,3.431,1.5678,2.1752,4.2269,1.2535,2.6844,4.3332,0.63671,1.9469,3.1209,1.9785,1.8984,3.8192,1.1935,1.8476,3.6443,2.4706,2.7239,4.992,1.3775,1.5209,4.1736,1.391,2.1561,3.176,0.63841,1.9467,3.1203,0.45987,2.4504,2.5658,1.6134,2.252,4.1268,2.467,2.7239,4.9902,0.63702,1.9475,3.1188,1.5637,1.714,3.3269,0.51994,3.0392,2.4357,0.57059,2.5208,2.5807,2.9045,2.7438,5.8838,6.1718,2.8628,2.5366,4.6791,2.99,0.4017,2.349,2.4098,3.7569,0.85199,3.0826,3.633,1.4407,2.2525,3.5657,0.83205,3.0802,3.6128,2.3687,2.2381,3.8114,1.1924,1.8486,3.6433,2.4264,2.3369,4.5579,2.5834,2.6257,4.0287,1.2591,2.6846,4.3356,1.8904,1.9657,3.9065,1.1217,2.7989,3.6472,2.4541,2.4865,5.0969,1.6063,2.623,3.2977,2.1687,2.1866,4.1013,0.78747,1.9024,3.3725,2.3491,2.4103,3.755,2.3506,2.4121,3.7571,2.1835,1.885,4.8999,2.6473,2.2911,4.7936,2.3669,2.2391,3.8111,1.3813,1.5863,3.8345,2.4707,2.7214,4.9946,1.89,1.9657,3.9068,0.78013,2.1422,3.9587,1.6017,1.836,4.2591,2.4685,2.7237,4.9923,1.445,2.3901,3.2601,5.9249,2.88,2.2031,1.8598,1.8011,3.4745,1.9794,3.0265,4.304,2.013,1.9496,4.7512,1.098,2.5795,4.2704,1.8808,2.1505,4.8605,1.6135,1.8056,3.9668,1.6044,2.0105,3.3941,1.0076,2.7793,3.557,0.90685,2.834,3.8047,1.3763,2.3883,3.8427,1.1205,2.7999,3.6462,1.8389,1.8007,4.0944,0.91207,2.4613,2.7716,1.9098,2.0684,4.3846,0.066906,2.7972,2.832,1.087,1.9611,4.2608,0.94521,2.3381,3.0066,1.6323,2.3957,4.5868,0.97933,2.0892,2.8333,0.74438,1.9995,2.7442,1.613,1.8051,3.9687,0.91281,2.4608,2.7724,1.3815,1.5869,3.8362,2.773,2.5905,4.6387,1.0845,2.1372,3.6275,1.1186,2.8019,3.6472,1.976,1.9872,4.4763,1.0853,1.9624,4.26,1.8531,1.6503,3.45,1.6624,2.48,3.9993,2.1109,2.5551,4.9229,2.156,2.3802,3.7109,1.1841,3.0751,3.4166,1.4461,1.4655,4.2334,0.61673,3.0004,3.6111,1.6252,1.7536,4.2346,0.74518,1.998,2.7432,0.6897,2.1943,3.9437,2.6898,2.6027,4.538,1.9909,2.1287,3.4393,1.3818,2.9245,3.5371,1.0818,2.1914,3.6362,2.5308,1.9987,4.4682,1.4915,1.7352,4.4227,1.6108,2.5929,3.5823,2.0628,2.2867,4.0715,2.7129,2.3748,5.0131,0.44282,2.5317,2.9554
0.0034107,332.25,0.0021603,316.2,361.33,312.02,324.5,359.39,345.06,353.57,348.3,325.18,334.36,396.1,294.29,327.76,351.0,365.71,328.57,330.91,297.12,296.7,355.87,328.13,299.93,343.64,296.53,313.13,328.27,379.32,279.17,356.17,315.32,326.9,289.43,369.89,351.77,370.99,349.31,313.29,334.74,367.93,350.08,304.12,365.85,294.15,339.19,336.26,349.39,344.4,354.91,333.46,337.53,330.72,370.99,348.73,354.34,318.63,349.07,330.82,308.83,376.73,362.6,336.18,365.85,300.9,325.92,318.61,339.61,311.62,374.64,328.55,335.19,314.41,337.36,332.85,308.07,329.58,332.72,330.18,346.95,353.93,327.62,350.83,354.34,300.2,336.2,286.92,352.23,325.29,334.91,313.4,341.79,344.81,313.95,314.88,322.82,312.27,336.02,367.95,307.94,320.16,351.53,373.4,373.49,349.29,333.08,336.79,375.02,330.58,306.4,322.19,369.31,314.67,337.52,348.21,281.88,361.66,330.32,345.38,335.92,342.04,297.92,339.78,342.94,301.52,317.51,317.97,362.75,284.64,344.81,360.67,353.09,338.73,362.87,330.31,313.81,359.03,351.79,328.22,347.53,349.86,329.94,314.64,325.33,362.5,312.55,322.64,367.1,310.35,326.13,365.84,305.72,321.94,396.02,326.52,269.96,365.09,349.57,359.14,326.88,369.28,325.63,317.33,283.53,306.08,311.22,334.49,290.06,333.57,356.55,302.75,331.47,334.05,352.03,321.98,333.18,319.2,319.32,322.91,323.17,371.9,329.24,354.43,369.51,321.61,356.33,334.0,360.73,329.22,322.46,351.41,360.49,337.94,349.61,342.66,326.41,346.47,334.63,343.58,328.84,333.32,317.0,335.49,325.73,334.15,328.66,338.63,330.55,323.29,344.54,352.61,326.97,319.76,303.25,332.75,360.77,310.96,325.41,356.36,330.95,341.53,340.79,341.61,335.7,344.13,359.73,305.28,357.0,307.58,340.54,339.24,347.75,311.2,354.12,353.42,290.6,337.24,336.0,275.66,347.05,302.8,344.0,339.84,300.46,321.27,339.13,302.91,344.02,360.67,336.02,309.94,356.72,321.07,337.84,329.6,293.54,337.16,381.31,324.04,316.16,317.85,389.16,349.76,318.33,350.32,282.2,279.03,317.39,364.03,328.1,314.19,341.08,358.72,318.82,309.1,298.62,349.61,328.29,342.32,348.5,0.0022511,0.0022792,0.0021406,0.0021455,0.0022445,0.0021426,0.0022771,0.00228,0.0022222,0.0021392,0.0023631,0.0020936,0.0021729,0.0022102,0.0023672,0.0021384,0.0022491,0.0020627,0.0019735,0.0023648,0.0022265,0.0021254,0.0022689,0.0020779,0.0021793,0.002137,0.002358,0.0020658,0.0023434,0.0020796,0.0021148,0.0019516,0.0022576,0.0022022,0.0023418,0.0022336,0.0022231,0.0022437,0.0022249,0.0021039,0.0019424,0.0023165,0.002079,0.0021682,0.0021464,0.0021248,0.0021401,0.0022154,0.0021509,0.0020355,0.0021379,0.0023531,0.0021171,0.0022218,0.0021179,0.0021781,0.0022276,0.0022241,0.0023032,0.0023522,0.0021701,0.0023174,0.0021591,0.0022395,0.0021365,0.0022166,0.0021099,0.0023505,0.0021263,0.0022643,0.0020799,0.0020716,0.0021519,0.0021785,0.002167,0.0021299,0.0020953,0.0022203,0.002314,0.0022427,0.0022642,0.0022324,0.0019972,0.0021525,0.002002,0.0022562,0.0021463,0.0021275,0.0020536,0.0021358,0.0022289,0.0021901,0.002098,0.0021841,0.0021179,0.0020914,0.0023333,0.0019984,0.0020854,0.0021903,0.0022769,0.0023454,0.0021836,0.0021632,0.0022777,0.0022171,0.0021803,0.0021351,0.0019939,0.0023837,0.0021238,0.002233,0.0022176,0.0020671,0.0022477,0.0021188,0.0021562,0.0021346,0.002228,0.0020922,0.0022546,0.0022074,0.0020672,0.0020786,0.0022093,0.0022846,0.0020397,0.0022967,0.0023003,0.0022742,0.0022065,0.0022215,0.0020981,0.0020712,0.0022809,0.0023108,0.0021499,0.00217,0.0022884,0.0020887,0.0020507,0.0019426,0.0022291,0.0020514,0.0021632,0.0021422,0.0021285,0.002233,0.0022197,0.0019786,0.0021115,0.002511,0.0021105,0.0019999,0.0022353,0.0021335,0.0022835,0.0022885,0.0023117,0.0020407,0.0020102,0.0019807,0.0021356,0.0021622,0.0020741,0.0020254,0.0021545,0.0022495,0.002002,0.0021091,0.0020272,0.0022074,0.0021467,0.0021618,0.0020973,0.0021593,0.0021232,0.0021252,0.0022063,0.0021647,0.0022199,0.0021964,0.0021602,0.0022604,0.0022612,0.0022031,0.0021219,0.0021262,0.0021532,0.0022663,0.0021896,0.0021631,0.0021901,0.0023907,0.0021366,0.0021449,0.0022819,0.0022142,0.002167,0.0022034,0.0021498,0.0021401,0.0022007,0.0021333,0.0024297,0.0021903,0.0021474,0.0021921,0.0021706,0.0022129,0.0021635,0.0020214,0.0020824,0.0023004,0.0021658,0.0021406,0.0021678,0.0021409,0.002236,0.0021594,0.0022083,0.0021341,0.0022345,0.0022288,0.0020303,0.0022641,0.0021029,0.0021003,0.0021867,0.0020808,0.002096,0.0021263,0.0022881,0.0019621,0.0021374,0.0021323,0.0020513,0.0022232,0.0020435,0.0021626,0.0021708,0.0020796,0.002056,0.0021356,0.002023,0.0021835,0.002317,0.0021958,0.0020352,0.0022645,0.0021256,0.0021992,0.002199,0.0019795,0.0020421,0.0023172,0.0020752,0.0021488,0.0020882,0.0024037,0.0022092,0.0020628,0.0021103,0.0020732,0.0020219,0.0021444,0.002286,0.0020825,0.002156,0.0022647,0.0021725,0.0020574,0.0019591,0.002049,0.002149,0.0021047,0.0021516,0.0021458,652860.0,527600.0,4051000.0,2361500.0,1063500.0,5504200.0,2008000.0,2411200.0,2983400.0,2907700.0,715790.0,4946000.0,1272400.0,3886200.0,2497000.0,4962200.0,4006100.0,1313700.0,3439700.0,2457300.0,3280300.0,11623000.0,939160.0,6172800.0,733680.0,8929900.0,1559800.0,1804700.0,799240.0,3153800.0,1663100.0,5695800.0,23134000.0,2470300.0,2681400.0,4250800.0,1211200.0,1483800.0,1623100.0,2037800.0,1036500.0,2054600.0,998900.0,7322600.0,2384900.0,1789300.0,1464100.0,2229500.0,15638000.0,933030.0,7138100.0,3914300.0,695400.0,3830400.0,1057500.0,2604500.0,17325000.0,31464000.0,2325700.0,1698300.0,1501900.0,2783800.0,1015700.0,1887600.0,3336500.0,787200.0,2814400.0,1901400.0,3839200.0,2700300.0,1417200.0,1096800.0,14691000.0,5032200.0,1313700.0,3541200.0,1639800.0,944740.0,2521800.0,3636500.0,1267500.0,875270.0,2074100.0,856130.0,1823800.0,2791600.0,4851100.0,4107200.0,2293000.0,5593500.0,1274600.0,9165300.0,4558400.0,997350.0,1628100.0,875890.0,1738300.0,3439800.0,9756100.0,1694900.0,16185000.0,1389000.0,9707100.0,1601000.0,3111800.0,1248900.0,1595600.0,12279000.0,5012700.0,2131600.0,3788800.0,2346100.0,1178000.0,645020.0,3343500.0,11411000.0,2365500.0,1449300.0,738260.0,1883600.0,722040.0,1169800.0,2174300.0,8636100.0,4069700.0,2575300.0,3026200.0,2316200.0,1468700.0,757990.0,10124000.0,2341800.0,3477500.0,2031800.0,1344300.0,1016600.0,1973900.0,1030900.0,2818800.0,3841500.0,1137500.0,1448700.0,2060900.0,1490700.0,2159300.0,2379200.0,867820.0,6776700.0,1483200.0,9209400.0,6039000.0,796610.0,10241000.0,798180.0,1257100.0,18495000.0,669880.0,11896000.0,704520.0,5463300.0,3620500.0,3728500.0,2594300.0,5128500.0,4299400.0,4138300.0,945220.0,4052400.0,1605800.0,6226400.0,1476500.0,7458600.0,1058700.0,729360.0,3925100.0,2935000.0,1917500.0,8220700.0,2222600.0,929290.0,1207100.0,3637800.0,3493100.0,1909700.0,1445200.0,720570.0,6685600.0,5169700.0,2290100.0,619540.0,17391000.0,3256600.0,5152600.0,1119800.0,17904000.0,5318100.0,1077700.0,8409500.0,1326800.0,1407500.0,3909300.0,5195800.0,785010.0,1609000.0,953500.0,1742800.0,1536400.0,1428600.0,7692300.0,2295200.0,1389900.0,12034000.0,2729100.0,1213300.0,1238200.0,3194500.0,932670.0,4580100.0,1110300.0,1813100.0,7912700.0,4355400.0,685140.0,1393400.0,9817300.0,5161200.0,4960900.0,15079000.0,2942700.0,1891900.0,2294600.0,2933500.0,3129200.0,1844900.0,1714400.0,2219900.0,1469200.0,7074000.0,638180.0,3583000.0,8148600.0,8705300.0,1826300.0,5270900.0,3949100.0,4910800.0,847070.0,1117100.0,5283500.0,1523800.0,6462500.0,3415400.0,6961300.0,1931200.0,1605900.0,1559300.0,1065700.0,1101400.0,2250300.0,1018100.0,5082200.0,3404400.0,3048000.0,2817500.0,2386500.0,1906100.0,15335000.0,13457000.0,3518500.0,3147900.0,1932600.0,4368700.0,3283600.0,640970.0,2021700.0,760960.0,3461100.0,1947300.0,1.5241,1.8371,4.1744,1.2788,2.2252,4.2227,1.2315,1.9872,4.2332,2.4998,2.6632,4.3034,0.85765,2.0615,4.2169,1.5207,2.4825,3.8937,3.0043,2.8388,5.814,1.2303,1.9886,4.2339,1.747,1.7189,4.2481,1.2776,2.2267,4.2241,0.85822,2.0614,4.2157,2.8899,2.8358,4.5069,5.7139,2.7775,1.4716,1.2356,2.8459,3.6208,0.95771,2.1449,3.0241,2.4833,2.0498,4.4434,1.4729,1.6779,3.9047,0.65983,2.5689,3.8861,2.005,1.7623,3.4723,1.0712,2.4477,3.0537,0.27394,2.2846,3.566,1.7857,1.6719,3.3868,2.1471,2.8264,4.4531,1.7868,1.6686,3.3896,1.4775,1.6755,3.9059,0.39615,2.1319,3.206,2.034,2.353,4.3842,1.475,1.665,3.1993,0.83232,1.8715,2.7755,3.006,2.8413,5.8125,2.0058,1.7595,3.4734,1.0065,2.7155,2.879,1.8168,2.5893,4.0003,0.6311,1.8669,2.7988,1.0704,2.4464,3.0515,1.8975,1.9143,4.4928,1.6794,1.6967,3.8957,0.50986,2.2007,3.7454,1.1943,2.4171,3.7877,1.0071,2.0579,3.273,2.5446,2.296,4.2871,2.0673,2.1463,4.6737,1.4781,1.6762,3.9097,1.8967,1.9171,4.4926,1.4904,2.1692,3.2681,0.82376,2.0777,3.1902,2.4178,2.3703,4.3122,1.9484,2.6024,4.8944,1.9414,2.5953,4.8841,2.5449,2.2961,4.2858,1.2883,2.4858,3.9481,1.6864,2.2312,4.293,2.0685,3.0639,4.0127,0.50038,2.4697,2.4732,1.543,2.0543,4.6057,2.0795,3.0671,4.0272,0.39396,2.3729,3.4402,1.6611,1.6321,4.083,0.71041,2.0207,3.1002,2.2437,2.2397,4.645,0.62241,2.6194,2.9937,1.0062,2.0615,3.2735,0.13379,2.8901,1.9783,1.9945,1.9847,4.5864,2.545,2.2966,4.2884,2.6776,2.3391,5.2018,2.1522,2.8256,4.4553,1.08,1.8516,3.9442,4.6172,3.0008,0.50548,0.88857,2.117,3.0565,1.3065,2.101,4.264,1.0562,2.0872,3.4941,2.3193,2.7565,4.5906,1.7004,1.6013,4.159,1.141,2.5588,3.0642,0.74852,2.425,3.7701,2.0538,1.93,3.7406,1.5996,2.4372,3.4689,1.662,2.5211,3.6076,1.6594,1.6808,4.2499,2.1162,2.8125,4.5934,2.1192,2.813,4.5933,3.3507,2.7826,6.1121,1.6998,1.6014,4.1593,1.7019,2.0056,3.4532,2.1335,2.9382,4.9282,1.1426,2.5586,3.0674,2.6399,2.4467,4.9913,1.0223,2.603,4.0658,1.6018,2.4362,3.4692,1.1859,1.7965,4.1031,1.6609,1.6323,4.0848,1.7018,2.0051,3.4522,0.2864,2.9476,3.3328,2.8701,2.2925,4.5605,1.3182,1.9511,4.2051,1.2446,2.6902,3.3169,1.4638,2.4589,3.3431,1.8398,1.9865,3.7264,1.9512,2.3351,3.9915,1.0977,2.2827,3.1898,2.5402,2.0503,5.1499,1.2408,2.6901,3.311,1.4632,2.46,3.3411,0.28783,2.9479,3.3353,0.67776,1.8057,2.9156,1.7018,2.0286,4.4201,1.4685,1.8654,4.1184,5.5411,2.9019,1.8532,0.81945,2.1225,2.7802,1.022,2.6038,4.0666,2.1523,2.524,3.6211,2.6419,2.4446,4.9928,2.8006,2.7057,4.5194,2.1643,2.5303,4.5365,2.349,2.1021,4.1929,0.76603,1.9885,3.3506,0.32368,2.4749,2.8788,0.60385,2.1403,3.7152,2.3871,2.5113,4.4297,0.74567,2.4649,2.8496,1.2559,1.5813,4.2877,1.701,2.0057,3.4513,0.0060154,2.6894,2.049,3.2075,2.9389,6.1986,0.74158,2.4651,2.8476,1.6601,1.634,4.0885,1.4938,1.8626,3.1832,0.74072,2.465,2.8458,2.1692,2.3478,4.9568,1.1418,2.5623,3.0674,1.0029,1.9638,3.5042,0.53276,1.9785,3.2566,1.7001,2.0069,3.4507,2.3869,2.0792,4.1959,2.1409,2.1542,4.9781,1.2905,1.7551,3.7993,0.68364,1.9764,2.7561,2.1404,2.1533,4.9792,2.3176,2.1841,4.4583,1.567,2.2874,3.9628,4.193,3.0101,0.12688,1.9551,2.3359,3.9951,0.83835,1.9644,4.1177,1.1725,2.5712,4.2136,3.5119,2.8543,6.0747,1.5325,1.617,3.2864,0.32463,2.2975,3.4114,5.1364,2.992,1.0764,0.55398,2.785,3.2499,1.2633,2.5062,2.9759,2.1416,2.1532,4.9813,1.4741,2.0951,4.3491,1.5261,1.6217,3.2867,1.3793,2.9302,3.3643,0.44891,2.45,2.7158,0.92444,2.4544,2.9988,0.22204,2.6183,3.3413,1.6121,2.2549,4.1245,0.44284,2.4476,2.7101,1.0488,2.1681,3.6611,1.3941,1.8083,4.2931,0.32467,2.2988,3.4099,1.5293,1.6172,3.2864,0.4456,2.4503,2.7136,2.975,2.87,5.8924,2.0084,2.5998,4.036,1.9698,2.177,4.5867,2.6363,2.7748,5.2764,1.8886,1.9666,3.9045,1.2946,1.8187,3.6877,2.1434,2.1543,4.9813,1.4038,2.6593,4.0102,1.1111,3.0854,2.954,4.6899,2.9874,0.41439,1.2553,2.6834,4.3318,1.9029,1.9587,3.8847,1.2439,2.6359,2.8622,0.35302,2.7742,2.9441,0.93927,2.8893,4.1321,0.56881,2.5206,2.5776,0.69949,1.9306,2.9941,0.54723,2.395,3.4309,1.5685,2.1753,4.2272,1.2531,2.685,4.3331,0.63664,1.9473,3.1204,1.9785,1.898,3.8189,1.194,1.8475,3.6445,2.4699,2.7235,4.9912,1.3779,1.5212,4.1737,1.3907,2.1559,3.1762,0.63855,1.9472,3.1198,0.46131,2.4499,2.5664,1.6143,2.2523,4.127,2.466,2.7234,4.9896,0.63666,1.948,3.1183,1.564,1.7138,3.3269,0.52239,3.039,2.4375,0.57096,2.5207,2.581,2.9057,2.7437,5.8847,6.1717,2.8629,2.5366,4.6771,2.9898,0.39923,2.3496,2.4094,3.7571,0.85471,3.0826,3.6364,1.4399,2.2531,3.5655,0.83073,3.0803,3.6122,2.3691,2.2379,3.8113,1.1932,1.8486,3.6436,2.4265,2.3369,4.5583,2.5836,2.6258,4.0292,1.259,2.6849,4.3358,1.8899,1.9655,3.9062,1.1223,2.7987,3.6478,2.4537,2.4859,5.0964,1.6054,2.6233,3.2977,2.1686,2.1868,4.1012,0.78764,1.9027,3.3727,2.35,2.4101,3.7552,2.3509,2.4119,3.757,2.1838,1.8854,4.9003,2.6472,2.291,4.7937,2.3674,2.2391,3.811,1.3817,1.5863,3.8348,2.4699,2.721,4.9938,1.8896,1.9656,3.9065,0.78001,2.1422,3.9595,1.6019,1.8358,4.2593,2.4678,2.7232,4.9919,1.4448,2.3901,3.2603,5.9244,2.88,2.2029,1.8597,1.8008,3.4748,1.9796,3.0261,4.3039,2.013,1.9497,4.7514,1.0983,2.5796,4.2706,1.8812,2.1504,4.8605,1.6136,1.8055,3.9668,1.6044,2.0101,3.394,1.0083,2.779,3.558,0.90702,2.8341,3.8048,1.3769,2.3888,3.8431,1.121,2.7996,3.6469,1.8382,1.8007,4.0943,0.9117,2.4612,2.7717,1.9097,2.0685,4.3845,0.067073,2.7972,2.8324,1.0869,1.961,4.2611,0.94525,2.3378,3.007,1.6323,2.3958,4.5867,0.97922,2.0891,2.8334,0.74425,1.9997,2.744,1.613,1.805,3.9687,0.91274,2.4606,2.7728,1.3815,1.587,3.8363,2.7731,2.5906,4.6385,1.0847,2.1375,3.6276,1.1189,2.8017,3.6477,1.976,1.9876,4.4763,1.0849,1.9625,4.26,1.8531,1.6502,3.45,1.6624,2.4802,3.9993,2.1114,2.5549,4.9231,2.1562,2.3803,3.7104,1.1853,3.0748,3.4178,1.4464,1.4654,4.2335,0.61649,3.0006,3.6112,1.6252,1.7535,4.2346,0.7451,1.9981,2.7431,0.68954,2.1943,3.9441,2.6899,2.6028,4.538,1.9916,2.1284,3.439,1.3817,2.9241,3.537,1.0822,2.192,3.6362,2.5309,1.9989,4.4682,1.4915,1.735,4.4227,1.6101,2.5929,3.582,2.0627,2.2871,4.0716,2.7122,2.374,5.0125,0.44351,2.5315,2.9564
0.0051408,353.99,0.0022921,326.59,392.33,321.63,349.7,378.55,371.43,387.38,370.01,347.46,357.41,441.25,303.2,355.97,383.55,387.64,351.56,353.4,301.31,304.27,371.64,346.8,310.95,373.87,310.25,327.5,354.83,414.78,277.53,386.44,335.97,344.55,298.45,402.03,379.48,405.75,376.8,329.77,353.77,402.75,385.92,315.5,400.56,305.18,362.86,352.83,380.3,372.26,388.07,355.03,370.95,348.77,400.75,386.82,379.15,332.98,381.98,352.93,323.92,416.81,386.68,360.83,395.56,315.76,346.92,332.12,361.44,327.91,416.96,352.19,353.03,337.9,360.25,355.36,320.6,344.37,360.34,351.48,373.52,377.35,350.33,380.04,386.3,318.18,365.35,287.1,381.07,339.59,358.64,329.35,369.52,372.52,333.87,332.21,337.92,323.44,358.86,406.65,318.95,336.55,379.05,404.88,407.76,376.88,352.04,363.18,420.18,353.16,318.87,345.78,396.24,327.51,358.94,380.34,283.76,393.13,350.32,375.82,364.53,371.84,301.58,365.98,376.57,308.41,335.45,337.24,388.84,290.11,370.44,387.73,377.62,360.71,397.49,350.06,329.86,391.15,374.91,352.42,383.64,375.63,355.23,327.86,355.63,387.76,326.05,341.11,419.02,328.01,344.55,406.28,318.78,337.5,428.55,345.68,264.26,407.49,377.1,386.78,345.99,405.87,343.08,334.04,290.57,318.98,325.72,356.37,296.54,358.91,385.49,317.19,352.3,361.31,379.71,340.76,358.33,337.62,334.23,341.78,339.69,422.25,349.01,387.23,405.79,341.75,384.04,348.89,399.17,347.53,343.61,382.71,398.93,357.94,380.48,365.04,332.52,376.36,357.54,361.78,350.22,357.9,331.96,364.64,347.49,357.76,352.99,345.34,351.84,338.67,381.13,382.69,344.55,338.66,311.88,357.17,393.36,320.87,341.82,401.77,349.95,364.01,366.55,364.87,359.38,376.59,396.9,315.5,379.33,322.01,368.15,360.37,383.83,320.36,385.32,380.26,297.87,368.66,358.4,268.56,376.54,321.29,363.98,364.2,310.6,340.17,365.59,319.43,367.72,391.82,357.89,319.7,388.05,340.8,360.18,350.79,305.59,369.82,429.34,338.93,330.7,337.64,423.63,372.07,334.23,384.78,288.18,287.07,334.41,397.09,346.01,330.81,359.44,401.62,329.0,326.31,313.75,377.45,344.37,363.45,374.17,0.0023465,0.0025143,0.0022581,0.0022619,0.0023961,0.0023295,0.0024229,0.0024282,0.0023265,0.0023048,0.002616,0.0021413,0.0023144,0.002402,0.0025738,0.0022811,0.0023403,0.0021282,0.0020264,0.0025481,0.0023328,0.002206,0.0024878,0.0021597,0.0022528,0.0022541,0.0025831,0.0020926,0.0025828,0.002168,0.0022185,0.0020263,0.0024426,0.0023736,0.0025729,0.0023633,0.0023298,0.0023785,0.0023991,0.0022735,0.0020056,0.0025436,0.0021432,0.002279,0.0022592,0.002288,0.0022645,0.0023734,0.0022906,0.0021488,0.0022873,0.0025579,0.0022534,0.0023637,0.0022346,0.002311,0.0023401,0.0023241,0.0025182,0.0025805,0.0023307,0.0025077,0.0022782,0.002422,0.0022331,0.0024162,0.0022703,0.0025546,0.002278,0.0024732,0.0022413,0.0021954,0.0023195,0.0022531,0.0023153,0.0022612,0.00222,0.0024178,0.0025111,0.0023392,0.0024756,0.0024245,0.0020863,0.0022309,0.0020589,0.0023858,0.0022899,0.0022899,0.0021423,0.0023062,0.0023526,0.0022857,0.0022077,0.0022337,0.0021668,0.0021816,0.0025598,0.0021021,0.0021775,0.0023432,0.0024717,0.0025752,0.0023476,0.0023391,0.0023857,0.0024335,0.00232,0.0022242,0.0020938,0.0026156,0.0022247,0.0023881,0.0024169,0.0021193,0.0024498,0.0022427,0.0023271,0.0022919,0.0024017,0.0021934,0.002464,0.0023331,0.0021547,0.0021804,0.002308,0.0024627,0.0020747,0.0024185,0.0024946,0.0024613,0.0023765,0.0023818,0.0021888,0.0021597,0.0024626,0.00252,0.0022635,0.0023965,0.0025068,0.0022404,0.0021739,0.0020521,0.002369,0.0021811,0.0023263,0.0023338,0.0022039,0.00233,0.0024032,0.0020336,0.0022493,0.0027499,0.0022245,0.0020097,0.0024088,0.0022785,0.0024844,0.002394,0.0025112,0.0021533,0.0021172,0.0020303,0.0022108,0.0022221,0.0021998,0.0020615,0.0023062,0.0024371,0.0021104,0.0022082,0.0020951,0.0023981,0.0023051,0.0022546,0.0022023,0.0022822,0.0022513,0.0022291,0.0024062,0.0022376,0.002399,0.0023568,0.0022719,0.0024377,0.0023899,0.002376,0.002227,0.0022499,0.0023189,0.0023868,0.0023398,0.0023299,0.0023389,0.0025892,0.0022928,0.0023002,0.0023555,0.0023344,0.0023309,0.002294,0.0022938,0.0022602,0.0023727,0.0022457,0.0026243,0.002308,0.0023117,0.0023568,0.0023192,0.0023109,0.0022954,0.0020965,0.0022239,0.0025092,0.0023081,0.0022756,0.0023664,0.0022691,0.0024018,0.0023221,0.0023452,0.002291,0.0023462,0.0024449,0.0021093,0.0024094,0.0021704,0.0022416,0.0023723,0.0022249,0.0021693,0.0022634,0.0024633,0.0020417,0.0023296,0.0022096,0.0021364,0.0023973,0.0021245,0.0023077,0.0023313,0.0021481,0.0021898,0.002285,0.0021138,0.0023235,0.0025324,0.0023924,0.0021577,0.0024869,0.0022068,0.0023759,0.0022804,0.0020244,0.0021861,0.002549,0.0021696,0.0022898,0.0021762,0.0026314,0.0023534,0.0021825,0.0022515,0.0021268,0.0020916,0.0022156,0.0025091,0.0021955,0.0022509,0.0024396,0.0023581,0.0021513,0.0020371,0.0021098,0.0022941,0.0022345,0.0022791,0.0022634,652860.0,527600.0,4051000.0,2361500.0,1063500.0,5504200.0,2008000.0,2411200.0,2983400.0,2907700.0,715790.0,4946000.0,1272400.0,3886200.0,2497000.0,4962200.0,4006100.0,1313700.0,3439700.0,2457300.0,3280300.0,11623000.0,939160.0,6172800.0,733680.0,8929900.0,1559800.0,1804700.0,799240.0,3153800.0,1663100.0,5695800.0,23134000.0,2470300.0,2681400.0,4250800.0,1211200.0,1483800.0,1623100.0,2037800.0,1036500.0,2054600.0,998900.0,7322600.0,2384900.0,1789300.0,1464100.0,2229500.0,15638000.0,933030.0,7138100.0,3914300.0,695400.0,3830400.0,1057500.0,2604500.0,17325000.0,31464000.0,2325700.0,1698300.0,1501900.0,2783800.0,1015700.0,1887600.0,3336500.0,787200.0,2814400.0,1901400.0,3839200.0,2700300.0,1417200.0,1096800.0,14691000.0,5032200.0,1313700.0,3541200.0,1639800.0,944740.0,2521800.0,3636500.0,1267500.0,875270.0,2074100.0,856130.0,1823800.0,2791600.0,4851100.0,4107200.0,2293000.0,5593500.0,1274600.0,9165300.0,4558400.0,997350.0,1628100.0,875890.0,1738300.0,3439800.0,9756100.0,1694900.0,16185000.0,1389000.0,9707100.0,1601000.0,3111800.0,1248900.0,1595600.0,12279000.0,5012700.0,2131600.0,3788800.0,2346100.0,1178000.0,645020.0,3343500.0,11411000.0,2365500.0,1449300.0,738260.0,1883600.0,722040.0,1169800.0,2174300.0,8636100.0,4069700.0,2575300.0,3026200.0,2316200.0,1468700.0,757990.0,10124000.0,2341800.0,3477500.0,2031800.0,1344300.0,1016600.0,1973900.0,1030900.0,2818800.0,3841500.0,1137500.0,1448700.0,2060900.0,1490700.0,2159300.0,2379200.0,867820.0,6776700.0,1483200.0,9209400.0,6039000.0,796610.0,10241000.0,798180.0,1257100.0,18495000.0,669880.0,11896000.0,704520.0,5463300.0,3620500.0,3728500.0,2594300.0,5128500.0,4299400.0,4138300.0,945220.0,4052400.0,1605800.0,6226400.0,1476500.0,7458600.0,1058700.0,729360.0,3925100.0,2935000.0,1917500.0,8220700.0,2222600.0,929290.0,1207100.0,3637800.0,3493100.0,1909700.0,1445200.0,720570.0,6685600.0,5169700.0,2290100.0,619540.0,17391000.0,3256600.0,5152600.0,1119800.0,17904000.0,5318100.0,1077700.0,8409500.0,1326800.0,1407500.0,3909300.0,5195800.0,785010.0,1609000.0,953500.0,1742800.0,1536400.0,1428600.0,7692300.0,2295200.0,1389900.0,12034000.0,2729100.0,1213300.0,1238200.0,3194500.0,932670.0,4580100.0,1110300.0,1813100.0,7912700.0,4355400.0,685140.0,1393400.0,9817300.0,5161200.0,4960900.0,15079000.0,2942700.0,1891900.0,2294600.0,2933500.0,3129200.0,1844900.0,1714400.0,2219900.0,1469200.0,7074000.0,638180.0,3583000.0,8148600.0,8705300.0,1826300.0,5270900.0,3949100.0,4910800.0,847070.0,1117100.0,5283500.0,1523800.0,6462500.0,3415400.0,6961300.0,1931200.0,1605900.0,1559300.0,1065700.0,1101400.0,2250300.0,1018100.0,5082200.0,3404400.0,3048000.0,2817500.0,2386500.0,1906100.0,15335000.0,13457000.0,3518500.0,3147900.0,1932600.0,4368700.0,3283600.0,640970.0,2021700.0,760960.0,3461100.0,1947300.0,1.524,1.8368,4.174,1.2793,2.2251,4.2229,1.2314,1.9866,4.2336,2.5003,2.6635,4.3037,0.85696,2.0612,4.2175,1.5211,2.4828,3.8939,3.0042,2.8389,5.8145,1.2308,1.9881,4.2343,1.7457,1.719,4.2479,1.278,2.2267,4.2245,0.85766,2.0611,4.2154,2.8906,2.8361,4.5074,5.7139,2.7774,1.4715,1.2358,2.8447,3.6211,0.95692,2.1452,3.024,2.4835,2.0501,4.4434,1.4731,1.6783,3.9046,0.66003,2.5695,3.8858,2.0046,1.7624,3.4722,1.0716,2.4471,3.055,0.27378,2.2848,3.5659,1.7847,1.6715,3.3868,2.1444,2.8253,4.4506,1.7866,1.6683,3.3895,1.4784,1.6753,3.9063,0.39568,2.1321,3.2057,2.0347,2.3539,4.3847,1.4763,1.6653,3.1996,0.83192,1.8722,2.7753,3.0059,2.8412,5.8129,2.0054,1.7595,3.4733,1.0061,2.7153,2.879,1.816,2.5891,3.9998,0.63087,1.8672,2.7981,1.0702,2.4463,3.0521,1.8973,1.9146,4.4926,1.6798,1.6961,3.8957,0.51009,2.2008,3.7464,1.1957,2.4182,3.7882,1.008,2.0589,3.2726,2.5456,2.2964,4.2874,2.0675,2.147,4.674,1.4779,1.676,3.91,1.8964,1.9177,4.4925,1.4906,2.1692,3.268,0.82375,2.0788,3.1895,2.418,2.3708,4.3128,1.9493,2.602,4.8945,1.9426,2.5956,4.8841,2.5458,2.2964,4.2859,1.2891,2.4864,3.9478,1.6869,2.2315,4.2934,2.072,3.0634,4.0156,0.50143,2.469,2.4742,1.543,2.0537,4.6057,2.0785,3.0668,4.0258,0.3935,2.373,3.4395,1.6609,1.632,4.083,0.71057,2.0218,3.0998,2.2435,2.2405,4.6453,0.62295,2.6177,2.9949,1.0061,2.0633,3.2731,0.13307,2.8903,1.9765,1.9946,1.9856,4.5865,2.5457,2.2973,4.2882,2.6753,2.3387,5.2011,2.1502,2.8245,4.4527,1.0812,1.8514,3.9448,4.6187,2.9999,0.50742,0.88864,2.1179,3.056,1.3073,2.1008,4.264,1.0569,2.088,3.4943,2.3176,2.7559,4.5885,1.6999,1.6012,4.1588,1.1411,2.5584,3.0641,0.74824,2.4253,3.7698,2.0547,1.9292,3.7401,1.5987,2.4377,3.4691,1.6609,2.5221,3.6072,1.6586,1.6805,4.2503,2.1142,2.8118,4.5918,2.1188,2.812,4.5932,3.3498,2.7828,6.1115,1.6999,1.6016,4.1597,1.7026,2.0049,3.4527,2.1347,2.9385,4.9298,1.1428,2.5584,3.0674,2.6396,2.4463,4.9908,1.022,2.6035,4.0663,1.6012,2.4366,3.4696,1.1853,1.7974,4.103,1.6611,1.632,4.0847,1.7021,2.0043,3.4519,0.28245,2.9473,3.3293,2.8712,2.2923,4.5608,1.3192,1.9511,4.2059,1.2449,2.6893,3.3174,1.4632,2.4587,3.3433,1.839,1.9859,3.7258,1.951,2.3359,3.9917,1.0977,2.2831,3.19,2.5397,2.0497,5.1505,1.2399,2.6897,3.3108,1.4628,2.4601,3.3413,0.28646,2.9485,3.3338,0.67802,1.8061,2.9148,1.7019,2.0285,4.4206,1.4695,1.8652,4.119,5.5395,2.9018,1.8521,0.81953,2.1227,2.7811,1.0209,2.6045,4.0668,2.1545,2.5243,3.6217,2.6419,2.4436,4.992,2.8022,2.705,4.5197,2.1626,2.5291,4.5358,2.3491,2.1024,4.1926,0.76594,1.9894,3.3504,0.32551,2.4746,2.8804,0.60323,2.1406,3.7164,2.3882,2.5112,4.4307,0.74703,2.4639,2.8509,1.2565,1.5811,4.2881,1.7007,2.0052,3.4515,0.0075809,2.6893,2.0494,3.2093,2.9391,6.2008,0.74349,2.4636,2.8492,1.66,1.6341,4.0886,1.4942,1.8615,3.1834,0.74187,2.464,2.8466,2.1696,2.3476,4.9566,1.1421,2.5622,3.068,1.0047,1.9651,3.5048,0.53208,1.979,3.2566,1.7,2.0063,3.4506,2.3878,2.0792,4.1953,2.141,2.1541,4.9779,1.2912,1.7548,3.7995,0.6848,1.9765,2.7562,2.1404,2.1531,4.9791,2.3171,2.1846,4.4588,1.5668,2.2882,3.9628,4.194,3.0097,0.12757,1.9546,2.3368,3.9952,0.83735,1.9645,4.1177,1.1725,2.5719,4.2137,3.5119,2.8539,6.0751,1.5335,1.6167,3.2862,0.32405,2.2981,3.4114,5.1356,2.9916,1.0743,0.55364,2.7851,3.2501,1.2627,2.5065,2.9761,2.1427,2.1528,4.9809,1.4749,2.0947,4.3494,1.5269,1.6215,3.2872,1.3802,2.9298,3.3637,0.45101,2.4493,2.7172,0.92404,2.4541,2.9988,0.22198,2.6185,3.3413,1.6128,2.2556,4.125,0.44426,2.447,2.7112,1.0489,2.1689,3.6609,1.3937,1.808,4.2931,0.32393,2.2993,3.41,1.5299,1.6169,3.2864,0.44785,2.4495,2.715,2.9753,2.8699,5.8934,2.0074,2.5996,4.0356,1.9705,2.1774,4.5869,2.6342,2.7743,5.2755,1.8875,1.9664,3.9039,1.2954,1.8186,3.6882,2.1448,2.154,4.9812,1.4047,2.6587,4.0103,1.1057,3.0849,2.948,4.6883,2.987,0.41265,1.2552,2.6843,4.3312,1.9023,1.9583,3.8847,1.2434,2.636,2.862,0.35326,2.7742,2.9447,0.93998,2.8894,4.1326,0.5685,2.5204,2.5777,0.69982,1.9313,2.9931,0.54732,2.3957,3.4306,1.5696,2.1753,4.2278,1.2525,2.686,4.333,0.63654,1.9479,3.1197,1.9787,1.8974,3.8183,1.1949,1.8474,3.645,2.4687,2.7227,4.9898,1.3786,1.5216,4.1739,1.3903,2.1555,3.1766,0.63884,1.9479,3.1188,0.46391,2.4488,2.5676,1.616,2.2533,4.1275,2.4642,2.7227,4.9885,0.63607,1.9489,3.1173,1.5646,1.7134,3.327,0.52699,3.0387,2.4409,0.57142,2.5205,2.5815,2.9079,2.7436,5.8865,6.1716,2.863,2.5369,4.6734,2.9894,0.39498,2.3502,2.4087,3.7572,0.85958,3.0826,3.6426,1.4385,2.2546,3.565,0.827,3.0805,3.6096,2.3698,2.2376,3.811,1.1944,1.8485,3.6442,2.4265,2.3369,4.5588,2.5837,2.6261,4.0301,1.2588,2.6854,4.3361,1.889,1.9653,3.9056,1.1232,2.7984,3.6489,2.4527,2.4848,5.0954,1.6037,2.6237,3.2977,2.1685,2.1871,4.1011,0.78808,1.9033,3.373,2.3515,2.4098,3.7555,2.3514,2.4116,3.7567,2.1843,1.886,4.901,2.6472,2.2909,4.7939,2.368,2.239,3.811,1.3824,1.5864,3.8353,2.4688,2.7203,4.9925,1.8889,1.9654,3.9061,0.77982,2.1423,3.9611,1.6025,1.8356,4.2597,2.4665,2.7222,4.9912,1.4447,2.3901,3.2605,5.9235,2.88,2.2025,1.8594,1.8002,3.4753,1.98,3.0255,4.3039,2.0132,1.9497,4.7517,1.0987,2.5797,4.2709,1.8819,2.1502,4.8607,1.6137,1.8053,3.9668,1.6045,2.0096,3.3938,1.0097,2.7785,3.5598,0.9074,2.8343,3.8049,1.3782,2.3898,3.844,1.122,2.799,3.6479,1.8371,1.8006,4.0942,0.91095,2.461,2.7717,1.9095,2.0688,4.3844,0.067078,2.797,2.8329,1.0868,1.961,4.2616,0.94533,2.337,3.0078,1.6322,2.3958,4.5866,0.97907,2.0889,2.8336,0.74389,1.9999,2.7436,1.6129,1.8048,3.9686,0.91272,2.4602,2.7735,1.3813,1.5871,3.8364,2.7731,2.5909,4.6382,1.0851,2.1379,3.6277,1.1195,2.8014,3.6484,1.976,1.9882,4.4762,1.0842,1.9628,4.2601,1.8531,1.6502,3.45,1.6622,2.4807,3.9992,2.1122,2.5546,4.9232,2.1566,2.3805,3.7097,1.186,3.0743,3.4184,1.4467,1.4652,4.2337,0.61587,3.0008,3.6112,1.6252,1.7534,4.2345,0.74494,1.9983,2.7429,0.68925,2.1943,3.9449,2.69,2.603,4.5381,1.9928,2.1279,3.4387,1.3812,2.9233,3.5366,1.083,2.1931,3.6363,2.531,1.9993,4.468,1.4915,1.7347,4.4227,1.6089,2.5929,3.5816,2.0623,2.2878,4.0718,2.7108,2.3727,5.0113,0.44443,2.5309,2.9578
0.007729,366.68,0.0023669,329.74,412.33,326.45,366.56,381.61,386.14,411.54,381.75,361.33,371.11,466.62,307.83,375.84,405.51,394.05,366.04,368.27,300.77,306.15,376.89,356.94,315.99,394.27,318.14,335.77,372.53,432.89,270.66,402.12,348.66,356.3,302.53,420.94,396.27,426.93,394.02,338.51,363.58,423.7,413.43,317.67,423.61,310.97,376.87,360.66,400.52,392.25,410.28,368.22,394.73,359.04,416.05,410.97,392.96,341.1,404.06,365.73,332.5,443.98,396.79,376.85,412.23,323.14,359.01,339.25,373.95,337.26,446.9,367.56,362.01,355.61,374.22,369.58,327.18,348.35,380.38,362.66,391.35,391.4,365.88,396.46,406.7,330.13,386.95,282.62,399.36,345.49,372.9,340.22,387.64,390.14,347.01,342.1,346.21,327.89,372.2,432.45,322.54,346.25,396.8,420.72,427.7,393.15,362.63,379.83,452.81,366.21,324.01,362.93,408.91,332.95,372.02,400.44,281.25,412.56,362.18,395.69,385.51,392.01,298.11,382.72,403.2,308.11,344.9,349.07,401.5,291.73,386.53,401.27,389.58,372.82,418.9,361.89,339.53,412.66,386.11,367.3,408.54,389.91,372.5,332.92,380.2,401.62,333.63,350.19,456.71,333.48,354.56,432.55,326.02,344.91,446.07,356.29,254.79,434.42,394.38,403.14,356.38,429.23,353.56,342.98,292.56,326.35,332.34,369.4,299.25,377.38,402.52,325.85,363.97,377.56,394.11,350.55,374.66,348.79,342.12,352.28,348.86,457.49,357.97,409.74,428.79,354.47,399.29,355.93,426.24,358.51,355.03,403.75,428.81,367.77,396.76,379.32,330.5,397.45,368.98,371.98,363.38,372.91,341.04,383.87,361.36,371.98,367.2,341.32,365.66,343.26,408.59,400.5,353.51,348.7,313.86,370.4,415.47,324.36,349.59,437.74,359.34,375.16,382.62,377.06,372.0,400.72,420.35,319.82,392.2,330.25,387.48,369.8,410.33,323.13,404.78,396.36,301.53,390.79,370.59,260.92,395.39,333.52,374.6,377.48,315.24,353.65,381.74,329.19,382.72,411.74,372.43,321.76,406.81,352.38,371.3,363.51,313.29,394.39,462.05,346.07,336.45,348.9,441.6,384.61,342.4,409.39,286.8,290.15,342.96,416.49,355.68,339.96,368.38,433.4,331.59,338.76,324.46,395.98,349.89,375.43,389.98,0.0023941,0.0026701,0.0023317,0.0023312,0.0024542,0.0024364,0.0025129,0.0025112,0.0023809,0.0024167,0.0027518,0.002161,0.0023976,0.002525,0.0026729,0.0023716,0.00239,0.0021566,0.0020461,0.0026338,0.0023897,0.0022452,0.0026268,0.0022038,0.0022952,0.0023255,0.0027049,0.002084,0.0027155,0.0022159,0.0022856,0.0020656,0.0025458,0.0024731,0.0027029,0.0024392,0.0023859,0.0024532,0.0024978,0.0023912,0.0020367,0.0026831,0.0021735,0.0023401,0.0023235,0.0023968,0.0023469,0.0024678,0.0023764,0.0022215,0.0023741,0.0026648,0.0023327,0.0024445,0.0023169,0.0023974,0.0024045,0.00238,0.0026539,0.0026986,0.0024217,0.0026148,0.0023504,0.0025282,0.0022862,0.0025314,0.0023764,0.0026881,0.0023705,0.0025872,0.0023589,0.00227,0.0024257,0.0022893,0.0023932,0.0023453,0.0022921,0.0025505,0.0026314,0.0023885,0.0026023,0.0025363,0.0021333,0.002269,0.0020885,0.0024604,0.0023674,0.0023877,0.0021934,0.0024227,0.0024161,0.0023386,0.00227,0.0022434,0.0021796,0.0022249,0.0027,0.0021548,0.0022266,0.0024331,0.0025715,0.0027048,0.0024361,0.0024518,0.0024436,0.0025803,0.002394,0.0022666,0.0021561,0.0027376,0.0022824,0.0024864,0.0025373,0.0021346,0.0025612,0.0023138,0.0024432,0.002399,0.0025149,0.0022303,0.002588,0.0024124,0.002197,0.002236,0.0023612,0.0025538,0.0020868,0.0024894,0.0025917,0.0025553,0.0024699,0.0024751,0.0022371,0.0022055,0.0025775,0.0026357,0.0023266,0.0025347,0.0026309,0.0023387,0.0022374,0.0021321,0.0024472,0.0022592,0.0024305,0.0024654,0.0022236,0.0023794,0.0025208,0.0020559,0.0023329,0.0028796,0.0022871,0.0019882,0.0025103,0.0023659,0.0025957,0.0024513,0.0026118,0.0022201,0.0021794,0.0020449,0.0022475,0.0022398,0.0022697,0.0020752,0.0024069,0.0025436,0.0021754,0.0022605,0.0021203,0.0025022,0.0023946,0.0023056,0.0022609,0.0023538,0.0023251,0.0022859,0.0025414,0.00226,0.0025043,0.002447,0.0023365,0.0025307,0.0024635,0.0024832,0.0022872,0.0023207,0.0024255,0.0024553,0.0024232,0.002423,0.0024323,0.0026822,0.0023939,0.0023907,0.0023917,0.0024053,0.0024213,0.0023336,0.0023834,0.0023318,0.0024618,0.0023073,0.0027096,0.0023798,0.0023973,0.0024646,0.0024011,0.0023567,0.0023672,0.0021314,0.0023049,0.0026358,0.0023853,0.0023515,0.0025154,0.0023327,0.0024939,0.0024213,0.0024157,0.002376,0.0024144,0.0025775,0.0021527,0.0024919,0.0021997,0.0023323,0.0024873,0.0023277,0.0022038,0.0023445,0.0025619,0.0020978,0.0024574,0.0022477,0.0021851,0.002501,0.002166,0.0023897,0.0024174,0.0021795,0.0022808,0.0023684,0.0021668,0.0024013,0.0026433,0.0025308,0.0022183,0.002614,0.002252,0.0024706,0.002319,0.0020443,0.0022785,0.0026971,0.0022204,0.0023688,0.0022241,0.0027501,0.0024342,0.0022567,0.0023437,0.002135,0.0021243,0.0022449,0.0026326,0.0022554,0.0023014,0.0025423,0.0024849,0.0021975,0.002088,0.0021416,0.0023826,0.00231,0.0023525,0.0023283,652860.0,527600.0,4051000.0,2361500.0,1063500.0,5504200.0,2008000.0,2411200.0,2983400.0,2907700.0,715790.0,4946000.0,1272400.0,3886200.0,2497000.0,4962200.0,4006100.0,1313700.0,3439700.0,2457300.0,3280300.0,11623000.0,939160.0,6172800.0,733680.0,8929900.0,1559800.0,1804700.0,799240.0,3153800.0,1663100.0,5695800.0,23134000.0,2470300.0,2681400.0,4250800.0,1211200.0,1483800.0,1623100.0,2037800.0,1036500.0,2054600.0,998900.0,7322600.0,2384900.0,1789300.0,1464100.0,2229500.0,15638000.0,933030.0,7138100.0,3914300.0,695400.0,3830400.0,1057500.0,2604500.0,17325000.0,31464000.0,2325700.0,1698300.0,1501900.0,2783800.0,1015700.0,1887600.0,3336500.0,787200.0,2814400.0,1901400.0,3839200.0,2700300.0,1417200.0,1096800.0,14691000.0,5032200.0,1313700.0,3541200.0,1639800.0,944740.0,2521800.0,3636500.0,1267500.0,875270.0,2074100.0,856130.0,1823800.0,2791600.0,4851100.0,4107200.0,2293000.0,5593500.0,1274600.0,9165300.0,4558400.0,997350.0,1628100.0,875890.0,1738300.0,3439800.0,9756100.0,1694900.0,16185000.0,1389000.0,9707100.0,1601000.0,3111800.0,1248900.0,1595600.0,12279000.0,5012700.0,2131600.0,3788800.0,2346100.0,1178000.0,645020.0,3343500.0,11411000.0,2365500.0,1449300.0,738260.0,1883600.0,722040.0,1169800.0,2174300.0,8636100.0,4069700.0,2575300.0,3026200.0,2316200.0,1468700.0,757990.0,10124000.0,2341800.0,3477500.0,2031800.0,1344300.0,1016600.0,1973900.0,1030900.0,2818800.0,3841500.0,1137500.0,1448700.0,2060900.0,1490700.0,2159300.0,2379200.0,867820.0,6776700.0,1483200.0,9209400.0,6039000.0,796610.0,10241000.0,798180.0,1257100.0,18495000.0,669880.0,11896000.0,704520.0,5463300.0,3620500.0,3728500.0,2594300.0,5128500.0,4299400.0,4138300.0,945220.0,4052400.0,1605800.0,6226400.0,1476500.0,7458600.0,1058700.0,729360.0,3925100.0,2935000.0,1917500.0,8220700.0,2222600.0,929290.0,1207100.0,3637800.0,3493100.0,1909700.0,1445200.0,720570.0,6685600.0,5169700.0,2290100.0,619540.0,17391000.0,3256600.0,5152600.0,1119800.0,17904000.0,5318100.0,1077700.0,8409500.0,1326800.0,1407500.0,3909300.0,5195800.0,785010.0,1609000.0,953500.0,1742800.0,1536400.0,1428600.0,7692300.0,2295200.0,1389900.0,12034000.0,2729100.0,1213300.0,1238200.0,3194500.0,932670.0,4580100.0,1110300.0,1813100.0,7912700.0,4355400.0,685140.0,1393400.0,9817300.0,5161200.0,4960900.0,15079000.0,2942700.0,1891900.0,2294600.0,2933500.0,3129200.0,1844900.0,1714400.0,2219900.0,1469200.0,7074000.0,638180.0,3583000.0,8148600.0,8705300.0,1826300.0,5270900.0,3949100.0,4910800.0,847070.0,1117100.0,5283500.0,1523800.0,6462500.0,3415400.0,6961300.0,1931200.0,1605900.0,1559300.0,1065700.0,1101400.0,2250300.0,1018100.0,5082200.0,3404400.0,3048000.0,2817500.0,2386500.0,1906100.0,15335000.0,13457000.0,3518500.0,3147900.0,1932600.0,4368700.0,3283600.0,640970.0,2021700.0,760960.0,3461100.0,1947300.0,1.5239,1.8364,4.1734,1.2799,2.2251,4.2233,1.231,1.9858,4.2343,2.501,2.6639,4.3043,0.85598,2.0607,4.2184,1.5218,2.4832,3.8943,3.0042,2.8391,5.8154,1.2314,1.9876,4.2347,1.7438,1.7191,4.2477,1.2786,2.2267,4.2252,0.85662,2.0608,4.2148,2.8918,2.8364,4.5082,5.7143,2.7774,1.4718,1.2361,2.8428,3.6215,0.95555,2.1456,3.0239,2.4836,2.0506,4.4434,1.4735,1.6789,3.9043,0.6605,2.5704,3.8854,2.0042,1.7627,3.4721,1.0723,2.4461,3.0571,0.27354,2.2851,3.5656,1.7831,1.6709,3.3868,2.1404,2.8238,4.4469,1.7863,1.6679,3.3895,1.4797,1.675,3.907,0.39502,2.1325,3.2053,2.0358,2.3551,4.3855,1.4782,1.6658,3.2002,0.83121,1.8734,2.7751,3.0061,2.8411,5.8137,2.0047,1.7595,3.473,1.0054,2.7151,2.8789,1.8146,2.5889,3.9989,0.63069,1.8677,2.7971,1.0699,2.4459,3.0531,1.897,1.915,4.4923,1.6804,1.6953,3.8956,0.51063,2.2008,3.7481,1.198,2.4198,3.7891,1.0095,2.0603,3.272,2.547,2.297,4.2878,2.068,2.1483,4.6743,1.4777,1.6757,3.9103,1.896,1.9187,4.4923,1.4909,2.1693,3.2677,0.82378,2.0805,3.1884,2.4182,2.3716,4.3135,1.9502,2.6012,4.8944,1.9442,2.5961,4.8842,2.5471,2.2967,4.286,1.2904,2.4872,3.9473,1.6878,2.2323,4.2942,2.0786,3.0626,4.0214,0.50283,2.4681,2.4757,1.5428,2.0529,4.6057,2.0769,3.0664,4.0237,0.39288,2.3731,3.4385,1.6606,1.6318,4.083,0.7111,2.0234,3.0993,2.2433,2.2418,4.6459,0.62358,2.6151,2.9965,1.0059,2.0661,3.2724,0.13183,2.8905,1.9739,1.9947,1.9873,4.5866,2.5468,2.2984,4.2877,2.672,2.3382,5.2002,2.1471,2.8227,4.4488,1.0831,1.8514,3.9457,4.621,2.9984,0.51034,0.88874,2.1192,3.0554,1.3086,2.1005,4.2642,1.0581,2.0892,3.4948,2.3149,2.755,4.5855,1.6992,1.601,4.1586,1.1414,2.5578,3.0642,0.74791,2.4256,3.7694,2.0561,1.9281,3.7392,1.5975,2.4384,3.4693,1.6593,2.5235,3.6067,1.6574,1.6801,4.2508,2.1119,2.8106,4.5898,2.1187,2.8105,4.5935,3.3484,2.7833,6.1103,1.7,1.6018,4.1602,1.7037,2.004,3.452,2.1371,2.939,4.9326,1.1433,2.5581,3.0677,2.6392,2.4458,4.9904,1.0215,2.6043,4.0671,1.6002,2.4371,3.4703,1.1842,1.7989,4.1028,1.6614,1.6316,4.0846,1.7028,2.0031,3.4513,0.27576,2.9469,3.3233,2.8727,2.292,4.5612,1.3206,1.9512,4.2071,1.2453,2.6878,3.3181,1.4623,2.4584,3.3438,1.8378,1.9851,3.7249,1.9508,2.3371,3.9921,1.0977,2.2839,3.1904,2.539,2.0488,5.1514,1.2385,2.6892,3.3103,1.4622,2.4602,3.3417,0.28412,2.9495,3.3314,0.67845,1.8066,2.9137,1.702,2.0283,4.4215,1.471,1.865,4.1198,5.537,2.9016,1.8504,0.81951,2.1231,2.7825,1.0193,2.6054,4.067,2.1577,2.5248,3.6224,2.6419,2.4421,4.9909,2.8042,2.7039,4.5201,2.16,2.5271,4.5347,2.3491,2.1029,4.1922,0.76588,1.9908,3.3503,0.32818,2.4741,2.8827,0.60243,2.1411,3.7184,2.3899,2.5108,4.4323,0.74911,2.4624,2.8531,1.2572,1.5809,4.2888,1.7001,2.0047,3.4517,0.010362,2.689,2.0505,3.2126,2.9396,6.2048,0.7464,2.4613,2.8518,1.6597,1.6343,4.0888,1.4949,1.8598,3.1838,0.74347,2.4625,2.8478,2.17,2.3473,4.9562,1.1426,2.562,3.0692,1.0078,1.9671,3.5058,0.53121,1.9796,3.2567,1.7002,2.0055,3.4504,2.3892,2.0793,4.1944,2.1414,2.154,4.9776,1.2921,1.7544,3.7999,0.68647,1.9766,2.7563,2.1406,2.153,4.979,2.3162,2.1854,4.4595,1.5664,2.2895,3.9629,4.195,3.0092,0.1282,1.9541,2.3382,3.9953,0.83583,1.9647,4.1178,1.1726,2.5727,4.2139,3.5116,2.8535,6.0756,1.535,1.6161,3.2859,0.32318,2.2989,3.4115,5.1346,2.9912,1.0713,0.55293,2.7852,3.2501,1.2618,2.5068,2.9765,2.1444,2.1521,4.9801,1.4763,2.0944,4.3499,1.5283,1.6214,3.2881,1.3813,2.9292,3.3625,0.45422,2.4483,2.7193,0.92327,2.4537,2.9988,0.22201,2.6188,3.3415,1.6139,2.2569,4.1261,0.44637,2.4462,2.7126,1.049,2.1702,3.6605,1.393,1.8076,4.2932,0.3229,2.3001,3.4102,1.5309,1.6165,3.2862,0.45129,2.4484,2.7171,2.976,2.8698,5.895,2.0058,2.5992,4.0349,1.9717,2.1781,4.5873,2.631,2.7735,5.274,1.886,1.9662,3.9031,1.2967,1.8184,3.6889,2.147,2.1536,4.9813,1.4062,2.6578,4.0104,1.0958,3.084,2.937,4.6857,2.9864,0.40989,1.2551,2.6854,4.3302,1.9017,1.9578,3.8848,1.2429,2.6361,2.8617,0.35328,2.7745,2.9454,0.94154,2.8895,4.1338,0.56779,2.5202,2.5778,0.70045,1.9322,2.9916,0.54761,2.3966,3.4303,1.5713,2.1755,4.2289,1.2517,2.6874,4.3331,0.63642,1.9487,3.1187,1.9791,1.8964,3.8174,1.1962,1.8473,3.6457,2.4671,2.7216,4.9878,1.3796,1.5223,4.1743,1.3895,2.1551,3.1771,0.63943,1.949,3.1175,0.46787,2.447,2.5695,1.6186,2.255,4.1283,2.4616,2.7216,4.9869,0.63528,1.9501,3.1159,1.5654,1.713,3.3271,0.53434,3.0381,2.4464,0.57187,2.5201,2.5821,2.9115,2.7436,5.8894,6.1716,2.8633,2.5374,4.6676,2.9888,0.38823,2.3511,2.4076,3.757,0.8675,3.0826,3.6526,1.4363,2.2571,3.5641,0.82031,3.0809,3.6045,2.3706,2.2372,3.8105,1.1962,1.8485,3.6451,2.4264,2.3368,4.5595,2.5839,2.6265,4.0314,1.2587,2.6861,4.3367,1.8877,1.965,3.9048,1.1247,2.7981,3.6504,2.4512,2.483,5.0937,1.6012,2.6242,3.298,2.1683,2.1876,4.1009,0.78888,1.9044,3.3734,2.3537,2.4093,3.756,2.3521,2.4111,3.7561,2.1853,1.887,4.902,2.6473,2.2907,4.7943,2.3688,2.2389,3.8108,1.3835,1.5865,3.8361,2.4676,2.7191,4.991,1.8879,1.9651,3.9055,0.77961,2.1423,3.9636,1.6034,1.8352,4.2603,2.4646,2.7206,4.9901,1.4447,2.3901,3.2607,5.9222,2.8799,2.2018,1.8588,1.7993,3.4763,1.9809,3.0247,4.3041,2.0136,1.9498,4.7523,1.0996,2.58,4.2714,1.883,2.15,4.861,1.6138,1.805,3.9667,1.6049,2.0091,3.3935,1.0119,2.7779,3.5626,0.90825,2.8347,3.8052,1.3802,2.3915,3.8454,1.1235,2.7983,3.6494,1.8355,1.8005,4.0941,0.90971,2.4606,2.7717,1.9094,2.0693,4.3841,0.066821,2.7968,2.8334,1.0867,1.961,4.2624,0.94553,2.3357,3.0093,1.6318,2.3958,4.5862,0.97891,2.0887,2.8338,0.74321,2.0002,2.7429,1.6127,1.8046,3.9685,0.91275,2.4595,2.7748,1.381,1.5873,3.8365,2.7732,2.5913,4.6377,1.0856,2.1387,3.6278,1.1208,2.8009,3.6495,1.976,1.9892,4.4759,1.0831,1.9635,4.26,1.8531,1.6502,3.4499,1.662,2.4815,3.9992,2.1134,2.5541,4.9233,2.157,2.3808,3.7084,1.1857,3.0736,3.418,1.4473,1.4649,4.234,0.61486,3.0013,3.6111,1.6249,1.7532,4.2343,0.74467,1.9988,2.7426,0.68881,2.1942,3.946,2.6901,2.6034,4.5381,1.9946,2.1272,3.4383,1.3802,2.9221,3.5359,1.0842,2.1947,3.6363,2.5312,1.9999,4.4677,1.4914,1.7343,4.4227,1.6072,2.5927,3.5811,2.0618,2.2889,4.0721,2.7086,2.3705,5.0096,0.44555,2.5299,2.9597
0.011596,377.76,0.0024339,334.18,429.96,332.57,380.54,382.12,398.15,431.72,392.35,373.04,382.33,483.09,314.57,391.82,422.85,399.45,378.27,381.01,303.23,309.7,383.63,366.82,322.01,411.11,325.98,344.61,386.53,445.11,267.11,413.91,359.1,369.2,307.39,436.41,409.58,443.97,407.86,347.24,372.56,439.32,435.36,319.11,443.7,316.91,388.73,368.51,416.14,409.8,427.63,379.82,411.94,368.98,428.78,427.07,405.36,350.07,421.21,377.08,341.15,465.49,405.57,390.71,426.23,329.47,369.2,347.13,385.95,346.15,470.16,381.14,371.18,371.52,386.09,381.84,334.23,351.43,397.39,371.02,406.84,404.21,380.15,409.02,423.71,340.65,405.13,281.38,414.87,351.89,384.72,351.36,402.09,405.05,358.74,350.83,354.73,333.86,383.29,453.14,326.73,355.57,412.21,432.89,443.98,407.09,373.1,393.77,477.81,377.7,329.11,378.46,419.93,338.21,384.6,415.57,281.74,428.44,373.02,412.19,403.88,407.91,297.31,396.86,426.5,308.87,352.73,359.5,411.9,295.87,400.91,411.61,400.0,383.18,435.19,372.9,348.72,430.9,395.59,379.58,426.76,402.26,387.09,338.49,401.3,414.17,341.81,357.64,483.23,334.81,364.04,451.24,333.63,351.91,462.22,365.76,251.29,452.88,409.11,418.21,366.38,447.13,363.49,350.73,296.06,334.51,338.42,380.99,304.16,394.35,417.19,335.01,373.41,390.48,405.51,358.63,388.82,359.19,350.72,361.14,357.59,482.42,366.26,428.0,446.87,366.41,411.75,364.49,448.92,369.49,363.86,421.18,455.37,376.97,408.35,392.3,332.18,415.09,378.19,382.49,375.2,385.18,351.33,398.55,373.77,384.66,378.12,342.24,379.67,346.72,429.79,414.61,362.63,357.3,316.67,379.95,434.85,330.27,356.96,466.11,367.62,384.21,396.05,387.38,381.44,421.32,437.77,324.53,404.26,338.55,404.28,377.09,431.09,327.61,420.63,410.75,306.98,408.59,380.93,260.14,410.47,343.29,383.98,387.95,320.78,366.93,395.0,337.2,396.56,428.84,385.6,324.93,421.74,362.47,380.37,374.73,321.41,415.35,486.71,352.79,342.35,358.42,455.67,395.61,350.4,429.7,285.41,294.18,350.5,431.62,364.88,348.59,376.92,458.23,335.29,351.3,334.55,411.32,353.93,386.17,402.67,0.0024506,0.0027875,0.0023999,0.0023962,0.0024952,0.0025189,0.0025963,0.002586,0.0024359,0.0025083,0.0028431,0.0021995,0.0024719,0.0026225,0.0027478,0.0024499,0.0024457,0.0021939,0.0020786,0.002704,0.0024513,0.0022914,0.0027343,0.0022521,0.0023494,0.0023908,0.0027927,0.0020939,0.0028122,0.0022631,0.0023579,0.0021067,0.0026301,0.0025524,0.0028003,0.002509,0.0024442,0.0025224,0.0025742,0.0024866,0.0020693,0.0027968,0.0022097,0.0024001,0.0023854,0.0024874,0.0024225,0.0025458,0.0024509,0.0022813,0.0024459,0.0027498,0.0023945,0.0025192,0.0023998,0.0024741,0.0024724,0.0024397,0.0027618,0.0027857,0.0024972,0.0027049,0.0024196,0.0026108,0.0023432,0.0026166,0.0024639,0.0028031,0.0024487,0.002672,0.0024567,0.0023356,0.0025122,0.0023351,0.0024535,0.0024197,0.0023527,0.002655,0.0027284,0.0024434,0.0026992,0.002627,0.0021762,0.0023143,0.0021282,0.0025322,0.0024311,0.0024649,0.002247,0.0025176,0.0024765,0.0023949,0.002326,0.0022681,0.0022091,0.0022679,0.0028122,0.0022027,0.0022762,0.002511,0.0026471,0.0028051,0.0025093,0.0025433,0.0025052,0.0026942,0.0024568,0.0023114,0.0022187,0.002831,0.0023404,0.0025761,0.0026272,0.0021648,0.0026453,0.0023792,0.0025444,0.002493,0.0026083,0.0022651,0.0026845,0.0024935,0.0022406,0.0022883,0.0024181,0.0026305,0.0021194,0.0025638,0.0026626,0.0026309,0.0025432,0.0025538,0.0022902,0.0022514,0.0026768,0.0027236,0.0023868,0.0026302,0.002724,0.0024202,0.0022943,0.0022109,0.0025223,0.00233,0.0025121,0.0025679,0.0022396,0.0024359,0.0026163,0.0020882,0.0024031,0.002987,0.0023461,0.0019925,0.0025885,0.0024436,0.0026859,0.0025162,0.0026879,0.0022819,0.002237,0.0020684,0.002292,0.0022677,0.0023312,0.0021071,0.0024997,0.0026307,0.0022365,0.0023109,0.0021506,0.0025807,0.002467,0.0023637,0.0023177,0.0024197,0.0023896,0.0023413,0.0026469,0.002293,0.0025905,0.0025227,0.002402,0.0026062,0.002533,0.002577,0.0023485,0.0023806,0.0025165,0.0025269,0.0024943,0.0024964,0.002515,0.0027599,0.0024802,0.002467,0.0024425,0.0024751,0.0024927,0.0023787,0.0024593,0.0023999,0.0025305,0.0023629,0.0027894,0.0024529,0.0024608,0.002552,0.0024724,0.0024102,0.0024266,0.0021702,0.0023692,0.0027397,0.0024529,0.0024179,0.0026415,0.0023861,0.0025686,0.0025044,0.002479,0.0024404,0.002485,0.0026759,0.0021995,0.0025678,0.0022386,0.0024135,0.0025741,0.0024178,0.0022447,0.0024189,0.0026465,0.0021575,0.0025562,0.0022918,0.0022349,0.002586,0.0022088,0.0024597,0.0024839,0.0022205,0.0023618,0.0024367,0.0022151,0.0024707,0.0027271,0.0026387,0.0022695,0.0027072,0.0023013,0.0025425,0.0023659,0.0020783,0.0023543,0.0028135,0.0022731,0.0024393,0.002272,0.0028406,0.0025025,0.0023283,0.0024268,0.0021505,0.0021606,0.0022821,0.0027244,0.0023117,0.0023569,0.0026258,0.0025889,0.0022464,0.0021442,0.0021813,0.0024575,0.0023742,0.0024203,0.0023854,652860.0,527600.0,4051000.0,2361500.0,1063500.0,5504200.0,2008000.0,2411200.0,2983400.0,2907700.0,715790.0,4946000.0,1272400.0,3886200.0,2497000.0,4962200.0,4006100.0,1313700.0,3439700.0,2457300.0,3280300.0,11623000.0,939160.0,6172800.0,733680.0,8929900.0,1559800.0,1804700.0,799240.0,3153800.0,1663100.0,5695800.0,23134000.0,2470300.0,2681400.0,4250800.0,1211200.0,1483800.0,1623100.0,2037800.0,1036500.0,2054600.0,998900.0,7322600.0,2384900.0,1789300.0,1464100.0,2229500.0,15638000.0,933030.0,7138100.0,3914300.0,695400.0,3830400.0,1057500.0,2604500.0,17325000.0,31464000.0,2325700.0,1698300.0,1501900.0,2783800.0,1015700.0,1887600.0,3336500.0,787200.0,2814400.0,1901400.0,3839200.0,2700300.0,1417200.0,1096800.0,14691000.0,5032200.0,1313700.0,3541200.0,1639800.0,944740.0,2521800.0,3636500.0,1267500.0,875270.0,2074100.0,856130.0,1823800.0,2791600.0,4851100.0,4107200.0,2293000.0,5593500.0,1274600.0,9165300.0,4558400.0,997350.0,1628100.0,875890.0,1738300.0,3439800.0,9756100.0,1694900.0,16185000.0,1389000.0,9707100.0,1601000.0,3111800.0,1248900.0,1595600.0,12279000.0,5012700.0,2131600.0,3788800.0,2346100.0,1178000.0,645020.0,3343500.0,11411000.0,2365500.0,1449300.0,738260.0,1883600.0,722040.0,1169800.0,2174300.0,8636100.0,4069700.0,2575300.0,3026200.0,2316200.0,1468700.0,757990.0,10124000.0,2341800.0,3477500.0,2031800.0,1344300.0,1016600.0,1973900.0,1030900.0,2818800.0,3841500.0,1137500.0,1448700.0,2060900.0,1490700.0,2159300.0,2379200.0,867820.0,6776700.0,1483200.0,9209400.0,6039000.0,796610.0,10241000.0,798180.0,1257100.0,18495000.0,669880.0,11896000.0,704520.0,5463300.0,3620500.0,3728500.0,2594300.0,5128500.0,4299400.0,4138300.0,945220.0,4052400.0,1605800.0,6226400.0,1476500.0,7458600.0,1058700.0,729360.0,3925100.0,2935000.0,1917500.0,8220700.0,2222600.0,929290.0,1207100.0,3637800.0,3493100.0,1909700.0,1445200.0,720570.0,6685600.0,5169700.0,2290100.0,619540.0,17391000.0,3256600.0,5152600.0,1119800.0,17904000.0,5318100.0,1077700.0,8409500.0,1326800.0,1407500.0,3909300.0,5195800.0,785010.0,1609000.0,953500.0,1742800.0,1536400.0,1428600.0,7692300.0,2295200.0,1389900.0,12034000.0,2729100.0,1213300.0,1238200.0,3194500.0,932670.0,4580100.0,1110300.0,1813100.0,7912700.0,4355400.0,685140.0,1393400.0,9817300.0,5161200.0,4960900.0,15079000.0,2942700.0,1891900.0,2294600.0,2933500.0,3129200.0,1844900.0,1714400.0,2219900.0,1469200.0,7074000.0,638180.0,3583000.0,8148600.0,8705300.0,1826300.0,5270900.0,3949100.0,4910800.0,847070.0,1117100.0,5283500.0,1523800.0,6462500.0,3415400.0,6961300.0,1931200.0,1605900.0,1559300.0,1065700.0,1101400.0,2250300.0,1018100.0,5082200.0,3404400.0,3048000.0,2817500.0,2386500.0,1906100.0,15335000.0,13457000.0,3518500.0,3147900.0,1932600.0,4368700.0,3283600.0,640970.0,2021700.0,760960.0,3461100.0,1947300.0,1.5238,1.836,4.1724,1.2806,2.2252,4.2239,1.2302,1.9846,4.2352,2.502,2.6644,4.305,0.8546,2.0599,4.2198,1.5229,2.4838,3.8949,3.0044,2.8395,5.8169,1.2321,1.9869,4.2353,1.7409,1.7194,4.2474,1.2797,2.227,4.2264,0.85494,2.0603,4.2137,2.8936,2.837,4.5095,5.7148,2.7774,1.4725,1.2364,2.8401,3.6219,0.9535,2.1461,3.0239,2.4838,2.0514,4.4434,1.474,1.6799,3.904,0.66134,2.5718,3.8848,2.0035,1.763,3.4718,1.0734,2.4445,3.0605,0.27319,2.2856,3.5652,1.7809,1.6699,3.3868,2.1347,2.8215,4.4417,1.7859,1.6673,3.3894,1.4816,1.6744,3.9081,0.39407,2.1331,3.2048,2.0375,2.357,4.3868,1.481,1.6666,3.2012,0.83017,1.8752,2.7749,3.0066,2.8409,5.8151,2.0037,1.7596,3.4726,1.0043,2.7148,2.8789,1.8125,2.5885,3.9977,0.63058,1.8683,2.7956,1.0696,2.4454,3.0546,1.8968,1.9156,4.4919,1.6814,1.694,3.8956,0.51162,2.2009,3.7507,1.2015,2.422,3.7907,1.0115,2.0624,3.2711,2.5488,2.2978,4.2883,2.0687,2.15,4.675,1.4773,1.6754,3.9106,1.8955,1.9201,4.4921,1.4912,2.1696,3.2673,0.82384,2.083,3.187,2.4183,2.3726,4.3146,1.9514,2.5998,4.8942,1.9465,2.5967,4.8841,2.5486,2.2971,4.2861,1.2923,2.4882,3.9465,1.689,2.2335,4.2954,2.0893,3.0615,4.031,0.5048,2.4669,2.4781,1.5422,2.0517,4.6057,2.0746,3.0658,4.0206,0.39202,2.3733,3.4371,1.6602,1.6315,4.0831,0.71209,2.0259,3.0986,2.2429,2.2438,4.6467,0.62429,2.6115,2.9987,1.0056,2.0703,3.2714,0.13009,2.8908,1.9702,1.9948,1.99,4.5866,2.5484,2.3,4.2867,2.6673,2.3376,5.1989,2.1426,2.8202,4.443,1.0859,1.8516,3.9469,4.6239,2.9963,0.51424,0.88893,2.1211,3.0544,1.3105,2.1003,4.2644,1.06,2.0912,3.4955,2.3109,2.754,4.5812,1.6982,1.6009,4.1584,1.1419,2.5568,3.0644,0.74746,2.4261,3.769,2.0581,1.9266,3.738,1.5959,2.4395,3.4698,1.6571,2.5256,3.606,1.6558,1.6795,4.2517,2.109,2.809,4.5872,2.1189,2.8084,4.5942,3.3463,2.784,6.1085,1.7003,1.6022,4.1609,1.7053,2.0026,3.4508,2.141,2.9397,4.9373,1.1441,2.5575,3.0684,2.6387,2.4452,4.9901,1.0206,2.6054,4.0684,1.5989,2.438,3.4713,1.1827,1.8014,4.1025,1.6617,1.6309,4.0846,1.7038,2.0013,3.4505,0.2655,2.9463,3.3142,2.8748,2.2914,4.562,1.3228,1.9515,4.209,1.2458,2.6857,3.3193,1.4611,2.458,3.3447,1.8361,1.9838,3.7237,1.9504,2.3389,3.9926,1.0978,2.285,3.1908,2.5379,2.0475,5.153,1.2364,2.6885,3.3098,1.4613,2.4604,3.3424,0.28036,2.951,3.3275,0.67903,1.8073,2.912,1.7022,2.0282,4.4228,1.473,1.8647,4.121,5.5333,2.9013,1.8479,0.8194,2.1239,2.7846,1.0169,2.6067,4.0674,2.1624,2.5253,3.6234,2.6419,2.4401,4.9897,2.807,2.7021,4.5205,2.1562,2.5242,4.5334,2.3491,2.1036,4.1916,0.76586,1.9929,3.3502,0.332,2.4734,2.886,0.60135,2.1419,3.7213,2.3924,2.51,4.4345,0.75212,2.4601,2.8563,1.2582,1.5805,4.29,1.6991,2.004,3.4521,0.014708,2.6887,2.0522,3.218,2.9403,6.2112,0.75058,2.4579,2.8555,1.6594,1.6347,4.0892,1.496,1.8575,3.1843,0.74558,2.4605,2.8493,2.1708,2.3469,4.9558,1.1435,2.5616,3.0709,1.0122,1.9704,3.5074,0.53003,1.9806,3.257,1.7006,2.0043,3.45,2.3912,2.0794,4.1932,2.142,2.154,4.9773,1.2933,1.7538,3.8004,0.68882,1.9768,2.7566,2.141,2.1528,4.979,2.3147,2.1864,4.4604,1.5659,2.2915,3.9631,4.1957,3.0083,0.12848,1.9533,2.34,3.9955,0.83358,1.965,4.1179,1.1729,2.5739,4.2143,3.5109,2.8529,6.076,1.5373,1.6152,3.2853,0.32192,2.3002,3.4117,5.1333,2.9907,1.067,0.55179,2.7856,3.2502,1.2606,2.5073,2.9773,2.1468,2.1512,4.979,1.4783,2.0939,4.3507,1.5303,1.6213,3.2895,1.3828,2.9283,3.3606,0.45892,2.4467,2.7223,0.92199,2.4533,2.9986,0.22207,2.6193,3.3417,1.6157,2.2588,4.1278,0.44942,2.4452,2.7147,1.0493,2.1722,3.6599,1.3918,1.8071,4.2934,0.32147,2.3012,3.4105,1.5324,1.6158,3.286,0.4563,2.4466,2.7201,2.9772,2.8697,5.8975,2.0036,2.5985,4.034,1.9735,2.1792,4.588,2.6264,2.7723,5.272,1.8839,1.9659,3.902,1.2984,1.8182,3.69,2.1503,2.1531,4.9815,1.4085,2.6565,4.0107,1.0802,3.0827,2.9197,4.6815,2.9855,0.40559,1.2548,2.6869,4.3288,1.901,1.9572,3.885,1.2422,2.6361,2.8613,0.35305,2.7751,2.9461,0.94422,2.8896,4.1358,0.56665,2.5196,2.5781,0.70142,1.9336,2.9895,0.54819,2.398,3.4298,1.5738,2.1758,4.2307,1.251,2.6892,4.3333,0.63621,1.95,3.1174,1.9797,1.8949,3.8161,1.198,1.8472,3.6468,2.4651,2.72,4.985,1.3808,1.5233,4.175,1.3883,2.1547,3.1779,0.6404,1.9507,3.1156,0.4736,2.4443,2.5722,1.6225,2.2576,4.1295,2.4579,2.7199,4.9848,0.63422,1.9519,3.1139,1.5667,1.7127,3.3271,0.54516,3.0372,2.4545,0.57236,2.5197,2.583,2.9167,2.7436,5.8936,6.1715,2.8637,2.5379,4.6584,2.9879,0.3777,2.3525,2.406,3.7567,0.87975,3.0826,3.6679,1.4329,2.2609,3.5627,0.80992,3.0816,3.5965,2.3716,2.2365,3.8095,1.1986,1.8485,3.6465,2.4262,2.3364,4.5605,2.5842,2.6272,4.0335,1.2587,2.6869,4.3377,1.8858,1.9646,3.9036,1.1271,2.7977,3.6529,2.4491,2.4804,5.0912,1.5974,2.6248,3.2984,2.1679,2.1883,4.1006,0.79008,1.9061,3.3739,2.3571,2.4085,3.7566,2.3533,2.4103,3.7552,2.187,1.8885,4.9036,2.6476,2.2905,4.795,2.3698,2.2387,3.8105,1.3852,1.5867,3.8373,2.4661,2.7173,4.989,1.8865,1.9646,3.9047,0.77933,2.1423,3.9674,1.6049,1.8349,4.2613,2.4618,2.7181,4.9885,1.4447,2.3901,3.2611,5.9202,2.8797,2.2007,1.8578,1.7981,3.4778,1.9826,3.0235,4.3047,2.0145,1.9501,4.7533,1.1011,2.5803,4.2723,1.8847,2.1497,4.8617,1.614,1.8047,3.9666,1.6055,2.0085,3.393,1.0155,2.7772,3.5669,0.90983,2.8351,3.8058,1.3832,2.3941,3.8474,1.1258,2.7972,3.6515,1.8332,1.8004,4.0939,0.90782,2.46,2.7717,1.9093,2.0701,4.3837,0.066221,2.7964,2.8338,1.0864,1.9612,4.2634,0.94589,2.3337,3.0118,1.6311,2.3958,4.5857,0.97871,2.0885,2.834,0.74205,2.0007,2.7418,1.6125,1.8042,3.9683,0.91277,2.4585,2.7766,1.3804,1.5876,3.8369,2.7733,2.5919,4.6371,1.0863,2.1399,3.6279,1.123,2.8003,3.6512,1.9759,1.9905,4.4756,1.0815,1.9646,4.2598,1.8531,1.6502,3.4498,1.6618,2.4828,3.999,2.1149,2.5533,4.9234,2.1575,2.3814,3.7063,1.1843,3.0726,3.4164,1.448,1.4645,4.2344,0.61338,3.002,3.6109,1.6244,1.7528,4.234,0.74425,1.9995,2.742,0.68815,2.1941,3.9477,2.6901,2.6039,4.538,1.9974,2.1264,3.4379,1.3789,2.9203,3.5351,1.0859,2.1973,3.6365,2.5313,2.0008,4.4673,1.4912,1.7337,4.4228,1.6048,2.5923,3.5804,2.0609,2.2905,4.0725,2.7052,2.3671,5.007,0.44698,2.5285,2.9622
0.017363,391.24,0.0025183,343.21,450.07,342.04,395.65,387.71,412.47,452.02,406.12,386.79,395.98,500.52,324.96,408.02,440.64,410.88,391.91,395.12,310.78,317.28,396.27,380.08,331.46,428.9,336.23,356.83,401.15,459.85,269.32,428.38,371.05,385.02,314.8,454.11,423.72,462.88,423.15,359.19,385.06,456.23,455.02,324.56,465.87,325.32,402.81,380.12,431.91,427.89,445.3,393.56,427.3,381.89,445.43,442.51,421.13,362.52,438.34,391.19,352.79,487.04,419.23,406.54,443.64,337.99,381.51,358.4,401.43,357.62,492.25,396.67,384.36,387.81,399.71,395.9,344.16,359.16,414.69,381.46,424.03,419.96,396.41,423.77,442.16,352.63,422.98,285.79,432.34,362.35,398.6,364.92,417.26,421.96,371.89,361.74,366.95,344.08,395.97,474.42,334.43,367.46,429.76,447.99,462.88,423.41,387.83,409.76,500.88,392.2,337.75,394.5,435.32,347.0,400.34,431.92,287.03,445.89,386.49,430.14,422.78,424.01,302.39,412.56,448.87,314.34,363.02,371.85,426.22,303.98,417.74,425.03,413.71,396.08,452.34,386.38,360.21,450.75,408.37,393.63,443.48,418.21,402.5,347.8,420.78,430.15,352.9,367.84,506.03,338.14,376.68,469.26,343.83,362.12,483.66,377.94,255.32,469.78,425.83,436.46,380.01,465.44,375.38,360.53,302.78,345.78,347.48,395.22,312.77,412.51,434.52,346.41,384.71,405.21,419.97,368.77,404.46,372.01,363.07,371.79,368.92,505.21,378.72,446.63,466.16,380.71,427.09,377.34,471.99,383.56,374.4,439.84,482.13,390.18,422.46,407.59,341.0,432.92,390.28,396.82,389.26,399.25,364.87,413.36,388.06,399.77,390.56,352.55,396.7,354.36,448.95,430.96,375.53,368.45,323.39,391.44,455.86,341.39,367.72,490.85,378.81,396.31,411.16,400.52,393.02,442.05,455.62,332.49,419.74,349.5,422.05,387.6,450.28,336.22,437.66,427.96,315.74,426.64,393.95,266.08,426.63,353.39,395.96,400.83,329.58,382.18,409.91,346.63,412.99,447.96,401.2,332.19,438.39,374.7,392.61,388.34,331.19,436.1,510.98,362.34,352.23,370.01,472.88,409.26,361.93,449.5,287.77,301.47,360.52,448.15,376.91,360.12,390.09,481.23,343.61,365.67,345.47,427.24,361.41,399.89,416.34,0.0025395,0.0029089,0.0024821,0.0024781,0.0025617,0.0026105,0.0026982,0.0026825,0.0025158,0.0026091,0.0029483,0.0022685,0.0025645,0.0027254,0.0028461,0.002538,0.0025267,0.0022578,0.0021355,0.0027991,0.0025393,0.0023623,0.002848,0.0023211,0.0024298,0.0024728,0.0028936,0.0021381,0.0029191,0.0023276,0.0024482,0.0021625,0.0027301,0.0026384,0.0029098,0.0025974,0.002525,0.0026126,0.0026639,0.0025815,0.0021173,0.0029229,0.0022673,0.0024803,0.0024672,0.0025818,0.0025095,0.0026375,0.0025377,0.0023467,0.0025298,0.0028565,0.0024704,0.0026149,0.0024972,0.0025648,0.0025664,0.0025229,0.0028805,0.0028936,0.0025882,0.0028165,0.0025081,0.0027075,0.0024235,0.0027106,0.0025548,0.002933,0.0025381,0.0027694,0.0025538,0.0024131,0.0026072,0.0024076,0.0025285,0.002506,0.002426,0.0027643,0.0028373,0.0025261,0.0028054,0.0027295,0.0022336,0.0023835,0.0021896,0.0026257,0.0025085,0.0025502,0.0023196,0.0026149,0.0025611,0.0024741,0.0023975,0.0023279,0.0022706,0.002332,0.0029345,0.0022642,0.0023454,0.002606,0.0027382,0.0029183,0.0025986,0.0026468,0.0025965,0.0028074,0.0025401,0.0023809,0.0022943,0.0029416,0.0024201,0.0026836,0.0027251,0.0022258,0.0027414,0.0024622,0.0026543,0.002596,0.0027109,0.0023269,0.0027895,0.0025969,0.0023079,0.0023589,0.0025003,0.0027321,0.0021803,0.0026645,0.002752,0.0027245,0.0026299,0.0026476,0.0023649,0.0023173,0.0027924,0.0028241,0.0024682,0.0027237,0.0028295,0.0025075,0.0023663,0.002297,0.0026188,0.0024138,0.0026021,0.0026709,0.0022803,0.002521,0.0027202,0.0021429,0.0024847,0.0031197,0.0024252,0.002034,0.0026763,0.0025361,0.002793,0.0026121,0.002781,0.0023545,0.0023077,0.0021136,0.0023606,0.0023253,0.0024084,0.0021663,0.0026056,0.0027314,0.0023089,0.0023799,0.0022044,0.0026712,0.0025495,0.0024464,0.0023932,0.0025053,0.0024669,0.002415,0.002756,0.0023571,0.0026895,0.0026127,0.0024894,0.0027034,0.0026247,0.0026872,0.0024292,0.0024528,0.0026183,0.0026251,0.0025849,0.0025863,0.0026111,0.0028673,0.0025746,0.0025582,0.0025243,0.0025676,0.0025814,0.0024524,0.0025465,0.0024861,0.0026156,0.0024363,0.0029115,0.0025468,0.0025424,0.0026452,0.0025626,0.0024936,0.0025019,0.00223,0.0024454,0.0028556,0.0025412,0.0025008,0.0027622,0.0024559,0.0026597,0.0026003,0.0025616,0.0025181,0.002579,0.0027809,0.0022665,0.0026648,0.0023034,0.0025068,0.0026668,0.0025112,0.0023086,0.0025071,0.0027517,0.0022281,0.0026592,0.0023587,0.0023068,0.0026841,0.0022697,0.002543,0.0025649,0.0022868,0.0024497,0.0025191,0.0022753,0.0025599,0.002827,0.0027518,0.0023349,0.0028089,0.0023717,0.0026288,0.0024406,0.0021324,0.0024358,0.0029412,0.002344,0.0025271,0.0023388,0.002949,0.0025857,0.0024173,0.0025202,0.0021941,0.0022183,0.0023457,0.0028264,0.0023856,0.0024395,0.0027275,0.0026959,0.0023178,0.0022154,0.0022417,0.0025426,0.0024506,0.0025069,0.0024569,652860.0,527600.0,4051000.0,2361500.0,1063500.0,5504200.0,2008000.0,2411200.0,2983400.0,2907700.0,715790.0,4946000.0,1272400.0,3886200.0,2497000.0,4962200.0,4006100.0,1313700.0,3439700.0,2457300.0,3280300.0,11623000.0,939160.0,6172800.0,733680.0,8929900.0,1559800.0,1804700.0,799240.0,3153800.0,1663100.0,5695800.0,23134000.0,2470300.0,2681400.0,4250800.0,1211200.0,1483800.0,1623100.0,2037800.0,1036500.0,2054600.0,998900.0,7322600.0,2384900.0,1789300.0,1464100.0,2229500.0,15638000.0,933030.0,7138100.0,3914300.0,695400.0,3830400.0,1057500.0,2604500.0,17325000.0,31464000.0,2325700.0,1698300.0,1501900.0,2783800.0,1015700.0,1887600.0,3336500.0,787200.0,2814400.0,1901400.0,3839200.0,2700300.0,1417200.0,1096800.0,14691000.0,5032200.0,1313700.0,3541200.0,1639800.0,944740.0,2521800.0,3636500.0,1267500.0,875270.0,2074100.0,856130.0,1823800.0,2791600.0,4851100.0,4107200.0,2293000.0,5593500.0,1274600.0,9165300.0,4558400.0,997350.0,1628100.0,875890.0,1738300.0,3439800.0,9756100.0,1694900.0,16185000.0,1389000.0,9707100.0,1601000.0,3111800.0,1248900.0,1595600.0,12279000.0,5012700.0,2131600.0,3788800.0,2346100.0,1178000.0,645020.0,3343500.0,11411000.0,2365500.0,1449300.0,738260.0,1883600.0,722040.0,1169800.0,2174300.0,8636100.0,4069700.0,2575300.0,3026200.0,2316200.0,1468700.0,757990.0,10124000.0,2341800.0,3477500.0,2031800.0,1344300.0,1016600.0,1973900.0,1030900.0,2818800.0,3841500.0,1137500.0,1448700.0,2060900.0,1490700.0,2159300.0,2379200.0,867820.0,6776700.0,1483200.0,9209400.0,6039000.0,796610.0,10241000.0,798180.0,1257100.0,18495000.0,669880.0,11896000.0,704520.0,5463300.0,3620500.0,3728500.0,2594300.0,5128500.0,4299400.0,4138300.0,945220.0,4052400.0,1605800.0,6226400.0,1476500.0,7458600.0,1058700.0,729360.0,3925100.0,2935000.0,1917500.0,8220700.0,2222600.0,929290.0,1207100.0,3637800.0,3493100.0,1909700.0,1445200.0,720570.0,6685600.0,5169700.0,2290100.0,619540.0,17391000.0,3256600.0,5152600.0,1119800.0,17904000.0,5318100.0,1077700.0,8409500.0,1326800.0,1407500.0,3909300.0,5195800.0,785010.0,1609000.0,953500.0,1742800.0,1536400.0,1428600.0,7692300.0,2295200.0,1389900.0,12034000.0,2729100.0,1213300.0,1238200.0,3194500.0,932670.0,4580100.0,1110300.0,1813100.0,7912700.0,4355400.0,685140.0,1393400.0,9817300.0,5161200.0,4960900.0,15079000.0,2942700.0,1891900.0,2294600.0,2933500.0,3129200.0,1844900.0,1714400.0,2219900.0,1469200.0,7074000.0,638180.0,3583000.0,8148600.0,8705300.0,1826300.0,5270900.0,3949100.0,4910800.0,847070.0,1117100.0,5283500.0,1523800.0,6462500.0,3415400.0,6961300.0,1931200.0,1605900.0,1559300.0,1065700.0,1101400.0,2250300.0,1018100.0,5082200.0,3404400.0,3048000.0,2817500.0,2386500.0,1906100.0,15335000.0,13457000.0,3518500.0,3147900.0,1932600.0,4368700.0,3283600.0,640970.0,2021700.0,760960.0,3461100.0,1947300.0,1.5236,1.8354,4.1708,1.2817,2.2254,4.2249,1.2291,1.983,4.2366,2.5033,2.6652,4.3061,0.85256,2.0587,4.222,1.5245,2.4849,3.8957,3.005,2.84,5.8191,1.2331,1.986,4.2361,1.7368,1.7199,4.2469,1.2813,2.2274,4.2282,0.8523,2.0596,4.2122,2.8963,2.8379,4.5114,5.7156,2.7774,1.4734,1.2368,2.8362,3.6224,0.95051,2.1468,3.0239,2.4842,2.0525,4.4433,1.4748,1.6813,3.9035,0.66262,2.5739,3.884,2.0025,1.7635,3.4715,1.0753,2.4421,3.0655,0.2727,2.2864,3.5647,1.7778,1.6686,3.3869,2.127,2.8182,4.4345,1.7852,1.6664,3.3892,1.4844,1.6736,3.9096,0.39266,2.1339,3.2041,2.04,2.3598,4.3886,1.4849,1.6678,3.2027,0.82871,1.8777,2.7746,3.0075,2.8407,5.8172,2.0021,1.7597,3.472,1.0027,2.7143,2.879,1.8093,2.5879,3.9958,0.63058,1.8692,2.7935,1.0692,2.4447,3.0568,1.8964,1.9166,4.4913,1.6827,1.6923,3.8956,0.51322,2.2008,3.7547,1.2069,2.4252,3.7933,1.0145,2.0653,3.2699,2.5512,2.2989,4.2889,2.0699,2.1526,4.6759,1.4768,1.675,3.9111,1.8948,1.9223,4.4917,1.4916,2.1699,3.2666,0.82398,2.0869,3.1849,2.4182,2.3742,4.3162,1.9532,2.5977,4.8939,1.9498,2.5976,4.8839,2.5508,2.2977,4.2862,1.295,2.4896,3.9455,1.6908,2.2354,4.2972,2.1054,3.0598,4.0455,0.50765,2.4651,2.4816,1.5411,2.0502,4.6055,2.0716,3.0649,4.0166,0.39071,2.3735,3.435,1.6595,1.6311,4.0833,0.71368,2.0297,3.0976,2.2423,2.2468,4.648,0.62519,2.6061,3.0017,1.0051,2.0765,3.2701,0.1276,2.8913,1.9649,1.9949,1.9941,4.5868,2.5506,2.3022,4.2853,2.6605,2.3367,5.1971,2.1361,2.8166,4.4348,1.09,1.8518,3.9487,4.6277,2.9933,0.51934,0.88925,2.1238,3.0531,1.3131,2.1001,4.2647,1.0628,2.0943,3.4966,2.305,2.7524,4.5749,1.6965,1.6007,4.158,1.1426,2.5554,3.0648,0.74674,2.4269,3.7683,2.0612,1.9244,3.7363,1.5937,2.4411,3.4704,1.6539,2.5287,3.6051,1.6534,1.6786,4.253,2.105,2.8065,4.5837,2.1192,2.8054,4.5953,3.3433,2.7851,6.106,1.7009,1.6029,4.1621,1.7077,2.0008,3.4492,2.1473,2.9406,4.9446,1.1452,2.5567,3.0696,2.638,2.4443,4.9898,1.0195,2.6071,4.0705,1.5969,2.4393,3.4728,1.1805,1.8052,4.1021,1.6621,1.6301,4.0845,1.7052,1.9989,3.4494,0.25018,2.9455,3.3006,2.8776,2.2905,4.5631,1.3259,1.952,4.2118,1.2465,2.6825,3.3211,1.4593,2.4573,3.346,1.8338,1.9821,3.7219,1.9498,2.3415,3.9935,1.0979,2.2868,3.1916,2.5367,2.0455,5.1553,1.2334,2.6874,3.309,1.4599,2.4608,3.3433,0.27435,2.9533,3.3215,0.67978,1.8084,2.9094,1.7026,2.0281,4.4249,1.476,1.8643,4.1229,5.5272,2.9008,1.8437,0.81917,2.1251,2.7876,1.0134,2.6087,4.068,2.1693,2.5261,3.625,2.6418,2.4373,4.9882,2.8109,2.6995,4.5212,2.151,2.5199,4.5317,2.3493,2.1048,4.1909,0.76585,1.9961,3.35,0.33745,2.4723,2.8906,0.59976,2.1431,3.7258,2.3963,2.5088,4.4379,0.75643,2.4568,2.8608,1.2595,1.58,4.2918,1.6975,2.0032,3.4527,0.0211,2.6881,2.0549,3.2265,2.9412,6.2212,0.75655,2.453,2.861,1.6588,1.6353,4.0898,1.4975,1.8544,3.1851,0.74838,2.4575,2.8512,2.1721,2.3462,4.9553,1.1447,2.561,3.0735,1.0187,1.9752,3.5097,0.5282,1.982,3.2575,1.7015,2.0027,3.4494,2.394,2.0795,4.1915,2.1429,2.154,4.9771,1.295,1.7529,3.8012,0.69216,1.9771,2.757,2.1418,2.1527,4.9792,2.3125,2.1878,4.4617,1.5652,2.2946,3.9634,4.1963,3.0069,0.12837,1.9523,2.3428,3.9959,0.83025,1.9656,4.1181,1.1735,2.5756,4.215,3.5098,2.852,6.0766,1.5407,1.6139,3.2846,0.32003,2.302,3.412,5.1308,2.9901,1.0602,0.55011,2.7861,3.2503,1.259,2.5079,2.9787,2.1502,2.1499,4.9775,1.4812,2.0935,4.352,1.5331,1.6214,3.2917,1.3849,2.9271,3.3578,0.46573,2.4445,2.7267,0.92,2.4527,2.9983,0.2221,2.6201,3.342,1.6184,2.2619,4.1306,0.45383,2.4437,2.7175,1.0496,2.1754,3.659,1.3901,1.8063,4.2938,0.31944,2.3029,3.4108,1.5344,1.6149,3.2857,0.46359,2.444,2.7244,2.9792,2.8694,5.9014,2.0002,2.5974,4.0327,1.9762,2.1809,4.589,2.6197,2.7704,5.269,1.8808,1.9656,3.9004,1.301,1.8179,3.6915,2.1552,2.1524,4.9819,1.4117,2.6545,4.0111,1.0573,3.0807,2.8942,4.6753,2.9841,0.39914,1.2543,2.689,4.3267,1.9002,1.9564,3.8854,1.2413,2.6362,2.8608,0.35255,2.7762,2.947,0.94828,2.8899,4.1388,0.56501,2.5188,2.5786,0.70277,1.9356,2.9864,0.5492,2.4002,3.429,1.5774,2.1764,4.2334,1.2501,2.6918,4.3339,0.63582,1.9519,3.1155,1.9806,1.8929,3.8144,1.2004,1.8474,3.6483,2.4621,2.7176,4.981,1.3823,1.5248,4.1762,1.3866,2.1541,3.179,0.64187,1.9533,3.1129,0.48173,2.4403,2.5761,1.6279,2.2614,4.1312,2.4526,2.7173,4.9819,0.63267,1.9546,3.111,1.5686,1.7123,3.3272,0.56046,3.036,2.4659,0.57302,2.519,2.5842,2.9244,2.7437,5.8998,6.171,2.8642,2.5384,4.6444,2.9865,0.36172,2.3547,2.4036,3.7563,0.89818,3.0827,3.6908,1.4281,2.2666,3.5608,0.79418,3.0826,3.5842,2.3731,2.2353,3.8081,1.202,1.8486,3.6484,2.4258,2.3359,4.5619,2.5845,2.6283,4.0367,1.2588,2.688,4.3392,1.8833,1.964,3.9019,1.1308,2.7972,3.6566,2.446,2.4766,5.0876,1.5918,2.6256,3.2991,2.1674,2.1895,4.1002,0.79175,1.9087,3.3748,2.362,2.4074,3.7576,2.3551,2.409,3.7537,2.1895,1.8907,4.9061,2.648,2.2901,4.796,2.3711,2.2384,3.8099,1.3878,1.5871,3.8391,2.4641,2.7145,4.9864,1.8846,1.9639,3.9035,0.77889,2.1424,3.9729,1.6071,1.8344,4.2627,2.4578,2.7145,4.9864,1.4448,2.3902,3.2616,5.917,2.8793,2.1986,1.8562,1.7964,3.4801,1.9853,3.0218,4.3057,2.0159,1.9505,4.7549,1.1035,2.5807,4.2738,1.8871,2.1494,4.8627,1.6142,1.8042,3.9664,1.6064,2.0077,3.3922,1.0211,2.7761,3.5733,0.91237,2.8359,3.8068,1.3877,2.3981,3.8504,1.1294,2.7957,3.6547,1.83,1.8003,4.0937,0.90496,2.4591,2.7718,1.9092,2.0714,4.3832,0.06515,2.7958,2.8343,1.0861,1.9616,4.2649,0.94648,2.3307,3.0154,1.63,2.3958,4.5849,0.97838,2.0883,2.8343,0.7402,2.0014,2.7401,1.6121,1.8037,3.968,0.91276,2.4571,2.7794,1.3796,1.588,3.8374,2.7733,2.5929,4.636,1.0873,2.1417,3.628,1.1267,2.7994,3.6539,1.9758,1.9927,4.475,1.0792,1.9663,4.2596,1.8532,1.6503,3.4495,1.6616,2.4846,3.9989,2.1172,2.5522,4.9235,2.1581,2.3821,3.7033,1.1819,3.071,3.414,1.4491,1.4639,4.235,0.61122,3.0031,3.6107,1.6235,1.7523,4.2337,0.74361,2.0006,2.7411,0.68714,2.194,3.9502,2.69,2.6046,4.5377,2.0016,2.1253,3.4374,1.3771,2.9176,3.5341,1.0886,2.2012,3.6367,2.5314,2.0022,4.4666,1.4908,1.7328,4.4231,1.6012,2.5917,3.5796,2.0596,2.2929,4.0731,2.7001,2.3621,5.0032,0.44892,2.5263,2.9659
0.021669,400.89,0.0025794,350.61,464.02,349.55,405.8,394.61,422.73,464.8,416.18,396.18,405.86,513.36,332.58,418.41,452.71,421.58,401.12,404.94,317.25,323.53,406.73,389.9,338.64,440.6,343.55,366.04,410.84,471.38,272.78,439.42,379.22,395.57,320.42,466.59,433.31,476.13,433.9,367.95,394.96,468.4,466.6,329.91,480.93,331.49,412.85,388.9,442.35,439.56,457.38,403.25,436.98,391.2,457.89,452.93,432.84,371.98,449.58,401.42,361.29,501.24,430.4,417.37,456.75,344.01,390.33,366.66,412.46,365.91,505.62,407.26,394.38,397.69,409.34,405.86,351.51,366.34,425.74,389.66,435.92,431.38,407.47,434.31,454.23,360.75,434.48,290.59,444.51,370.5,408.7,374.25,427.68,433.84,380.73,369.46,376.15,351.92,404.8,488.72,340.83,375.95,441.97,459.25,476.49,434.81,398.99,421.2,515.75,402.79,344.73,404.6,447.12,354.2,411.47,443.45,291.72,457.91,396.21,442.36,434.85,434.42,307.83,423.51,462.45,320.15,370.63,380.53,437.91,310.5,429.3,435.56,424.08,405.51,464.12,395.79,368.36,463.99,417.87,403.43,453.97,429.94,412.71,355.42,431.95,442.0,360.98,375.36,519.71,341.98,386.07,480.7,351.11,370.07,499.99,386.8,260.06,479.81,437.63,449.29,390.13,478.09,383.65,367.88,307.98,353.81,354.45,405.41,319.43,424.56,446.78,353.92,392.81,415.36,430.86,376.06,415.02,381.19,372.1,379.24,377.19,519.52,388.55,458.74,479.61,390.6,438.57,387.11,487.05,393.78,381.93,452.5,499.1,400.29,433.11,418.61,350.09,444.56,399.28,407.82,398.76,409.09,374.55,423.07,397.88,410.21,399.32,363.49,408.47,361.33,460.53,442.66,385.23,376.37,329.27,399.9,470.15,350.44,375.88,505.18,387.22,405.81,421.65,410.07,401.75,455.26,467.51,338.93,431.77,357.45,433.66,395.78,461.94,343.04,449.1,440.21,322.16,438.36,403.38,271.82,437.68,360.21,405.08,410.45,336.25,392.68,420.11,353.07,424.45,461.07,411.76,338.29,449.85,383.35,402.02,398.13,337.63,448.91,526.92,369.86,360.04,378.3,485.22,419.52,370.76,461.61,290.75,307.02,368.0,459.38,385.84,368.64,400.86,495.28,350.91,374.83,352.48,437.94,367.73,410.49,425.62,0.002608,0.0029922,0.0025414,0.002536,0.0026194,0.0026743,0.0027692,0.0027525,0.0025757,0.0026789,0.0030269,0.0023219,0.0026299,0.0027971,0.0029232,0.0025978,0.0025887,0.0023068,0.0021789,0.0028728,0.002605,0.002416,0.0029253,0.002372,0.0024905,0.0025311,0.0029678,0.0021777,0.0029965,0.0023742,0.0025098,0.002203,0.0028021,0.002698,0.0029879,0.0026623,0.0025842,0.0026822,0.0027322,0.002644,0.0021522,0.0030113,0.0023113,0.0025402,0.0025267,0.0026455,0.0025691,0.0027049,0.0025989,0.0023903,0.0025902,0.0029354,0.0025253,0.0026863,0.0025632,0.0026279,0.002636,0.002584,0.0029636,0.0029753,0.0026535,0.0029018,0.0025685,0.0027777,0.0024812,0.0027783,0.0026152,0.0030179,0.0026002,0.0028403,0.0026141,0.0024685,0.002673,0.0024625,0.0025846,0.0025651,0.0024804,0.0028388,0.0029141,0.0025894,0.0028803,0.0027999,0.0022753,0.002436,0.0022352,0.0026936,0.0025644,0.0026107,0.0023729,0.0026803,0.0026276,0.0025325,0.0024486,0.0023784,0.0023201,0.0023805,0.0030211,0.0023095,0.0023965,0.0026746,0.0028051,0.0029996,0.0026629,0.00272,0.0026671,0.002884,0.0026024,0.0024346,0.0023457,0.0030217,0.0024783,0.0027587,0.0027942,0.0022738,0.0028125,0.0025222,0.0027279,0.0026656,0.0027815,0.002376,0.0028639,0.0026687,0.0023612,0.0024101,0.002561,0.0028128,0.002228,0.0027365,0.0028217,0.0027936,0.0026932,0.0027155,0.0024193,0.0023668,0.0028721,0.0028948,0.0025268,0.0027865,0.0029036,0.002567,0.0024197,0.0023515,0.0026896,0.0024736,0.0026628,0.0027371,0.0023171,0.0025858,0.0027888,0.002185,0.0025427,0.003218,0.0024829,0.0020712,0.0027342,0.002603,0.002869,0.0026841,0.0028518,0.0024052,0.0023587,0.002149,0.0024125,0.0023727,0.0024649,0.0022129,0.0026788,0.0028034,0.0023571,0.0024313,0.0022469,0.0027372,0.0026082,0.0025072,0.0024483,0.0025666,0.0025202,0.0024688,0.002828,0.0024099,0.0027586,0.0026796,0.002553,0.0027769,0.0026917,0.0027652,0.0024881,0.0025035,0.0026886,0.0026957,0.0026517,0.002653,0.002681,0.0029522,0.0026396,0.0026232,0.0025878,0.0026335,0.0026456,0.0025097,0.0026065,0.0025475,0.0026789,0.0024886,0.0030115,0.0026127,0.0026042,0.0027072,0.0026281,0.0025564,0.0025558,0.0022756,0.0024996,0.0029382,0.0026066,0.0025607,0.0028368,0.002508,0.0027272,0.002669,0.0026219,0.0025751,0.002647,0.0028537,0.0023159,0.0027401,0.0023539,0.0025712,0.002731,0.0025711,0.0023562,0.0025678,0.0028287,0.0022751,0.0027282,0.002409,0.0023608,0.0027534,0.0023156,0.0026049,0.0026251,0.0023373,0.002509,0.0025778,0.0023163,0.0026252,0.0029004,0.0028276,0.0023818,0.0028794,0.0024233,0.0026921,0.0024985,0.0021713,0.0024903,0.0030305,0.0023968,0.0025914,0.0023878,0.0030256,0.0026475,0.0024806,0.0025818,0.002232,0.0022613,0.0023956,0.0028977,0.0024406,0.0025016,0.002804,0.0027664,0.0023731,0.0022633,0.0022867,0.0026031,0.0025048,0.0025732,0.0025085,652860.0,527600.0,4051000.0,2361500.0,1063500.0,5504200.0,2008000.0,2411200.0,2983400.0,2907700.0,715790.0,4946000.0,1272400.0,3886200.0,2497000.0,4962200.0,4006100.0,1313700.0,3439700.0,2457300.0,3280300.0,11623000.0,939160.0,6172800.0,733680.0,8929900.0,1559800.0,1804700.0,799240.0,3153800.0,1663100.0,5695800.0,23134000.0,2470300.0,2681400.0,4250800.0,1211200.0,1483800.0,1623100.0,2037800.0,1036500.0,2054600.0,998900.0,7322600.0,2384900.0,1789300.0,1464100.0,2229500.0,15638000.0,933030.0,7138100.0,3914300.0,695400.0,3830400.0,1057500.0,2604500.0,17325000.0,31464000.0,2325700.0,1698300.0,1501900.0,2783800.0,1015700.0,1887600.0,3336500.0,787200.0,2814400.0,1901400.0,3839200.0,2700300.0,1417200.0,1096800.0,14691000.0,5032200.0,1313700.0,3541200.0,1639800.0,944740.0,2521800.0,3636500.0,1267500.0,875270.0,2074100.0,856130.0,1823800.0,2791600.0,4851100.0,4107200.0,2293000.0,5593500.0,1274600.0,9165300.0,4558400.0,997350.0,1628100.0,875890.0,1738300.0,3439800.0,9756100.0,1694900.0,16185000.0,1389000.0,9707100.0,1601000.0,3111800.0,1248900.0,1595600.0,12279000.0,5012700.0,2131600.0,3788800.0,2346100.0,1178000.0,645020.0,3343500.0,11411000.0,2365500.0,1449300.0,738260.0,1883600.0,722040.0,1169800.0,2174300.0,8636100.0,4069700.0,2575300.0,3026200.0,2316200.0,1468700.0,757990.0,10124000.0,2341800.0,3477500.0,2031800.0,1344300.0,1016600.0,1973900.0,1030900.0,2818800.0,3841500.0,1137500.0,1448700.0,2060900.0,1490700.0,2159300.0,2379200.0,867820.0,6776700.0,1483200.0,9209400.0,6039000.0,796610.0,10241000.0,798180.0,1257100.0,18495000.0,669880.0,11896000.0,704520.0,5463300.0,3620500.0,3728500.0,2594300.0,5128500.0,4299400.0,4138300.0,945220.0,4052400.0,1605800.0,6226400.0,1476500.0,7458600.0,1058700.0,729360.0,3925100.0,2935000.0,1917500.0,8220700.0,2222600.0,929290.0,1207100.0,3637800.0,3493100.0,1909700.0,1445200.0,720570.0,6685600.0,5169700.0,2290100.0,619540.0,17391000.0,3256600.0,5152600.0,1119800.0,17904000.0,5318100.0,1077700.0,8409500.0,1326800.0,1407500.0,3909300.0,5195800.0,785010.0,1609000.0,953500.0,1742800.0,1536400.0,1428600.0,7692300.0,2295200.0,1389900.0,12034000.0,2729100.0,1213300.0,1238200.0,3194500.0,932670.0,4580100.0,1110300.0,1813100.0,7912700.0,4355400.0,685140.0,1393400.0,9817300.0,5161200.0,4960900.0,15079000.0,2942700.0,1891900.0,2294600.0,2933500.0,3129200.0,1844900.0,1714400.0,2219900.0,1469200.0,7074000.0,638180.0,3583000.0,8148600.0,8705300.0,1826300.0,5270900.0,3949100.0,4910800.0,847070.0,1117100.0,5283500.0,1523800.0,6462500.0,3415400.0,6961300.0,1931200.0,1605900.0,1559300.0,1065700.0,1101400.0,2250300.0,1018100.0,5082200.0,3404400.0,3048000.0,2817500.0,2386500.0,1906100.0,15335000.0,13457000.0,3518500.0,3147900.0,1932600.0,4368700.0,3283600.0,640970.0,2021700.0,760960.0,3461100.0,1947300.0,1.5236,1.8351,4.1697,1.2825,2.2256,4.2256,1.2282,1.9819,4.2376,2.5043,2.6658,4.3069,0.85102,2.0578,4.2237,1.5257,2.4857,3.8964,3.0054,2.8403,5.8208,1.2338,1.9853,4.2367,1.7337,1.7202,4.2466,1.2824,2.2278,4.2296,0.85028,2.0591,4.211,2.8983,2.8386,4.5128,5.716,2.7774,1.4741,1.2372,2.8333,3.6228,0.94832,2.1473,3.0239,2.4844,2.0534,4.4433,1.4754,1.6823,3.9032,0.66356,2.5755,3.8835,2.0019,1.7639,3.4712,1.0766,2.4403,3.0692,0.27232,2.287,3.5642,1.7756,1.6677,3.3869,2.1214,2.8157,4.4293,1.7846,1.6657,3.3891,1.4866,1.673,3.9107,0.39159,2.1344,3.2037,2.0418,2.3618,4.39,1.4877,1.6686,3.2038,0.82766,1.8796,2.7743,3.0083,2.8406,5.8188,2.0009,1.7598,3.4715,1.0017,2.7138,2.879,1.8069,2.5874,3.9945,0.63065,1.8698,2.7919,1.0689,2.4441,3.0584,1.8962,1.9174,4.4909,1.6836,1.6911,3.8956,0.51447,2.2006,3.7578,1.211,2.4275,3.7952,1.0167,2.0675,3.269,2.5529,2.2997,4.2893,2.0708,2.1544,4.6765,1.4765,1.6747,3.9115,1.8942,1.9239,4.4914,1.4918,2.1701,3.2661,0.82408,2.0897,3.1833,2.4182,2.3754,4.3173,1.9545,2.5961,4.8936,1.9521,2.5982,4.8837,2.5523,2.2981,4.2862,1.297,2.4905,3.9447,1.6922,2.2368,4.2986,2.1171,3.0586,4.0561,0.50979,2.4638,2.4843,1.5402,2.0491,4.6053,2.0695,3.0643,4.0137,0.38969,2.3737,3.4334,1.6591,1.6309,4.0834,0.71491,2.0325,3.0969,2.2419,2.2489,4.6489,0.6258,2.6021,3.0039,1.0047,2.081,3.269,0.12577,2.8916,1.961,1.995,1.9973,4.5869,2.5522,2.3039,4.2843,2.6555,2.336,5.1957,2.1313,2.8139,4.4289,1.093,1.8521,3.95,4.6302,2.991,0.52285,0.88949,2.1258,3.0521,1.3149,2.1,4.2649,1.0649,2.0967,3.4975,2.3005,2.7513,4.5703,1.6952,1.6006,4.1577,1.1431,2.5543,3.0652,0.74615,2.4275,3.7678,2.0635,1.9228,3.7349,1.592,2.4423,3.4708,1.6516,2.5309,3.6045,1.6517,1.6779,4.2539,2.1022,2.8046,4.5812,2.1194,2.8031,4.5961,3.3411,2.7859,6.1043,1.7012,1.6034,4.163,1.7094,1.9994,3.4479,2.1523,2.9412,4.9502,1.146,2.5561,3.0704,2.6375,2.4437,4.9898,1.0187,2.6083,4.0721,1.5954,2.4403,3.474,1.1788,1.808,4.1018,1.6624,1.6295,4.0844,1.7063,1.9971,3.4486,0.23873,2.9449,3.2905,2.8796,2.2898,4.564,1.3282,1.9524,4.2139,1.2471,2.6802,3.3225,1.4579,2.4569,3.3469,1.8321,1.9809,3.7206,1.9493,2.3434,3.9942,1.098,2.2882,3.1921,2.5358,2.044,5.1571,1.2313,2.6865,3.3085,1.4588,2.4611,3.344,0.26969,2.955,3.317,0.68029,1.8094,2.9075,1.7029,2.028,4.4265,1.4781,1.864,4.1243,5.5225,2.9003,1.8405,0.81899,2.1261,2.7898,1.0108,2.6103,4.0685,2.1744,2.5265,3.6262,2.6417,2.4351,4.9871,2.8136,2.6976,4.5217,2.1471,2.5168,4.5306,2.3494,2.1057,4.1904,0.76586,1.9985,3.3498,0.34145,2.4715,2.8939,0.59856,2.144,3.7292,2.3991,2.5079,4.4405,0.75954,2.4544,2.8641,1.2605,1.5797,4.2932,1.6963,2.0026,3.4532,0.025801,2.6877,2.0568,3.233,2.9419,6.2287,0.76085,2.4493,2.865,1.6583,1.6358,4.0902,1.4986,1.8522,3.1857,0.75029,2.4555,2.8525,2.1731,2.3457,4.955,1.1456,2.5607,3.0755,1.0235,1.979,3.5114,0.52676,1.9832,3.2579,1.7021,2.0015,3.449,2.396,2.0796,4.1902,2.1436,2.154,4.977,1.2963,1.7524,3.8018,0.69458,1.9773,2.7574,2.1424,2.1526,4.9794,2.3108,2.1889,4.4627,1.5646,2.297,3.9638,4.1966,3.0058,0.12818,1.9515,2.3449,3.9962,0.82775,1.966,4.1183,1.1739,2.5769,4.2156,3.509,2.8513,6.0771,1.5432,1.6129,3.284,0.31861,2.3034,3.4122,5.1287,2.9896,1.0551,0.54884,2.7866,3.2504,1.2579,2.5084,2.9797,2.1527,2.1489,4.9765,1.4833,2.0932,4.353,1.5351,1.6214,3.2933,1.3865,2.9262,3.3558,0.47072,2.4428,2.7299,0.91853,2.4522,2.998,0.22208,2.6207,3.3421,1.6205,2.2643,4.1327,0.45708,2.4426,2.7195,1.0498,2.1778,3.6583,1.3888,1.8057,4.2941,0.31796,2.3042,3.4111,1.5359,1.6142,3.2855,0.46895,2.4421,2.7275,2.9806,2.8692,5.9044,1.9976,2.5966,4.0318,1.9782,2.1822,4.5899,2.6147,2.769,5.2668,1.8785,1.9654,3.8992,1.3028,1.8177,3.6927,2.1587,2.1519,4.9822,1.414,2.6531,4.0113,1.0408,3.0792,2.8756,4.6707,2.9831,0.39442,1.2539,2.6906,4.3252,1.8996,1.9559,3.8857,1.2406,2.6363,2.8605,0.35213,2.7769,2.9475,0.95125,2.8901,4.141,0.56383,2.5181,2.579,0.70371,1.9372,2.984,0.54999,2.4018,3.4285,1.5801,2.1769,4.2355,1.2494,2.6938,4.3344,0.63549,1.9533,3.1141,1.9814,1.8913,3.8131,1.2022,1.8475,3.6494,2.4598,2.7158,4.978,1.3835,1.526,4.1771,1.3853,2.1537,3.1798,0.64297,1.9553,3.1108,0.48757,2.4374,2.5788,1.6318,2.2643,4.1325,2.4488,2.7154,4.9797,0.63152,1.9566,3.1087,1.5699,1.7121,3.3272,0.57139,3.0351,2.4739,0.5735,2.5185,2.5851,2.9301,2.7437,5.9045,6.1705,2.8646,2.5386,4.634,2.9854,0.34981,2.3565,2.4017,3.756,0.91209,3.0827,3.7079,1.4245,2.2709,3.5594,0.78205,3.0833,3.5747,2.3741,2.2345,3.807,1.2044,1.8487,3.6499,2.4254,2.3354,4.563,2.5848,2.6291,4.039,1.2588,2.6889,4.3403,1.8814,1.9635,3.9006,1.1336,2.7968,3.6594,2.4438,2.4737,5.085,1.5876,2.6263,3.2997,2.167,2.1904,4.0999,0.79291,1.9106,3.3754,2.3656,2.4065,3.7584,2.3564,2.408,3.7527,2.1915,1.8924,4.908,2.6483,2.2899,4.7968,2.3721,2.2381,3.8095,1.3897,1.5874,3.8404,2.4627,2.7124,4.9845,1.8831,1.9633,3.9026,0.77855,2.1425,3.9769,1.6087,1.8341,4.2638,2.4548,2.7117,4.9849,1.4449,2.3903,3.262,5.9145,2.879,2.1969,1.855,1.7951,3.4818,1.9872,3.0205,4.3065,2.017,1.9509,4.7561,1.1053,2.581,4.275,1.8889,2.1491,4.8635,1.6143,1.8039,3.9662,1.6072,2.0071,3.3916,1.0253,2.7753,3.5781,0.91425,2.8364,3.8076,1.391,2.4011,3.8526,1.1321,2.7945,3.657,1.8276,1.8001,4.0935,0.90285,2.4584,2.7718,1.9091,2.0724,4.3828,0.064307,2.7954,2.8346,1.0859,1.9619,4.2661,0.94694,2.3283,3.0182,1.6292,2.3957,4.5843,0.9781,2.0881,2.8344,0.73878,2.002,2.7388,1.6118,1.8033,3.9677,0.91275,2.456,2.7815,1.379,1.5883,3.8378,2.7734,2.5937,4.6352,1.0881,2.1431,3.6282,1.1295,2.7986,3.656,1.9757,1.9943,4.4746,1.0774,1.9676,4.2594,1.8532,1.6503,3.4493,1.6614,2.486,3.9988,2.1189,2.5513,4.9235,2.1586,2.3827,3.7009,1.1802,3.0698,3.4121,1.4498,1.4634,4.2355,0.60967,3.0039,3.6106,1.6228,1.7519,4.2334,0.74313,2.0014,2.7405,0.68639,2.1939,3.9522,2.6899,2.6051,4.5375,2.0047,2.1246,3.4371,1.3759,2.9155,3.5334,1.0906,2.2041,3.6369,2.5315,2.0033,4.466,1.4905,1.732,4.4232,1.5985,2.5912,3.579,2.0586,2.2947,4.0736,2.6964,2.3583,5.0005,0.45034,2.5246,2.9685
0.025956,410.28,0.0026393,358.34,477.14,357.0,415.47,402.7,432.7,476.53,425.99,405.4,415.68,526.21,339.95,428.21,464.09,432.78,409.93,414.29,323.96,329.99,417.32,399.46,345.83,451.54,350.72,375.06,420.1,483.01,277.1,450.35,387.17,405.23,326.01,478.61,442.44,488.8,444.27,376.52,404.79,480.24,476.93,336.05,494.97,337.66,422.59,397.65,452.27,450.19,468.79,412.59,446.07,400.28,470.19,463.2,444.21,381.05,460.08,411.37,369.65,514.45,441.69,427.78,469.57,350.13,398.91,374.79,423.11,374.06,517.89,417.38,404.26,406.68,418.6,415.43,358.8,374.22,435.9,397.86,447.07,442.38,417.88,444.63,465.66,368.64,445.01,296.03,456.08,378.75,418.54,383.18,437.6,445.22,389.11,377.03,385.26,359.78,413.12,502.01,347.38,384.24,453.62,470.31,489.61,445.74,410.0,432.2,529.29,413.17,352.0,413.81,458.79,361.68,422.23,454.69,296.81,469.29,405.62,453.96,445.84,444.07,314.03,433.89,474.59,326.68,378.31,388.92,449.55,317.09,440.23,446.12,434.33,414.73,475.39,404.83,376.29,476.49,427.34,412.93,463.84,441.53,422.26,363.13,441.67,453.46,368.91,382.95,532.19,346.83,395.29,491.69,358.21,378.08,515.74,395.54,265.59,489.32,448.89,461.47,400.08,490.03,391.55,375.19,313.28,361.71,361.65,415.37,326.11,435.78,458.45,360.93,400.72,425.15,441.61,383.31,425.06,390.1,380.95,386.52,385.24,532.77,398.31,469.97,492.42,400.02,449.89,396.53,500.83,403.67,389.42,464.58,514.52,410.37,443.78,429.19,359.55,455.35,408.31,418.43,407.9,418.68,383.66,432.35,407.21,420.2,407.99,374.99,419.47,368.82,471.11,454.09,394.8,384.25,335.54,408.55,483.51,359.51,384.1,517.71,395.57,415.34,431.67,419.48,410.52,467.24,478.85,345.64,443.38,365.21,444.45,404.18,472.48,349.93,460.0,451.97,328.61,449.29,412.64,277.85,448.24,366.68,414.1,420.03,342.98,402.57,429.92,359.48,435.39,473.32,421.92,344.72,460.93,391.77,411.5,407.61,343.78,460.56,541.8,377.5,367.92,386.39,497.37,429.42,379.6,472.69,294.7,312.79,375.43,470.16,394.63,377.03,411.7,508.01,358.6,383.29,359.1,448.1,374.6,420.94,434.44,0.0026766,0.003071,0.0025984,0.0025927,0.0026799,0.0027357,0.002838,0.0028212,0.0026362,0.0027466,0.0031059,0.0023748,0.0026937,0.0028648,0.0030001,0.0026549,0.0026502,0.0023564,0.0022221,0.0029452,0.0026697,0.0024698,0.0029984,0.0024226,0.0025507,0.0025888,0.0030409,0.0022201,0.003071,0.0024207,0.0025678,0.0022426,0.0028721,0.0027548,0.0030637,0.0027257,0.0026423,0.0027497,0.0027993,0.0027021,0.0021883,0.0030949,0.002356,0.0025988,0.0025853,0.0027051,0.0026259,0.0027704,0.0026577,0.0024332,0.0026488,0.0030129,0.0025811,0.0027555,0.0026253,0.0026894,0.0027043,0.002644,0.0030435,0.003056,0.0027171,0.0029847,0.0026283,0.0028462,0.0025381,0.0028436,0.0026719,0.0030992,0.00266,0.0029092,0.0026703,0.0025221,0.002736,0.0025178,0.0026406,0.0026219,0.0025336,0.0029095,0.0029875,0.0026527,0.0029517,0.0028673,0.0023176,0.002488,0.0022804,0.0027599,0.002619,0.0026689,0.0024254,0.0027417,0.002693,0.0025902,0.0024991,0.0024315,0.0023705,0.002429,0.0031029,0.0023536,0.0024472,0.0027413,0.0028707,0.0030778,0.0027258,0.0027912,0.0027376,0.0029556,0.0026644,0.002489,0.0023948,0.0030991,0.0025363,0.002831,0.0028614,0.0023224,0.0028814,0.0025809,0.0027972,0.0027309,0.0028487,0.0024273,0.0029345,0.0027386,0.0024156,0.0024616,0.0026213,0.0028918,0.0022757,0.0028069,0.0028913,0.0028614,0.0027549,0.0027815,0.0024727,0.0024167,0.0029487,0.0029633,0.0025854,0.002847,0.0029757,0.0026232,0.0024716,0.0024013,0.0027581,0.0025307,0.0027219,0.0027998,0.0023588,0.0026502,0.002855,0.0022274,0.0025991,0.0033125,0.0025402,0.0021113,0.0027916,0.0026672,0.002943,0.0027552,0.0029215,0.0024535,0.0024081,0.0021857,0.0024646,0.0024227,0.0025205,0.0022599,0.002748,0.002872,0.0024032,0.0024822,0.0022909,0.0028014,0.002664,0.0025675,0.0025026,0.002627,0.0025717,0.0025216,0.0028964,0.0024635,0.002825,0.0027443,0.0026148,0.0028498,0.0027573,0.0028399,0.0025455,0.0025535,0.0027562,0.0027659,0.0027176,0.002719,0.0027478,0.0030351,0.0027014,0.0026866,0.0026508,0.0026986,0.0027097,0.0025676,0.0026649,0.0026071,0.0027413,0.0025415,0.0031105,0.0026764,0.0026662,0.0027671,0.0026926,0.0026194,0.0026095,0.0023217,0.0025539,0.0030166,0.0026706,0.0026193,0.0029035,0.0025599,0.0027934,0.0027351,0.0026812,0.0026315,0.0027137,0.0029237,0.0023654,0.0028127,0.0024046,0.0026326,0.0027931,0.0026267,0.0024041,0.0026263,0.0029038,0.0023201,0.0027939,0.0024592,0.0024151,0.0028205,0.002361,0.002665,0.002685,0.002388,0.0025651,0.0026355,0.0023571,0.0026894,0.0029721,0.0029002,0.0024284,0.0029483,0.0024747,0.0027547,0.0025566,0.0022101,0.002543,0.0031163,0.0024486,0.0026534,0.0024366,0.003101,0.0027074,0.0025411,0.0026407,0.0022734,0.0023056,0.0024465,0.002967,0.002495,0.0025638,0.0028786,0.0028324,0.0024279,0.0023092,0.0023323,0.0026619,0.002558,0.0026381,0.0025593,652860.0,527600.0,4051000.0,2361500.0,1063500.0,5504200.0,2008000.0,2411200.0,2983400.0,2907700.0,715790.0,4946000.0,1272400.0,3886200.0,2497000.0,4962200.0,4006100.0,1313700.0,3439700.0,2457300.0,3280300.0,11623000.0,939160.0,6172800.0,733680.0,8929900.0,1559800.0,1804700.0,799240.0,3153800.0,1663100.0,5695800.0,23134000.0,2470300.0,2681400.0,4250800.0,1211200.0,1483800.0,1623100.0,2037800.0,1036500.0,2054600.0,998900.0,7322600.0,2384900.0,1789300.0,1464100.0,2229500.0,15638000.0,933030.0,7138100.0,3914300.0,695400.0,3830400.0,1057500.0,2604500.0,17325000.0,31464000.0,2325700.0,1698300.0,1501900.0,2783800.0,1015700.0,1887600.0,3336500.0,787200.0,2814400.0,1901400.0,3839200.0,2700300.0,1417200.0,1096800.0,14691000.0,5032200.0,1313700.0,3541200.0,1639800.0,944740.0,2521800.0,3636500.0,1267500.0,875270.0,2074100.0,856130.0,1823800.0,2791600.0,4851100.0,4107200.0,2293000.0,5593500.0,1274600.0,9165300.0,4558400.0,997350.0,1628100.0,875890.0,1738300.0,3439800.0,9756100.0,1694900.0,16185000.0,1389000.0,9707100.0,1601000.0,3111800.0,1248900.0,1595600.0,12279000.0,5012700.0,2131600.0,3788800.0,2346100.0,1178000.0,645020.0,3343500.0,11411000.0,2365500.0,1449300.0,738260.0,1883600.0,722040.0,1169800.0,2174300.0,8636100.0,4069700.0,2575300.0,3026200.0,2316200.0,1468700.0,757990.0,10124000.0,2341800.0,3477500.0,2031800.0,1344300.0,1016600.0,1973900.0,1030900.0,2818800.0,3841500.0,1137500.0,1448700.0,2060900.0,1490700.0,2159300.0,2379200.0,867820.0,6776700.0,1483200.0,9209400.0,6039000.0,796610.0,10241000.0,798180.0,1257100.0,18495000.0,669880.0,11896000.0,704520.0,5463300.0,3620500.0,3728500.0,2594300.0,5128500.0,4299400.0,4138300.0,945220.0,4052400.0,1605800.0,6226400.0,1476500.0,7458600.0,1058700.0,729360.0,3925100.0,2935000.0,1917500.0,8220700.0,2222600.0,929290.0,1207100.0,3637800.0,3493100.0,1909700.0,1445200.0,720570.0,6685600.0,5169700.0,2290100.0,619540.0,17391000.0,3256600.0,5152600.0,1119800.0,17904000.0,5318100.0,1077700.0,8409500.0,1326800.0,1407500.0,3909300.0,5195800.0,785010.0,1609000.0,953500.0,1742800.0,1536400.0,1428600.0,7692300.0,2295200.0,1389900.0,12034000.0,2729100.0,1213300.0,1238200.0,3194500.0,932670.0,4580100.0,1110300.0,1813100.0,7912700.0,4355400.0,685140.0,1393400.0,9817300.0,5161200.0,4960900.0,15079000.0,2942700.0,1891900.0,2294600.0,2933500.0,3129200.0,1844900.0,1714400.0,2219900.0,1469200.0,7074000.0,638180.0,3583000.0,8148600.0,8705300.0,1826300.0,5270900.0,3949100.0,4910800.0,847070.0,1117100.0,5283500.0,1523800.0,6462500.0,3415400.0,6961300.0,1931200.0,1605900.0,1559300.0,1065700.0,1101400.0,2250300.0,1018100.0,5082200.0,3404400.0,3048000.0,2817500.0,2386500.0,1906100.0,15335000.0,13457000.0,3518500.0,3147900.0,1932600.0,4368700.0,3283600.0,640970.0,2021700.0,760960.0,3461100.0,1947300.0,1.5235,1.8347,4.1686,1.2834,2.2257,4.2262,1.2272,1.9808,4.2386,2.5052,2.6664,4.3076,0.84947,2.0569,4.2254,1.527,2.4865,3.897,3.0059,2.8406,5.8226,1.2346,1.9847,4.2373,1.7307,1.7206,4.2463,1.2836,2.2281,4.231,0.84822,2.0586,4.2099,2.9003,2.8393,4.5143,5.7164,2.7775,1.4747,1.2375,2.8304,3.6233,0.94618,2.1478,3.0239,2.4848,2.0542,4.4433,1.476,1.6833,3.9028,0.66448,2.5771,3.8829,2.0012,1.7643,3.4708,1.078,2.4386,3.0729,0.27194,2.2876,3.5638,1.7735,1.6667,3.387,2.1161,2.8133,4.4243,1.7841,1.6651,3.389,1.4888,1.6723,3.9119,0.3905,2.135,3.2032,2.0436,2.3637,4.3914,1.4904,1.6694,3.2049,0.82666,1.8814,2.7741,3.0091,2.8404,5.8204,1.9996,1.7599,3.4709,1.0007,2.7134,2.8791,1.8044,2.5869,3.9931,0.63076,1.8705,2.7904,1.0686,2.4435,3.06,1.896,1.9182,4.4904,1.6844,1.6899,3.8956,0.51575,2.2005,3.7608,1.2151,2.4298,3.7972,1.0188,2.0696,3.2681,2.5547,2.3005,4.2897,2.0717,2.1562,4.6772,1.4762,1.6744,3.9119,1.8937,1.9255,4.4911,1.492,2.1703,3.2656,0.8242,2.0926,3.1818,2.4182,2.3765,4.3184,1.9557,2.5945,4.8934,1.9544,2.5987,4.8835,2.5537,2.2985,4.2863,1.299,2.4915,3.9439,1.6935,2.2381,4.2999,2.1287,3.0573,4.0666,0.51192,2.4624,2.487,1.5393,2.0481,4.6052,2.0677,3.0637,4.0111,0.38865,2.3739,3.4318,1.6586,1.6306,4.0835,0.71614,2.0353,3.0962,2.2415,2.251,4.6499,0.6264,2.5982,3.0061,1.0042,2.0855,3.268,0.12397,2.8919,1.9572,1.995,2.0005,4.587,2.5538,2.3055,4.2832,2.6506,2.3353,5.1942,2.1266,2.8112,4.4231,1.0959,1.8523,3.9513,4.6326,2.9887,0.52611,0.88973,2.1277,3.0512,1.3167,2.1,4.2652,1.0669,2.0991,3.4983,2.296,2.7501,4.5657,1.6939,1.6006,4.1575,1.1436,2.5533,3.0656,0.74552,2.4281,3.7673,2.0658,1.9211,3.7336,1.5903,2.4436,3.4712,1.6493,2.5331,3.604,1.65,1.6772,4.2549,2.0994,2.8028,4.5787,2.1196,2.8009,4.5968,3.339,2.7866,6.1027,1.7016,1.6039,4.1639,1.7111,1.9981,3.4467,2.1573,2.9418,4.9559,1.1466,2.5556,3.0712,2.6369,2.443,4.9897,1.0179,2.6096,4.0737,1.5939,2.4413,3.4752,1.1772,1.8108,4.1016,1.6626,1.6289,4.0843,1.7074,1.9954,3.4478,0.22738,2.9443,3.2806,2.8815,2.2891,4.5649,1.3306,1.9528,4.2159,1.2477,2.6779,3.3239,1.4566,2.4565,3.3479,1.8305,1.9796,3.7194,1.9488,2.3453,3.9949,1.098,2.2895,3.1926,2.535,2.0425,5.1589,1.2293,2.6856,3.3081,1.4577,2.4614,3.3447,0.26494,2.9567,3.3124,0.68076,1.8104,2.9056,1.7032,2.0279,4.4282,1.4802,1.8637,4.1257,5.5177,2.8998,1.8371,0.81881,2.127,2.7919,1.0083,2.6118,4.0689,2.1795,2.527,3.6275,2.6415,2.433,4.986,2.8162,2.6957,4.5222,2.1434,2.5137,4.5296,2.3495,2.1066,4.19,0.76587,2.0009,3.3497,0.34537,2.4708,2.8972,0.59735,2.1449,3.7325,2.402,2.507,4.4431,0.76258,2.4521,2.8673,1.2615,1.5795,4.2946,1.6951,2.0021,3.4537,0.030406,2.6874,2.0587,3.2396,2.9426,6.2363,0.76504,2.4458,2.869,1.6578,1.6363,4.0907,1.4996,1.85,3.1863,0.75207,2.4535,2.8537,2.1741,2.3452,4.9547,1.1465,2.5603,3.0775,1.0281,1.9827,3.5131,0.52525,1.9843,3.2583,1.7028,2.0003,3.4486,2.398,2.0797,4.189,2.1443,2.154,4.9769,1.2976,1.7519,3.8025,0.69695,1.9776,2.7577,2.143,2.1526,4.9797,2.3092,2.19,4.4637,1.5642,2.2994,3.9641,4.1969,3.0046,0.12791,1.9506,2.347,3.9965,0.82526,1.9664,4.1185,1.1744,2.5782,4.2162,3.5081,2.8507,6.0776,1.5456,1.612,3.2835,0.31718,2.3048,3.4123,5.1264,2.9892,1.0497,0.54759,2.787,3.2505,1.2568,2.5089,2.9807,2.155,2.148,4.9755,1.4855,2.0929,4.354,1.537,1.6215,3.295,1.3881,2.9254,3.3539,0.47561,2.4411,2.733,0.91709,2.4518,2.9978,0.22203,2.6214,3.3422,1.6225,2.2667,4.1348,0.4603,2.4416,2.7215,1.0501,2.1802,3.6576,1.3876,1.8051,4.2945,0.31652,2.3054,3.4113,1.5372,1.6136,3.2853,0.47424,2.4402,2.7305,2.9821,2.869,5.9073,1.9951,2.5958,4.0308,1.9803,2.1835,4.5908,2.6097,2.7675,5.2646,1.8763,1.9652,3.898,1.3047,1.8175,3.6939,2.1621,2.1514,4.9826,1.4162,2.6517,4.0116,1.0249,3.0778,2.8577,4.6662,2.982,0.3898,1.2535,2.6923,4.3237,1.899,1.9554,3.886,1.2399,2.6364,2.8601,0.3517,2.7777,2.9481,0.95415,2.8905,4.1432,0.5627,2.5174,2.5795,0.7046,1.9389,2.9816,0.5508,2.4035,3.428,1.5828,2.1774,4.2376,1.2487,2.6958,4.3349,0.63511,1.9547,3.1126,1.9821,1.8899,3.8119,1.204,1.8477,3.6505,2.4574,2.714,4.9749,1.3845,1.5272,4.178,1.3841,2.1533,3.1806,0.64406,1.9573,3.1087,0.49323,2.4345,2.5815,1.6355,2.267,4.1338,2.445,2.7135,4.9776,0.63037,1.9586,3.1065,1.5712,1.7119,3.3273,0.58189,3.0342,2.4816,0.57398,2.5181,2.586,2.9356,2.7437,5.9091,6.1698,2.865,2.5388,4.6237,2.9843,0.33802,2.3583,2.3999,3.7557,0.92608,3.0827,3.7252,1.4209,2.2752,3.558,0.76983,3.0841,3.5651,2.3752,2.2336,3.8058,1.2066,1.8488,3.6514,2.4251,2.335,4.5641,2.585,2.6299,4.0414,1.2588,2.6897,4.3414,1.8795,1.9631,3.8993,1.1364,2.7963,3.6622,2.4417,2.4709,5.0824,1.5835,2.6269,3.3003,2.1666,2.1913,4.0997,0.79398,1.9126,3.376,2.3692,2.4056,3.7591,2.3577,2.407,3.7516,2.1935,1.8941,4.9099,2.6485,2.2896,4.7976,2.373,2.2379,3.809,1.3917,1.5877,3.8418,2.4613,2.7103,4.9826,1.8817,1.9628,3.9018,0.77818,2.1425,3.9809,1.6103,1.8338,4.2648,2.4518,2.709,4.9833,1.4448,2.3903,3.2625,5.9118,2.8787,2.1951,1.8538,1.7939,3.4835,1.9889,3.0191,4.3071,2.0182,1.9513,4.7573,1.1071,2.5814,4.2762,1.8907,2.1489,4.8643,1.6144,1.8036,3.966,1.608,2.0065,3.391,1.0296,2.7745,3.5829,0.9161,2.8369,3.8083,1.3943,2.4041,3.8548,1.1348,2.7934,3.6593,1.8253,1.8,4.0933,0.90075,2.4577,2.7719,1.909,2.0734,4.3824,0.063444,2.795,2.8349,1.0856,1.9623,4.2672,0.94739,2.326,3.0209,1.6284,2.3957,4.5836,0.97778,2.0879,2.8346,0.73735,2.0025,2.7375,1.6115,1.8029,3.9675,0.91274,2.4549,2.7836,1.3784,1.5886,3.8382,2.7733,2.5944,4.6344,1.089,2.1444,3.6284,1.1323,2.7979,3.6581,1.9756,1.9959,4.4742,1.0757,1.9689,4.2593,1.8533,1.6504,3.4491,1.6612,2.4873,3.9987,2.1205,2.5504,4.9235,2.159,2.3832,3.6986,1.1786,3.0687,3.4104,1.4505,1.463,4.236,0.6082,3.0047,3.6105,1.6221,1.7515,4.2331,0.74264,2.0022,2.7398,0.68563,2.1937,3.9541,2.6898,2.6057,4.5373,2.0078,2.1238,3.4368,1.3748,2.9134,3.5328,1.0926,2.2071,3.637,2.5316,2.0044,4.4655,1.4902,1.7313,4.4234,1.5957,2.5907,3.5783,2.0576,2.2965,4.0741,2.6926,2.3545,4.9978,0.45173,2.5229,2.9712
0.032345,423.98,0.002727,370.19,495.85,367.91,429.54,415.39,447.16,493.19,440.39,419.18,430.27,545.42,350.55,442.45,480.4,449.45,422.73,427.83,334.06,339.64,432.99,413.37,356.54,467.18,361.32,388.22,433.65,500.18,284.27,466.36,398.94,418.73,334.26,495.99,455.7,507.03,459.4,389.07,419.23,497.55,491.49,345.91,514.82,346.92,436.84,410.59,466.66,465.05,485.18,426.12,459.33,413.51,488.33,478.67,460.67,393.94,475.15,425.9,381.95,533.28,458.41,443.08,488.28,359.5,411.47,386.8,438.6,386.05,535.38,432.0,418.79,419.43,431.98,429.33,369.65,386.57,450.28,409.9,462.92,458.33,432.76,459.81,482.13,380.29,459.84,304.68,472.71,391.06,432.85,396.11,451.85,461.64,401.29,388.22,398.67,371.55,425.04,520.85,357.17,396.43,470.41,486.49,508.62,461.48,426.06,448.1,548.21,428.41,363.13,426.79,475.78,373.03,437.92,471.22,304.86,485.69,419.31,470.63,461.31,457.91,323.92,448.65,491.52,336.97,389.88,401.14,466.62,326.91,455.93,461.74,449.42,428.25,491.78,418.0,387.89,494.46,441.46,426.82,478.36,458.6,435.88,374.39,454.92,469.91,380.48,394.35,550.05,355.26,408.81,508.02,368.6,390.01,538.18,408.49,274.42,503.55,465.05,478.74,414.66,507.02,402.93,385.94,321.32,373.43,372.69,429.93,336.0,451.68,475.11,370.89,412.4,439.45,457.35,394.22,439.7,403.1,393.9,397.27,397.0,551.71,412.58,486.01,510.85,413.64,466.56,409.96,520.08,417.98,400.61,482.06,536.21,425.23,459.6,444.39,373.51,470.64,421.78,433.65,421.37,432.72,396.6,445.96,420.68,434.7,421.04,391.93,434.95,380.34,486.29,470.8,408.85,396.07,345.21,421.64,502.45,372.82,396.45,534.86,407.85,429.37,446.13,433.3,423.63,483.93,495.39,355.91,459.93,376.56,459.78,416.98,487.32,360.16,475.59,468.92,338.29,464.94,426.3,286.82,463.54,376.17,426.98,434.11,353.11,416.49,444.15,369.22,451.04,490.58,436.76,354.38,477.01,404.15,425.52,421.47,352.74,476.8,563.01,388.73,379.7,398.23,515.29,443.57,392.68,488.32,301.67,321.6,386.44,485.83,407.37,389.37,427.67,525.88,370.17,395.26,368.78,462.75,385.23,435.87,447.13,0.0027782,0.0031845,0.0026809,0.0026766,0.0027703,0.0028242,0.0029388,0.0029222,0.0027273,0.0028462,0.0032242,0.0024525,0.0027879,0.0029617,0.0031131,0.0027377,0.0027411,0.0024312,0.0022855,0.0030509,0.0027649,0.0025501,0.0031032,0.0024976,0.0026398,0.0026747,0.0031479,0.0022852,0.0031784,0.0024908,0.0026515,0.0023,0.0029736,0.0028366,0.0031743,0.0028187,0.0027274,0.002847,0.0028973,0.002784,0.0022438,0.0032142,0.0024235,0.0026843,0.002671,0.0027897,0.0027082,0.0028654,0.002743,0.002498,0.0027331,0.0031266,0.0026658,0.0028556,0.0027147,0.0027801,0.0028046,0.0027325,0.0031599,0.0031746,0.0028101,0.003104,0.0027178,0.0029462,0.0026227,0.0029385,0.0027533,0.0032184,0.0027463,0.0030095,0.0027516,0.0025998,0.0028274,0.0026006,0.002724,0.0027047,0.0026109,0.003012,0.0030936,0.0027468,0.003054,0.0029644,0.0023815,0.0025647,0.0023475,0.0028575,0.002699,0.002753,0.0025026,0.0028291,0.0027879,0.0026756,0.0025745,0.0025129,0.0024466,0.0025015,0.0032194,0.002418,0.0025226,0.0028388,0.0029665,0.0031909,0.0028173,0.0028953,0.0028424,0.0030575,0.0027567,0.0025707,0.0024659,0.0032105,0.0026232,0.0029362,0.0029599,0.0023951,0.0029807,0.0026668,0.0028963,0.0028243,0.0029458,0.0025062,0.0030347,0.0028423,0.0024972,0.002539,0.0027105,0.0030059,0.0023465,0.0029106,0.0029942,0.0029611,0.0028448,0.0028775,0.0025515,0.0024916,0.0030601,0.0030634,0.0026735,0.0029361,0.0030813,0.0027034,0.0025458,0.0024707,0.0028566,0.0026116,0.0028098,0.0028913,0.002426,0.0027453,0.0029527,0.0022909,0.0026817,0.0034484,0.0026256,0.0021731,0.0028794,0.0027593,0.0030507,0.0028598,0.003023,0.0025223,0.0024791,0.0022419,0.0025425,0.0025001,0.0026018,0.0023299,0.0028466,0.0029696,0.0024699,0.0025579,0.0023581,0.0028947,0.0027439,0.0026574,0.0025828,0.0027166,0.0026471,0.0025996,0.0029957,0.0025433,0.0029214,0.0028372,0.0027051,0.0029577,0.0028538,0.0029477,0.0026294,0.0026281,0.0028539,0.002871,0.0028146,0.0028155,0.0028429,0.0031544,0.0027901,0.0027793,0.0027435,0.0027955,0.0028049,0.0026541,0.0027515,0.0026943,0.0028328,0.0026223,0.0032533,0.0027694,0.0027585,0.0028561,0.0027873,0.0027133,0.0026899,0.002391,0.0026346,0.0031283,0.0027637,0.0027057,0.0029958,0.0026361,0.0028898,0.0028301,0.0027681,0.002715,0.0028121,0.0030256,0.0024397,0.002916,0.0024796,0.002721,0.0028843,0.002706,0.0024759,0.0027098,0.0030134,0.0023858,0.0028895,0.0025338,0.0024962,0.002918,0.0024284,0.0027491,0.0027729,0.0024637,0.0026449,0.0027197,0.0024186,0.0027834,0.0030764,0.0030061,0.0024959,0.0030492,0.0025513,0.0028461,0.002643,0.002268,0.0026198,0.0032409,0.002523,0.0027427,0.0025093,0.0032121,0.0027934,0.002628,0.0027258,0.0023384,0.0023727,0.0025233,0.0030678,0.0025736,0.002656,0.0029868,0.0029258,0.0025069,0.0023754,0.0024012,0.0027477,0.0026356,0.0027301,0.0026334,652860.0,527600.0,4051000.0,2361500.0,1063500.0,5504200.0,2008000.0,2411200.0,2983400.0,2907700.0,715790.0,4946000.0,1272400.0,3886200.0,2497000.0,4962200.0,4006100.0,1313700.0,3439700.0,2457300.0,3280300.0,11623000.0,939160.0,6172800.0,733680.0,8929900.0,1559800.0,1804700.0,799240.0,3153800.0,1663100.0,5695800.0,23134000.0,2470300.0,2681400.0,4250800.0,1211200.0,1483800.0,1623100.0,2037800.0,1036500.0,2054600.0,998900.0,7322600.0,2384900.0,1789300.0,1464100.0,2229500.0,15638000.0,933030.0,7138100.0,3914300.0,695400.0,3830400.0,1057500.0,2604500.0,17325000.0,31464000.0,2325700.0,1698300.0,1501900.0,2783800.0,1015700.0,1887600.0,3336500.0,787200.0,2814400.0,1901400.0,3839200.0,2700300.0,1417200.0,1096800.0,14691000.0,5032200.0,1313700.0,3541200.0,1639800.0,944740.0,2521800.0,3636500.0,1267500.0,875270.0,2074100.0,856130.0,1823800.0,2791600.0,4851100.0,4107200.0,2293000.0,5593500.0,1274600.0,9165300.0,4558400.0,997350.0,1628100.0,875890.0,1738300.0,3439800.0,9756100.0,1694900.0,16185000.0,1389000.0,9707100.0,1601000.0,3111800.0,1248900.0,1595600.0,12279000.0,5012700.0,2131600.0,3788800.0,2346100.0,1178000.0,645020.0,3343500.0,11411000.0,2365500.0,1449300.0,738260.0,1883600.0,722040.0,1169800.0,2174300.0,8636100.0,4069700.0,2575300.0,3026200.0,2316200.0,1468700.0,757990.0,10124000.0,2341800.0,3477500.0,2031800.0,1344300.0,1016600.0,1973900.0,1030900.0,2818800.0,3841500.0,1137500.0,1448700.0,2060900.0,1490700.0,2159300.0,2379200.0,867820.0,6776700.0,1483200.0,9209400.0,6039000.0,796610.0,10241000.0,798180.0,1257100.0,18495000.0,669880.0,11896000.0,704520.0,5463300.0,3620500.0,3728500.0,2594300.0,5128500.0,4299400.0,4138300.0,945220.0,4052400.0,1605800.0,6226400.0,1476500.0,7458600.0,1058700.0,729360.0,3925100.0,2935000.0,1917500.0,8220700.0,2222600.0,929290.0,1207100.0,3637800.0,3493100.0,1909700.0,1445200.0,720570.0,6685600.0,5169700.0,2290100.0,619540.0,17391000.0,3256600.0,5152600.0,1119800.0,17904000.0,5318100.0,1077700.0,8409500.0,1326800.0,1407500.0,3909300.0,5195800.0,785010.0,1609000.0,953500.0,1742800.0,1536400.0,1428600.0,7692300.0,2295200.0,1389900.0,12034000.0,2729100.0,1213300.0,1238200.0,3194500.0,932670.0,4580100.0,1110300.0,1813100.0,7912700.0,4355400.0,685140.0,1393400.0,9817300.0,5161200.0,4960900.0,15079000.0,2942700.0,1891900.0,2294600.0,2933500.0,3129200.0,1844900.0,1714400.0,2219900.0,1469200.0,7074000.0,638180.0,3583000.0,8148600.0,8705300.0,1826300.0,5270900.0,3949100.0,4910800.0,847070.0,1117100.0,5283500.0,1523800.0,6462500.0,3415400.0,6961300.0,1931200.0,1605900.0,1559300.0,1065700.0,1101400.0,2250300.0,1018100.0,5082200.0,3404400.0,3048000.0,2817500.0,2386500.0,1906100.0,15335000.0,13457000.0,3518500.0,3147900.0,1932600.0,4368700.0,3283600.0,640970.0,2021700.0,760960.0,3461100.0,1947300.0,1.5235,1.8341,4.1671,1.2846,2.2259,4.2273,1.2259,1.9791,4.24,2.5065,2.6672,4.3088,0.8471,2.0555,4.2281,1.5289,2.4877,3.898,3.0067,2.8411,5.8252,1.2356,1.9837,4.2382,1.7263,1.721,4.2458,1.2853,2.2287,4.233,0.84505,2.0579,4.2084,2.9034,2.8403,4.5165,5.717,2.7775,1.4757,1.2382,2.8262,3.624,0.94302,2.1485,3.0239,2.4853,2.0555,4.4434,1.4767,1.6846,3.9023,0.66576,2.5794,3.8821,2.0002,1.7649,3.4703,1.0801,2.436,3.0783,0.27137,2.2885,3.5632,1.7703,1.6653,3.3871,2.1085,2.8096,4.4172,1.7832,1.6641,3.3889,1.492,1.6714,3.9135,0.38881,2.1359,3.2026,2.0461,2.3666,4.3935,1.4942,1.6705,3.2066,0.82523,1.8841,2.7738,3.0104,2.8402,5.8227,1.9976,1.76,3.4702,0.99921,2.7126,2.8792,1.8008,2.5861,3.991,0.631,1.8715,2.7881,1.0681,2.4427,3.0624,1.8957,1.9193,4.4897,1.6856,1.6882,3.8957,0.51769,2.2002,3.7654,1.2212,2.4331,3.8002,1.0218,2.0728,3.2668,2.5571,2.3017,4.2903,2.073,2.1589,4.6781,1.4758,1.674,3.9124,1.893,1.9279,4.4906,1.4922,2.1706,3.2649,0.82438,2.097,3.1794,2.4181,2.3781,4.32,1.9575,2.592,4.893,1.9577,2.5994,4.8832,2.5558,2.2992,4.2863,1.302,2.4929,3.9429,1.6956,2.2402,4.3019,2.1457,3.0554,4.0821,0.51507,2.4604,2.4911,1.5379,2.0465,4.6049,2.0653,3.0628,4.0075,0.38707,2.3741,3.4295,1.6579,1.6303,4.0836,0.71802,2.0396,3.0952,2.2409,2.2541,4.6514,0.62729,2.5924,3.0093,1.0036,2.092,3.2666,0.12133,2.8923,1.9517,1.9949,2.0052,4.5872,2.5561,2.3078,4.2817,2.6433,2.3342,5.1919,2.1198,2.8073,4.4147,1.1003,1.8525,3.9532,4.6357,2.9853,0.53059,0.89009,2.1305,3.0499,1.3193,2.0999,4.2656,1.07,2.1027,3.4996,2.2892,2.7484,4.5588,1.692,1.6004,4.1571,1.1442,2.5518,3.0663,0.7445,2.429,3.7666,2.0692,1.9187,3.7316,1.5878,2.4455,3.4719,1.6459,2.5363,3.6032,1.6474,1.6761,4.2563,2.0954,2.8,4.5751,2.1198,2.7976,4.5979,3.3359,2.7877,6.1004,1.7021,1.6047,4.1653,1.7137,1.9961,3.445,2.1649,2.9426,4.9646,1.1475,2.5549,3.0724,2.6359,2.4421,4.9897,1.0168,2.6115,4.076,1.5917,2.4428,3.4769,1.1747,1.815,4.1013,1.6629,1.6281,4.0842,1.7088,1.9929,3.4466,0.21061,2.9434,3.2659,2.8841,2.288,4.5663,1.334,1.9533,4.2191,1.2485,2.6746,3.3262,1.4545,2.4559,3.3494,1.8281,1.9778,3.7176,1.9479,2.3482,3.9961,1.0979,2.2916,3.1934,2.5339,2.0403,5.1617,1.2264,2.6842,3.3076,1.4558,2.462,3.3458,0.25762,2.9593,3.3054,0.6814,1.8119,2.9027,1.7037,2.0277,4.4307,1.4831,1.8632,4.1279,5.5102,2.899,1.8319,0.81853,2.1285,2.7951,1.0047,2.6142,4.0696,2.1869,2.5275,3.6294,2.6411,2.4298,4.9845,2.82,2.693,4.523,2.138,2.5091,4.5284,2.3498,2.1079,4.1894,0.76588,2.0047,3.3494,0.35108,2.4697,2.902,0.59553,2.1464,3.7375,2.4062,2.5055,4.447,0.76697,2.4488,2.872,1.2629,1.5791,4.2968,1.6932,2.0013,3.4545,0.037109,2.6868,2.0614,3.2494,2.9435,6.2477,0.77113,2.4405,2.8749,1.6571,1.6371,4.0915,1.501,1.8469,3.1872,0.75453,2.4506,2.8553,2.1758,2.3444,4.9542,1.1478,2.5598,3.0804,1.035,1.9884,3.5156,0.52285,1.9862,3.2589,1.7039,1.9986,3.448,2.4008,2.08,4.1872,2.1454,2.154,4.9769,1.2996,1.7512,3.8034,0.70043,1.9781,2.7582,2.1439,2.1525,4.9801,2.3067,2.1916,4.4652,1.5635,2.3031,3.9646,4.1972,3.0029,0.12739,1.9493,2.3502,3.997,0.82153,1.967,4.1189,1.1752,2.5801,4.2171,3.5069,2.8496,6.0783,1.5491,1.6108,3.2828,0.31502,2.307,3.4126,5.1225,2.9886,1.0413,0.54581,2.7877,3.2509,1.2553,2.5096,2.9823,2.1583,2.1467,4.9742,1.4886,2.0926,4.3556,1.5399,1.6217,3.2975,1.3905,2.9243,3.3513,0.4828,2.4387,2.7377,0.91495,2.451,2.9975,0.22192,2.6224,3.3424,1.6257,2.2704,4.1381,0.46509,2.4401,2.7244,1.0505,2.1839,3.6565,1.3858,1.8042,4.2949,0.31443,2.3073,3.4117,1.5392,1.6127,3.285,0.48204,2.4373,2.735,2.9841,2.8687,5.9115,1.9912,2.5945,4.0294,1.9834,2.1855,4.5921,2.6022,2.7653,5.2612,1.873,1.9649,3.8962,1.3073,1.8172,3.6957,2.167,2.1507,4.9832,1.4193,2.6495,4.0119,1.002,3.0757,2.8318,4.6598,2.9804,0.3832,1.2527,2.6947,4.3215,1.8981,1.9547,3.8865,1.2388,2.6367,2.8595,0.3511,2.7789,2.9489,0.95832,2.891,4.1464,0.5611,2.5164,2.5802,0.70582,1.9414,2.9779,0.55202,2.4059,3.4272,1.5868,2.1781,4.2408,1.2478,2.6987,4.3357,0.63448,1.9569,3.1103,1.9831,1.8877,3.81,1.2066,1.8481,3.6521,2.4537,2.7112,4.9701,1.386,1.529,4.1794,1.3821,2.1528,3.1818,0.64564,1.9603,3.1055,0.50138,2.4301,2.5853,1.6408,2.2711,4.1357,2.4395,2.7107,4.9745,0.6286,1.9616,3.1031,1.573,1.7117,3.3273,0.59686,3.033,2.4925,0.57473,2.5173,2.5874,2.9437,2.7437,5.916,6.1686,2.8656,2.5389,4.6086,2.9826,0.32071,2.3609,2.3971,3.7553,0.94706,3.0828,3.7509,1.4157,2.2815,3.556,0.75139,3.0852,3.5506,2.3767,2.2322,3.8041,1.2098,1.849,3.6535,2.4245,2.3343,4.5657,2.5854,2.6312,4.045,1.2587,2.6909,4.343,1.8768,1.9625,3.8975,1.1407,2.7956,3.6664,2.4385,2.4666,5.0785,1.5774,2.6277,3.3013,2.1658,2.1927,4.0993,0.79542,1.9154,3.3768,2.3744,2.4042,3.7601,2.3596,2.4056,3.75,2.1965,1.8966,4.9129,2.6488,2.2892,4.7987,2.3745,2.2375,3.8082,1.3946,1.5881,3.8438,2.4592,2.707,4.9798,1.8796,1.962,3.9005,0.77758,2.1426,3.9869,1.6126,1.8335,4.2665,2.4474,2.7048,4.981,1.4447,2.3905,3.2631,5.9077,2.8781,2.1923,1.8519,1.7921,3.4861,1.9913,3.0171,4.3079,2.02,1.9518,4.759,1.1098,2.5819,4.2779,1.8935,2.1486,4.8655,1.6144,1.8031,3.9658,1.6092,2.0057,3.3901,1.0361,2.7732,3.59,0.91874,2.8378,3.8094,1.3991,2.4085,3.8581,1.1389,2.7916,3.6627,1.8218,1.7997,4.093,0.89763,2.4566,2.772,1.9088,2.0749,4.382,0.062123,2.7943,2.8353,1.0851,1.9628,4.2689,0.94808,2.3225,3.0249,1.6272,2.3957,4.5827,0.97722,2.0876,2.8348,0.73518,2.0033,2.7356,1.611,1.8023,3.9672,0.91271,2.4532,2.7867,1.3777,1.589,3.8389,2.7733,2.5956,4.6332,1.0902,2.1464,3.6286,1.1367,2.7968,3.6613,1.9754,1.9985,4.4735,1.0731,1.9708,4.2591,1.8533,1.6506,3.4488,1.6608,2.4893,3.9985,2.1228,2.5491,4.9235,2.1596,2.384,3.6952,1.1761,3.0669,3.4078,1.4515,1.4625,4.2367,0.60606,3.0059,3.6105,1.621,1.7508,4.2327,0.74192,2.0033,2.7388,0.68447,2.1936,3.957,2.6895,2.6064,4.5369,2.0124,2.1227,3.4364,1.3731,2.9102,3.5319,1.0957,2.2117,3.6373,2.5317,2.006,4.4646,1.4898,1.7301,4.4237,1.5915,2.59,3.5774,2.0561,2.2991,4.0749,2.687,2.3488,4.9939,0.45376,2.5204,2.975
0.041837,444.05,0.0028557,387.88,523.06,384.17,450.02,435.09,468.2,516.98,461.46,439.39,451.75,574.17,365.75,463.11,504.29,474.52,441.34,447.74,349.01,353.82,456.16,433.67,372.35,489.54,376.83,407.62,453.44,525.74,295.35,489.95,416.18,437.74,346.34,521.37,475.23,533.57,481.66,407.32,440.76,523.16,512.36,360.94,543.25,360.63,457.81,429.6,487.81,486.4,509.17,445.87,478.81,432.8,515.14,501.7,484.84,412.7,497.11,447.15,399.98,560.7,483.33,465.73,515.96,373.27,429.86,404.35,461.08,403.59,559.93,453.13,440.17,437.4,451.73,449.75,385.67,405.3,470.81,427.85,485.94,481.61,454.25,481.9,505.65,397.26,481.31,317.72,496.88,409.2,453.78,414.81,472.72,485.6,419.0,404.57,418.33,388.85,442.41,548.12,371.85,414.23,494.93,510.34,536.5,484.36,449.46,471.36,575.62,450.76,379.83,445.38,500.46,389.9,460.9,495.53,316.89,509.63,439.33,494.94,483.51,477.83,339.06,469.98,515.68,352.85,406.97,418.97,492.28,341.51,478.55,484.99,471.97,448.15,515.87,437.16,404.8,520.32,462.29,447.13,499.71,483.49,455.61,390.97,473.35,494.03,397.47,411.14,575.8,368.97,428.64,531.85,383.73,407.78,570.69,427.56,287.72,524.33,488.72,503.52,435.96,531.86,419.48,401.9,333.19,390.52,389.27,451.33,350.58,474.57,499.08,385.02,429.61,460.11,480.43,410.3,461.12,422.11,412.68,413.03,414.24,578.9,433.52,509.2,537.91,433.38,491.3,429.31,547.53,438.93,417.16,507.48,567.53,447.03,483.02,466.66,394.63,492.88,441.77,455.92,440.95,453.33,415.26,465.89,440.19,455.83,440.5,417.47,457.01,397.79,508.34,495.4,429.56,413.44,359.74,441.18,529.93,392.36,414.74,558.89,425.93,450.21,467.24,453.53,443.14,507.84,519.44,371.28,484.39,393.15,481.92,436.06,508.42,375.17,498.21,493.67,352.41,487.42,446.35,300.06,485.95,390.18,445.99,454.96,368.01,436.55,464.82,383.58,473.74,515.32,458.2,368.69,500.44,422.25,446.26,441.85,365.78,499.69,593.66,405.46,396.95,415.49,541.54,464.28,411.99,510.68,312.63,334.54,402.77,508.67,426.12,407.48,451.33,551.36,387.55,412.14,382.91,484.35,401.09,457.94,465.61,0.0029272,0.0033504,0.0028017,0.0027996,0.0029056,0.0029531,0.0030856,0.00307,0.0028623,0.0029924,0.0034003,0.0025651,0.0029255,0.0031038,0.0032806,0.0028581,0.0028756,0.0025415,0.0023771,0.0032063,0.0029043,0.0026685,0.0032546,0.0026078,0.0027718,0.0028014,0.003306,0.0023819,0.0033354,0.0025946,0.0027718,0.0023832,0.0031225,0.0029567,0.0033366,0.0029558,0.0028511,0.0029904,0.0030432,0.0029026,0.0023263,0.0033871,0.0025236,0.0028104,0.0027965,0.0029133,0.0028287,0.0030051,0.0028677,0.0025943,0.0028563,0.0032937,0.0027918,0.0030025,0.0028442,0.0029134,0.0029512,0.0028619,0.0033312,0.0033495,0.0029474,0.0032795,0.0028471,0.0030923,0.0027462,0.0030785,0.0028719,0.0033884,0.0028721,0.0031564,0.0028687,0.002714,0.0029609,0.0027226,0.002847,0.0028251,0.0027249,0.0031622,0.003248,0.0028861,0.0032019,0.0031043,0.0024761,0.0026777,0.0024458,0.0030008,0.0028162,0.002876,0.002616,0.0029566,0.0029279,0.0028003,0.0026854,0.0026341,0.002559,0.002609,0.0033893,0.0025131,0.0026336,0.002983,0.0031075,0.0033571,0.0029516,0.003048,0.0029976,0.0032068,0.0028931,0.0026918,0.0025699,0.003371,0.0027508,0.0030895,0.0031048,0.002501,0.0031271,0.0027929,0.0030403,0.0029601,0.0030867,0.0026242,0.0031798,0.0029946,0.002619,0.0026536,0.0028406,0.0031755,0.0024514,0.0030612,0.0031468,0.0031091,0.0029765,0.0030184,0.0026676,0.0026025,0.0032223,0.0032094,0.0028033,0.0030674,0.0032353,0.0028201,0.0026538,0.0025689,0.0030013,0.0027292,0.002938,0.0030249,0.0025291,0.0028853,0.0030955,0.0023846,0.0028032,0.0036457,0.0027518,0.0022649,0.0030098,0.0028944,0.0032077,0.0030126,0.003173,0.0026224,0.0025829,0.0023257,0.0026572,0.0026169,0.0027217,0.0024334,0.002989,0.0031109,0.0025663,0.0026701,0.0024587,0.0030318,0.0028596,0.0027903,0.0027003,0.0028479,0.0027569,0.0027141,0.0031397,0.0026616,0.0030622,0.0029749,0.0028364,0.0031182,0.0029946,0.0031052,0.0027531,0.0027379,0.0029965,0.0030274,0.0029572,0.0029575,0.002982,0.0033287,0.0029201,0.0029156,0.0028801,0.0029377,0.0029453,0.0027818,0.002879,0.0028217,0.0029673,0.0027424,0.0034633,0.0029041,0.0028948,0.0029877,0.0029265,0.0028521,0.0028081,0.0024936,0.0027538,0.0032913,0.0028993,0.0028329,0.0031266,0.0027484,0.0030314,0.0029686,0.0028954,0.002838,0.0029571,0.0031741,0.0025491,0.0030679,0.0025899,0.0028497,0.003018,0.0028199,0.0025812,0.0028311,0.0031741,0.0024809,0.0030281,0.0026435,0.0026155,0.0030607,0.0025277,0.0028724,0.0029029,0.0025751,0.0027607,0.0028425,0.0025084,0.0029215,0.0032298,0.0031596,0.0025942,0.0031974,0.0026636,0.0029803,0.0027707,0.0023533,0.0027321,0.0034233,0.0026317,0.0028721,0.0026156,0.0033743,0.0029196,0.002754,0.0028495,0.002436,0.0024715,0.0026371,0.0032153,0.0026893,0.0027914,0.0031458,0.0030603,0.0026228,0.0024706,0.0025036,0.0028749,0.0027484,0.0028654,0.0027424,652860.0,527600.0,4051000.0,2361500.0,1063500.0,5504200.0,2008000.0,2411200.0,2983400.0,2907700.0,715790.0,4946000.0,1272400.0,3886200.0,2497000.0,4962200.0,4006100.0,1313700.0,3439700.0,2457300.0,3280300.0,11623000.0,939160.0,6172800.0,733680.0,8929900.0,1559800.0,1804700.0,799240.0,3153800.0,1663100.0,5695800.0,23134000.0,2470300.0,2681400.0,4250800.0,1211200.0,1483800.0,1623100.0,2037800.0,1036500.0,2054600.0,998900.0,7322600.0,2384900.0,1789300.0,1464100.0,2229500.0,15638000.0,933030.0,7138100.0,3914300.0,695400.0,3830400.0,1057500.0,2604500.0,17325000.0,31464000.0,2325700.0,1698300.0,1501900.0,2783800.0,1015700.0,1887600.0,3336500.0,787200.0,2814400.0,1901400.0,3839200.0,2700300.0,1417200.0,1096800.0,14691000.0,5032200.0,1313700.0,3541200.0,1639800.0,944740.0,2521800.0,3636500.0,1267500.0,875270.0,2074100.0,856130.0,1823800.0,2791600.0,4851100.0,4107200.0,2293000.0,5593500.0,1274600.0,9165300.0,4558400.0,997350.0,1628100.0,875890.0,1738300.0,3439800.0,9756100.0,1694900.0,16185000.0,1389000.0,9707100.0,1601000.0,3111800.0,1248900.0,1595600.0,12279000.0,5012700.0,2131600.0,3788800.0,2346100.0,1178000.0,645020.0,3343500.0,11411000.0,2365500.0,1449300.0,738260.0,1883600.0,722040.0,1169800.0,2174300.0,8636100.0,4069700.0,2575300.0,3026200.0,2316200.0,1468700.0,757990.0,10124000.0,2341800.0,3477500.0,2031800.0,1344300.0,1016600.0,1973900.0,1030900.0,2818800.0,3841500.0,1137500.0,1448700.0,2060900.0,1490700.0,2159300.0,2379200.0,867820.0,6776700.0,1483200.0,9209400.0,6039000.0,796610.0,10241000.0,798180.0,1257100.0,18495000.0,669880.0,11896000.0,704520.0,5463300.0,3620500.0,3728500.0,2594300.0,5128500.0,4299400.0,4138300.0,945220.0,4052400.0,1605800.0,6226400.0,1476500.0,7458600.0,1058700.0,729360.0,3925100.0,2935000.0,1917500.0,8220700.0,2222600.0,929290.0,1207100.0,3637800.0,3493100.0,1909700.0,1445200.0,720570.0,6685600.0,5169700.0,2290100.0,619540.0,17391000.0,3256600.0,5152600.0,1119800.0,17904000.0,5318100.0,1077700.0,8409500.0,1326800.0,1407500.0,3909300.0,5195800.0,785010.0,1609000.0,953500.0,1742800.0,1536400.0,1428600.0,7692300.0,2295200.0,1389900.0,12034000.0,2729100.0,1213300.0,1238200.0,3194500.0,932670.0,4580100.0,1110300.0,1813100.0,7912700.0,4355400.0,685140.0,1393400.0,9817300.0,5161200.0,4960900.0,15079000.0,2942700.0,1891900.0,2294600.0,2933500.0,3129200.0,1844900.0,1714400.0,2219900.0,1469200.0,7074000.0,638180.0,3583000.0,8148600.0,8705300.0,1826300.0,5270900.0,3949100.0,4910800.0,847070.0,1117100.0,5283500.0,1523800.0,6462500.0,3415400.0,6961300.0,1931200.0,1605900.0,1559300.0,1065700.0,1101400.0,2250300.0,1018100.0,5082200.0,3404400.0,3048000.0,2817500.0,2386500.0,1906100.0,15335000.0,13457000.0,3518500.0,3147900.0,1932600.0,4368700.0,3283600.0,640970.0,2021700.0,760960.0,3461100.0,1947300.0,1.5235,1.8332,4.1649,1.2865,2.2263,4.2288,1.2238,1.9768,4.2421,2.5085,2.6684,4.3105,0.8435,2.0534,4.2321,1.5316,2.4896,3.8995,3.0078,2.8418,5.8292,1.2372,1.9822,4.2396,1.7197,1.7217,4.2451,1.2878,2.2295,4.2361,0.84018,2.0567,4.2062,2.908,2.8419,4.5198,5.7177,2.7776,1.4772,1.2392,2.8199,3.6252,0.9384,2.1496,3.024,2.4862,2.0574,4.4436,1.4778,1.6866,3.9016,0.66757,2.583,3.8808,1.9988,1.7659,3.4695,1.0832,2.4322,3.0863,0.27046,2.2898,3.5622,1.7659,1.6633,3.3873,2.098,2.8043,4.4073,1.7818,1.6627,3.3888,1.4967,1.6701,3.916,0.3862,2.1371,3.2017,2.0498,2.3708,4.3966,1.4995,1.672,3.2091,0.82325,1.888,2.7734,3.0124,2.8398,5.8263,1.9947,1.7602,3.469,0.9972,2.7115,2.8794,1.7952,2.5848,3.988,0.63148,1.8729,2.7848,1.0675,2.4415,3.0659,1.8953,1.921,4.4887,1.6873,1.6858,3.8958,0.52064,2.1996,3.7724,1.2302,2.438,3.8048,1.026,2.0776,3.265,2.5608,2.3034,4.2911,2.075,2.1626,4.6794,1.4752,1.6734,3.9133,1.8918,1.9315,4.4898,1.4924,2.171,3.2639,0.82467,2.1035,3.176,2.418,2.3806,4.3224,1.9601,2.5884,4.8924,1.9625,2.6005,4.8828,2.5588,2.3002,4.2862,1.3066,2.4948,3.9414,1.6987,2.2431,4.3049,2.1703,3.0526,4.1044,0.51973,2.4574,2.4973,1.5359,2.044,4.6046,2.0622,3.0614,4.0027,0.38466,2.3744,3.426,1.6569,1.6297,4.0839,0.72087,2.0459,3.0937,2.2399,2.2586,4.6536,0.62863,2.5837,3.0141,1.0027,2.1014,3.2643,0.11747,2.893,1.9435,1.9948,2.0122,4.5875,2.5595,2.3112,4.2793,2.6324,2.3325,5.1883,2.11,2.8014,4.4028,1.1067,1.8529,3.956,4.6398,2.9802,0.53653,0.89065,2.1343,3.0481,1.3231,2.0998,4.2663,1.0746,2.1083,3.5016,2.279,2.7458,4.5487,1.689,1.6002,4.1566,1.145,2.5497,3.0675,0.74283,2.4305,3.7656,2.0742,1.915,3.7286,1.584,2.4483,3.4728,1.6409,2.5408,3.6021,1.6435,1.6744,4.2583,2.0897,2.7958,4.5699,2.1198,2.7927,4.5993,3.3312,2.7893,6.0973,1.7028,1.6059,4.1673,1.7174,1.9931,3.4423,2.1765,2.9436,4.9778,1.1483,2.5539,3.0741,2.6343,2.4407,4.9898,1.0153,2.6145,4.0797,1.5882,2.445,3.4796,1.1711,1.8211,4.1009,1.6633,1.6269,4.0841,1.711,1.9893,3.4449,0.18599,2.942,3.2447,2.8876,2.2862,4.5684,1.3392,1.9541,4.2238,1.2499,2.6697,3.3297,1.4514,2.4552,3.3516,1.8247,1.975,3.7149,1.9464,2.3525,3.998,1.0978,2.2948,3.1946,2.5325,2.0369,5.1659,1.2222,2.6818,3.3071,1.4529,2.463,3.3475,0.24636,2.9632,3.2949,0.68222,1.8144,2.8984,1.7044,2.0275,4.4347,1.4872,1.8624,4.1312,5.4986,2.8977,1.8238,0.81814,2.1308,2.7997,0.99941,2.6178,4.0707,2.1977,2.528,3.6325,2.6405,2.4249,4.9823,2.8254,2.6889,4.5242,2.1302,2.5024,4.5268,2.3503,2.1099,4.1886,0.76591,2.0104,3.349,0.3594,2.4681,2.9091,0.5928,2.1486,3.745,2.4123,2.5034,4.4529,0.77324,2.444,2.8787,1.2652,1.5786,4.2999,1.6905,2.0,3.4557,0.04681,2.686,2.0653,3.2642,2.9447,6.2647,0.77985,2.4329,2.8835,1.6559,1.6384,4.0928,1.5031,1.8424,3.1887,0.75783,2.4465,2.8575,2.1784,2.3431,4.9537,1.1498,2.5591,3.0848,1.0451,1.997,3.5194,0.519,1.9891,3.2598,1.7054,1.9959,3.4472,2.4049,2.0804,4.1846,2.1469,2.154,4.9769,1.3026,1.7503,3.8048,0.70547,1.9789,2.759,2.1452,2.1525,4.9809,2.3029,2.1939,4.4674,1.5627,2.3087,3.9655,4.1975,3.0002,0.12624,1.9471,2.3548,3.9977,0.816,1.9679,4.1196,1.1764,2.5832,4.2186,3.5049,2.8482,6.0794,1.554,1.609,3.2818,0.31179,2.3101,3.4128,5.1159,2.9876,1.0283,0.54334,2.7888,3.2516,1.2531,2.5107,2.9848,2.1629,2.1448,4.9723,1.4934,2.0922,4.3581,1.5439,1.6222,3.3013,1.3944,2.9227,3.3478,0.49329,2.4351,2.7445,0.91188,2.4496,2.9972,0.2217,2.6239,3.3426,1.6304,2.2761,4.1431,0.47221,2.4379,2.7286,1.0512,2.1894,3.6549,1.3833,1.8028,4.2957,0.31143,2.31,3.4122,1.542,1.6115,3.2847,0.49346,2.433,2.7414,2.9866,2.8682,5.9175,1.9852,2.5926,4.0272,1.9879,2.1884,4.5942,2.591,2.7619,5.256,1.8681,1.9644,3.8936,1.3112,1.8166,3.6984,2.1741,2.1496,4.9842,1.4235,2.6464,4.0123,0.97002,3.0726,2.7952,4.6509,2.9781,0.37399,1.2513,2.6985,4.3182,1.8967,1.9539,3.8873,1.237,2.6372,2.8586,0.35026,2.7805,2.9502,0.9643,2.8918,4.1509,0.55891,2.5147,2.5813,0.70747,1.9452,2.9725,0.55384,2.4094,3.4261,1.5926,2.1793,4.2456,1.2464,2.7032,4.3371,0.63341,1.9601,3.1068,1.9847,1.8845,3.8073,1.2104,1.8487,3.6545,2.4478,2.7069,4.9628,1.3882,1.5317,4.1814,1.3793,2.152,3.1835,0.64794,1.9649,3.1007,0.51297,2.4237,2.5906,1.6483,2.2769,4.1386,2.4313,2.7064,4.9698,0.62591,1.9661,3.098,1.5756,1.7115,3.3274,0.61799,3.0311,2.5077,0.57592,2.5163,2.5894,2.9555,2.7437,5.9263,6.1663,2.8664,2.5388,4.5868,2.98,0.29564,2.3649,2.3929,3.7545,0.97861,3.0828,3.7895,1.408,2.2908,3.553,0.72349,3.0868,3.5285,2.379,2.23,3.8013,1.2143,1.8493,3.6567,2.4234,2.3334,4.5681,2.586,2.6331,4.0505,1.2584,2.6927,4.3454,1.8728,1.9615,3.8946,1.1473,2.7945,3.6728,2.4339,2.4604,5.0728,1.5687,2.6288,3.3029,2.1647,2.195,4.0988,0.79723,1.9197,3.378,2.3819,2.4021,3.7616,2.3624,2.4034,3.7477,2.201,1.9005,4.9174,2.649,2.2886,4.8005,2.3767,2.2369,3.807,1.3989,1.5888,3.8468,2.4561,2.7021,4.9758,1.8765,1.9608,3.8985,0.77663,2.1427,3.9956,1.6159,1.833,4.2688,2.4408,2.6985,4.9776,1.4444,2.3907,3.2641,5.901,2.8772,2.1879,1.8489,1.7895,3.4899,1.9942,3.014,4.3086,2.0228,1.9527,4.7616,1.1138,2.5829,4.2806,1.8978,2.1481,4.8674,1.6141,1.8023,3.9654,1.6112,2.0044,3.3888,1.0457,2.7713,3.6006,0.92245,2.839,3.8109,1.4062,2.415,3.8631,1.145,2.7888,3.6677,1.8169,1.7993,4.0926,0.89302,2.4551,2.7723,1.9085,2.0772,4.3813,0.060103,2.7934,2.836,1.0844,1.9637,4.2715,0.94912,2.3172,3.0308,1.6255,2.3956,4.5812,0.97623,2.0872,2.8351,0.7319,2.0045,2.7328,1.6102,1.8013,3.9667,0.91267,2.4508,2.7913,1.3766,1.5895,3.8398,2.7734,2.5974,4.6315,1.0923,2.1495,3.629,1.1433,2.795,3.6662,1.9752,2.0024,4.4725,1.0693,1.9736,4.2588,1.8533,1.6508,3.4484,1.6603,2.4921,3.9983,2.1262,2.5471,4.9234,2.1605,2.3851,3.6901,1.1727,3.0643,3.4043,1.4529,1.4617,4.2377,0.60304,3.0076,3.6107,1.6195,1.7498,4.2321,0.74084,2.005,2.7374,0.68271,2.1933,3.9613,2.6892,2.6076,4.5363,2.0191,2.1212,3.4358,1.3708,2.9054,3.5306,1.1005,2.2186,3.6377,2.5319,2.0085,4.4633,1.4891,1.7284,4.4243,1.5852,2.5889,3.576,2.0537,2.3031,4.0761,2.6787,2.3403,4.9882,0.45673,2.5167,2.9808
0.048904,459.07,0.0029519,400.97,543.68,397.0,464.99,451.37,483.94,533.94,477.06,453.76,467.51,596.38,376.81,477.85,522.52,495.02,454.85,462.96,360.21,364.34,473.91,448.96,384.09,505.79,388.22,422.41,467.77,545.82,303.7,508.26,428.58,451.4,355.27,540.61,489.95,553.77,498.52,420.81,457.87,542.93,527.06,372.09,564.43,370.54,473.56,443.87,503.57,502.44,527.56,460.71,493.25,447.15,535.43,518.6,503.6,427.33,513.5,463.17,413.33,581.42,502.83,482.53,537.51,382.73,443.57,417.2,477.68,416.55,576.58,468.58,456.32,449.7,466.9,465.34,397.54,419.55,485.62,442.01,503.44,499.25,470.09,498.21,522.4,409.38,497.57,327.34,515.08,422.74,469.86,428.57,488.62,503.77,431.9,416.36,433.02,401.49,455.37,568.87,383.22,427.32,513.43,528.58,557.82,501.64,467.18,489.07,596.92,467.61,392.3,458.79,519.14,402.69,478.04,513.8,325.34,527.72,454.4,513.2,499.81,492.14,350.61,486.28,533.25,365.46,419.54,432.2,513.21,352.6,495.04,503.18,489.64,463.23,534.32,451.2,417.42,539.39,477.62,462.18,515.28,501.85,470.28,404.03,486.26,512.89,410.11,423.3,594.19,379.66,443.54,548.66,394.77,421.36,595.94,441.76,297.22,538.19,506.9,522.17,451.82,551.32,431.71,414.23,341.65,402.74,401.54,467.34,361.39,491.86,517.06,394.79,442.51,475.01,497.98,421.94,476.95,436.37,426.48,424.5,427.14,598.67,449.45,526.32,558.93,447.85,510.41,444.01,568.12,454.92,429.38,526.46,590.85,463.48,500.82,483.8,412.39,509.61,456.68,473.51,454.88,468.53,429.23,480.4,454.59,471.3,454.87,439.29,473.46,411.34,524.24,513.96,445.21,425.73,370.7,455.59,550.91,407.52,428.25,576.08,439.54,466.52,483.13,468.57,458.03,525.48,536.92,382.82,504.26,405.49,498.15,450.17,523.41,386.32,514.78,512.42,362.19,503.81,461.18,310.12,502.72,400.59,460.72,470.92,378.78,451.74,479.96,393.53,490.73,534.05,473.43,379.26,517.66,435.58,461.93,457.24,375.11,516.01,616.55,418.58,409.7,428.23,560.71,480.56,426.53,526.49,320.17,343.52,415.09,525.37,440.37,420.95,469.76,569.52,400.87,423.67,392.99,501.0,412.57,475.59,479.25,0.0030381,0.0034766,0.0028942,0.0028896,0.0030126,0.0030496,0.0031926,0.0031787,0.0029618,0.0031004,0.0035341,0.0026478,0.0030259,0.0032144,0.0034117,0.0029458,0.0029782,0.0026214,0.0024436,0.0033261,0.003008,0.0027564,0.0033676,0.0026892,0.0028711,0.0028935,0.0034272,0.0024531,0.0034562,0.0026697,0.0028582,0.0024445,0.0032361,0.0030485,0.0034596,0.0030601,0.0029424,0.0031046,0.0031584,0.002992,0.0023842,0.003518,0.0025972,0.002907,0.0028898,0.0030079,0.0029185,0.003113,0.0029613,0.0026628,0.0029499,0.0034198,0.0028828,0.0031164,0.0029389,0.0030106,0.0030604,0.0029573,0.0034616,0.0034834,0.0030511,0.0034188,0.0029358,0.0032021,0.0028347,0.0031866,0.0029605,0.0035045,0.0029653,0.0032679,0.0029513,0.0028017,0.0030615,0.0028116,0.0029399,0.0029121,0.0028131,0.0032751,0.003364,0.0029906,0.0033138,0.0032076,0.0025441,0.0027629,0.0025178,0.0031078,0.0029039,0.0029707,0.002701,0.0030537,0.0030385,0.0028914,0.0027662,0.0027237,0.002642,0.0026886,0.0035213,0.0025858,0.0027157,0.0030925,0.003215,0.0034847,0.0030533,0.0031625,0.0031151,0.0033228,0.0029955,0.0027816,0.0026465,0.0034907,0.0028439,0.0032032,0.0032138,0.0025768,0.0032419,0.0028873,0.0031477,0.0030616,0.0031918,0.0027105,0.0032917,0.0031047,0.0027112,0.0027374,0.0029356,0.0033122,0.0025303,0.0031701,0.0032649,0.0032226,0.0030766,0.0031279,0.0027527,0.0026846,0.0033418,0.0033166,0.0028971,0.003165,0.0033477,0.0029085,0.0027376,0.00264,0.0031137,0.00282,0.0030288,0.0031208,0.0026054,0.0029904,0.0031978,0.0024534,0.0028946,0.0037957,0.0028447,0.0023313,0.0031,0.0029994,0.0033245,0.0031256,0.0032911,0.0026974,0.0026621,0.0023863,0.0027417,0.0027035,0.0028127,0.0025104,0.0030968,0.0032186,0.0026346,0.0027542,0.0025332,0.003137,0.0029471,0.0028891,0.0027871,0.0029432,0.0028363,0.0027986,0.0032447,0.0027517,0.0031675,0.0030852,0.0029336,0.0032407,0.0030984,0.0032247,0.0028466,0.0028181,0.0031032,0.0031415,0.0030641,0.0030649,0.0030904,0.0034652,0.003019,0.0030169,0.0029844,0.0030404,0.003047,0.0028761,0.0029715,0.0029153,0.0030689,0.0028279,0.0036312,0.0030017,0.0029968,0.0030834,0.0030303,0.0029539,0.002893,0.0025691,0.0028407,0.0034181,0.0030021,0.002927,0.003223,0.0028326,0.0031393,0.0030747,0.0029903,0.0029305,0.0030642,0.0032841,0.0026288,0.003191,0.002672,0.0029455,0.0031172,0.0029016,0.0026568,0.0029189,0.0032955,0.0025477,0.0031295,0.0027244,0.0027025,0.0031679,0.0026016,0.0029686,0.0030017,0.0026567,0.0028472,0.0029328,0.0025701,0.0030249,0.0033466,0.0032703,0.0026658,0.0033063,0.0027453,0.0030811,0.0028665,0.0024139,0.0028143,0.003561,0.0027154,0.0029696,0.0026926,0.0034911,0.0030172,0.0028483,0.0029378,0.0025061,0.0025408,0.0027216,0.0033243,0.002777,0.0028909,0.0032685,0.0031591,0.0027121,0.0025363,0.0025778,0.0029731,0.0028315,0.0029728,0.0028226,652860.0,527600.0,4051000.0,2361500.0,1063500.0,5504200.0,2008000.0,2411200.0,2983400.0,2907700.0,715790.0,4946000.0,1272400.0,3886200.0,2497000.0,4962200.0,4006100.0,1313700.0,3439700.0,2457300.0,3280300.0,11623000.0,939160.0,6172800.0,733680.0,8929900.0,1559800.0,1804700.0,799240.0,3153800.0,1663100.0,5695800.0,23134000.0,2470300.0,2681400.0,4250800.0,1211200.0,1483800.0,1623100.0,2037800.0,1036500.0,2054600.0,998900.0,7322600.0,2384900.0,1789300.0,1464100.0,2229500.0,15638000.0,933030.0,7138100.0,3914300.0,695400.0,3830400.0,1057500.0,2604500.0,17325000.0,31464000.0,2325700.0,1698300.0,1501900.0,2783800.0,1015700.0,1887600.0,3336500.0,787200.0,2814400.0,1901400.0,3839200.0,2700300.0,1417200.0,1096800.0,14691000.0,5032200.0,1313700.0,3541200.0,1639800.0,944740.0,2521800.0,3636500.0,1267500.0,875270.0,2074100.0,856130.0,1823800.0,2791600.0,4851100.0,4107200.0,2293000.0,5593500.0,1274600.0,9165300.0,4558400.0,997350.0,1628100.0,875890.0,1738300.0,3439800.0,9756100.0,1694900.0,16185000.0,1389000.0,9707100.0,1601000.0,3111800.0,1248900.0,1595600.0,12279000.0,5012700.0,2131600.0,3788800.0,2346100.0,1178000.0,645020.0,3343500.0,11411000.0,2365500.0,1449300.0,738260.0,1883600.0,722040.0,1169800.0,2174300.0,8636100.0,4069700.0,2575300.0,3026200.0,2316200.0,1468700.0,757990.0,10124000.0,2341800.0,3477500.0,2031800.0,1344300.0,1016600.0,1973900.0,1030900.0,2818800.0,3841500.0,1137500.0,1448700.0,2060900.0,1490700.0,2159300.0,2379200.0,867820.0,6776700.0,1483200.0,9209400.0,6039000.0,796610.0,10241000.0,798180.0,1257100.0,18495000.0,669880.0,11896000.0,704520.0,5463300.0,3620500.0,3728500.0,2594300.0,5128500.0,4299400.0,4138300.0,945220.0,4052400.0,1605800.0,6226400.0,1476500.0,7458600.0,1058700.0,729360.0,3925100.0,2935000.0,1917500.0,8220700.0,2222600.0,929290.0,1207100.0,3637800.0,3493100.0,1909700.0,1445200.0,720570.0,6685600.0,5169700.0,2290100.0,619540.0,17391000.0,3256600.0,5152600.0,1119800.0,17904000.0,5318100.0,1077700.0,8409500.0,1326800.0,1407500.0,3909300.0,5195800.0,785010.0,1609000.0,953500.0,1742800.0,1536400.0,1428600.0,7692300.0,2295200.0,1389900.0,12034000.0,2729100.0,1213300.0,1238200.0,3194500.0,932670.0,4580100.0,1110300.0,1813100.0,7912700.0,4355400.0,685140.0,1393400.0,9817300.0,5161200.0,4960900.0,15079000.0,2942700.0,1891900.0,2294600.0,2933500.0,3129200.0,1844900.0,1714400.0,2219900.0,1469200.0,7074000.0,638180.0,3583000.0,8148600.0,8705300.0,1826300.0,5270900.0,3949100.0,4910800.0,847070.0,1117100.0,5283500.0,1523800.0,6462500.0,3415400.0,6961300.0,1931200.0,1605900.0,1559300.0,1065700.0,1101400.0,2250300.0,1018100.0,5082200.0,3404400.0,3048000.0,2817500.0,2386500.0,1906100.0,15335000.0,13457000.0,3518500.0,3147900.0,1932600.0,4368700.0,3283600.0,640970.0,2021700.0,760960.0,3461100.0,1947300.0,1.5235,1.8324,4.1633,1.2879,2.2266,4.2299,1.2223,1.975,4.2437,2.5099,2.6694,4.3117,0.84081,2.0519,4.235,1.5337,2.491,3.9006,3.0086,2.8424,5.8321,1.2384,1.9811,4.2406,1.7149,1.7221,4.2445,1.2896,2.23,4.2383,0.8365,2.0558,4.2046,2.9114,2.8432,4.5224,5.7182,2.7777,1.4784,1.2399,2.8152,3.6261,0.93505,2.1504,3.024,2.4868,2.0589,4.4437,1.4785,1.688,3.901,0.66883,2.5857,3.8799,1.9978,1.7666,3.4689,1.0854,2.4295,3.0922,0.26974,2.2908,3.5614,1.7627,1.6617,3.3875,2.0905,2.8002,4.4002,1.7808,1.6617,3.3887,1.5002,1.6691,3.9178,0.38423,2.138,3.2011,2.0524,2.3738,4.3989,1.5032,1.6731,3.211,0.82184,1.8908,2.7731,3.0139,2.8395,5.8289,1.9924,1.7602,3.4681,0.99573,2.7106,2.8795,1.7911,2.5839,3.9857,0.6319,1.8739,2.7824,1.067,2.4406,3.0685,1.8949,1.9222,4.488,1.6885,1.684,3.8959,0.5229,2.1991,3.7776,1.237,2.4415,3.8083,1.0291,2.0811,3.2636,2.5634,2.3047,4.2917,2.0765,2.1654,4.6803,1.4748,1.6729,3.9139,1.891,1.9341,4.4892,1.4925,2.1713,3.2631,0.82484,2.1083,3.1734,2.418,2.3824,4.324,1.962,2.5858,4.8919,1.966,2.6011,4.8824,2.561,2.301,4.2862,1.3099,2.4963,3.9403,1.701,2.2453,4.3071,2.1875,3.0504,4.12,0.52321,2.455,2.502,1.5344,2.0423,4.6043,2.0597,3.0605,3.9988,0.38278,2.3746,3.4233,1.6562,1.6293,4.0841,0.72304,2.0506,3.0927,2.2393,2.2618,4.6552,0.62957,2.5774,3.0175,1.0018,2.1082,3.2626,0.11469,2.8934,1.9375,1.9946,2.0174,4.5878,2.562,2.3137,4.2775,2.6243,2.3312,5.1856,2.1027,2.797,4.3939,1.1115,1.8531,3.9581,4.6427,2.9764,0.54077,0.89103,2.1371,3.0467,1.3259,2.0997,4.2668,1.0779,2.1124,3.5031,2.2714,2.7439,4.5411,1.6868,1.6001,4.1562,1.1454,2.5481,3.0684,0.74149,2.4316,3.7649,2.0779,1.9122,3.7263,1.5811,2.4504,3.4735,1.637,2.5441,3.6013,1.6406,1.6732,4.2598,2.0854,2.7927,4.5661,2.1196,2.7892,4.6002,3.3277,2.7904,6.095,1.7033,1.6069,4.1687,1.7203,1.9909,3.4404,2.1853,2.9443,4.9877,1.1488,2.5532,3.0753,2.633,2.4396,4.9898,1.0142,2.6167,4.0823,1.5855,2.4467,3.4815,1.1683,1.8256,4.1007,1.6636,1.626,4.084,1.7125,1.9866,3.4436,0.16781,2.941,3.2291,2.89,2.2849,4.5699,1.3431,1.9547,4.2273,1.2508,2.6662,3.3323,1.449,2.4547,3.3532,1.8222,1.973,3.713,1.9452,2.3557,3.9995,1.0976,2.2971,3.1955,2.5315,2.0344,5.169,1.2192,2.68,3.3067,1.4506,2.4638,3.3487,0.2377,2.966,3.2868,0.68276,1.8162,2.8951,1.705,2.0272,4.4377,1.4901,1.8618,4.1336,5.4901,2.8966,1.8178,0.81788,2.1325,2.803,0.99542,2.6205,4.0715,2.2056,2.5283,3.6348,2.6399,2.4213,4.9807,2.8293,2.686,4.525,2.1246,2.4975,4.5258,2.3507,2.1114,4.188,0.76596,2.0147,3.3487,0.36559,2.4668,2.9143,0.59073,2.1502,3.7506,2.4168,2.5018,4.4573,0.77764,2.4405,2.8835,1.2669,1.5783,4.3022,1.6884,1.9991,3.4567,0.053971,2.6854,2.0682,3.2753,2.9455,6.2776,0.78603,2.4273,2.8897,1.655,1.6393,4.0938,1.5045,1.8392,3.1897,0.76,2.4436,2.8589,2.1803,2.3421,4.9532,1.1512,2.5586,3.0881,1.0526,2.0035,3.5221,0.51597,1.9913,3.2604,1.7066,1.9939,3.4465,2.4079,2.0808,4.1826,2.1481,2.154,4.9769,1.3049,1.7498,3.8059,0.70911,1.9795,2.7596,2.1462,2.1526,4.9815,2.3001,2.1957,4.4691,1.5621,2.3129,3.9662,4.1978,2.9982,0.12551,1.9454,2.3583,3.9982,0.81191,1.9685,4.1201,1.1773,2.5854,4.2196,3.5034,2.8471,6.0803,1.5576,1.6078,3.2811,0.30935,2.3125,3.4129,5.111,2.987,1.0187,0.54146,2.7896,3.2521,1.2515,2.5115,2.9865,2.1661,2.1434,4.971,1.4969,2.0919,4.3599,1.5467,1.6225,3.3042,1.3972,2.9216,3.345,0.50092,2.4324,2.7494,0.90965,2.4485,2.997,0.2215,2.625,3.3426,1.634,2.2805,4.1468,0.47747,2.4363,2.7316,1.0517,2.1934,3.6535,1.3815,1.8018,4.2961,0.30922,2.312,3.4126,1.5439,1.6106,3.2844,0.50185,2.4297,2.7462,2.9883,2.8679,5.9217,1.9806,2.5911,4.0254,1.9913,2.1905,4.5958,2.5824,2.7593,5.2519,1.8645,1.9641,3.8915,1.3141,1.816,3.7003,2.1792,2.1489,4.9848,1.4262,2.6441,4.0123,0.9465,3.0704,2.7684,4.645,2.9764,0.36787,1.2502,2.7013,4.3157,1.8956,1.9533,3.8878,1.2355,2.6377,2.8577,0.34954,2.7816,2.9511,0.96843,2.8924,4.154,0.55732,2.5134,2.5822,0.70864,1.9482,2.9683,0.5552,2.412,3.4252,1.597,2.1802,4.2492,1.2451,2.7065,4.3379,0.63259,1.9625,3.1041,1.9858,1.8822,3.8053,1.2132,1.8492,3.6562,2.4431,2.7037,4.957,1.3898,1.5337,4.1829,1.3771,2.1514,3.1848,0.64967,1.9684,3.0971,0.52119,2.419,2.5944,1.6536,2.2813,4.1406,2.4252,2.7032,4.9663,0.62391,1.9694,3.094,1.5774,1.7114,3.3274,0.63267,3.0296,2.5181,0.57675,2.5154,2.5908,2.9642,2.7438,5.9339,6.1645,2.8669,2.5387,4.5714,2.9781,0.27776,2.3679,2.3898,3.7539,1.0016,3.0827,3.8177,1.4023,2.2977,3.5507,0.70098,3.088,3.5104,2.3805,2.2283,3.7992,1.2175,1.8494,3.659,2.4226,2.3327,4.5698,2.5863,2.6346,4.0546,1.258,2.6939,4.3471,1.8698,1.9608,3.8925,1.152,2.7936,3.6773,2.4305,2.4558,5.0685,1.5622,2.6295,3.3042,2.1637,2.1968,4.0984,0.79841,1.9228,3.3788,2.3872,2.4004,3.7626,2.3643,2.4018,3.746,2.2045,1.9035,4.9209,2.6491,2.2883,4.8017,2.3783,2.2365,3.806,1.4021,1.5893,3.849,2.4537,2.6985,4.9727,1.8741,1.96,3.897,0.77589,2.1426,4.0019,1.6182,1.8327,4.2706,2.4359,2.6938,4.9751,1.4441,2.3909,3.2647,5.896,2.8764,2.1845,1.8467,1.7876,3.4927,1.9956,3.0116,4.3083,2.0248,1.9535,4.7634,1.1167,2.5836,4.2825,1.901,2.1478,4.8687,1.6139,1.8017,3.9651,1.6127,2.0034,3.3877,1.0528,2.7698,3.6082,0.9249,2.8399,3.8118,1.4113,2.4197,3.8667,1.1494,2.7866,3.6712,1.8132,1.799,4.0922,0.88963,2.4538,2.7725,1.9082,2.0789,4.3808,0.058586,2.7926,2.8366,1.0838,1.9643,4.2733,0.94983,2.3132,3.035,1.6241,2.3956,4.58,0.97539,2.0869,2.8352,0.72949,2.0052,2.7308,1.6097,1.8006,3.9662,0.91258,2.449,2.7947,1.3759,1.5899,3.8405,2.7734,2.5988,4.6301,1.0939,2.1517,3.6292,1.1482,2.7936,3.6697,1.975,2.0054,4.4718,1.0665,1.9757,4.2585,1.8532,1.651,3.4481,1.6598,2.4941,3.998,2.1285,2.5456,4.9232,2.1611,2.3859,3.6863,1.1697,3.0623,3.4012,1.454,1.4611,4.2385,0.60084,3.0088,3.6109,1.6184,1.749,4.2317,0.74004,2.0062,2.7363,0.68139,2.1931,3.9645,2.6889,2.6085,4.5357,2.0241,2.1202,3.4354,1.369,2.9016,3.5293,1.1041,2.2238,3.638,2.5321,2.0104,4.4622,1.4886,1.7271,4.4246,1.5804,2.588,3.5749,2.0519,2.3061,4.0771,2.6725,2.3341,4.9841,0.45889,2.514,2.985
0.05592,473.83,0.0030467,413.84,563.83,409.59,479.7,467.54,499.4,550.5,492.22,468.06,483.05,618.25,387.59,492.36,540.4,515.1,468.16,477.81,371.21,374.61,491.19,463.83,395.67,521.65,399.37,436.81,481.92,565.64,312.05,526.19,440.85,464.56,364.02,559.47,504.51,573.55,515.02,433.97,474.63,562.37,541.47,383.2,584.92,380.32,488.99,457.9,519.21,518.13,545.46,475.22,507.48,461.27,555.37,535.36,521.91,441.41,529.58,478.82,426.44,601.75,521.84,499.28,558.53,392.08,456.97,429.71,493.77,429.35,592.75,483.8,472.08,461.77,481.87,480.61,409.19,433.57,500.03,456.05,520.39,516.34,485.48,514.11,538.81,421.35,513.43,336.77,532.8,436.02,485.6,442.07,504.2,521.53,444.52,427.93,447.39,413.78,467.83,589.01,394.52,440.13,531.69,546.44,578.69,518.64,484.53,506.31,617.71,484.12,404.6,471.96,537.25,415.24,494.9,531.72,333.67,545.37,469.1,531.18,515.67,505.93,362.13,502.16,550.4,377.97,431.99,445.09,533.6,363.49,510.92,520.98,507.1,477.95,552.53,464.95,429.78,558.03,492.7,476.85,530.71,519.8,484.64,416.81,499.01,531.42,422.58,435.36,612.25,390.56,458.04,565.31,405.6,434.64,620.22,455.72,306.74,552.14,524.76,540.36,467.23,570.28,443.76,426.5,349.95,414.68,413.71,483.26,372.0,508.75,534.43,404.41,455.12,489.56,515.1,433.3,492.39,450.28,439.94,435.76,439.69,618.02,464.83,543.04,579.53,461.91,529.15,458.03,588.17,470.57,441.49,545.12,613.81,479.57,518.4,500.55,429.61,526.15,471.55,490.42,468.51,483.52,442.69,494.69,468.58,486.53,469.18,460.58,489.3,424.72,539.86,532.3,460.59,437.84,381.51,470.0,571.47,422.31,441.55,592.84,452.9,482.47,498.65,483.4,472.65,542.68,554.01,394.16,523.59,417.55,514.21,464.14,538.02,397.27,531.71,530.71,371.84,519.78,475.67,319.91,519.2,410.64,475.75,486.72,389.37,466.63,494.88,403.44,507.49,552.2,488.31,389.86,534.65,448.6,477.35,472.31,384.46,532.18,638.88,431.57,421.99,440.65,579.56,496.31,440.79,542.48,327.94,352.51,427.1,541.87,454.75,434.17,487.67,587.33,414.53,435.17,402.9,517.57,424.14,493.27,492.73,0.0031464,0.0036001,0.0029844,0.0029785,0.003118,0.0031446,0.003298,0.003285,0.0030608,0.0032068,0.0036656,0.002728,0.0031247,0.0033226,0.0035399,0.0030322,0.0030789,0.0027004,0.0025089,0.0034424,0.0031095,0.0028434,0.0034775,0.0027694,0.0029688,0.0029848,0.0035467,0.0025232,0.0035734,0.0027446,0.0029427,0.0025044,0.0033477,0.003139,0.0035804,0.0031623,0.0030317,0.0032153,0.0032715,0.0030794,0.0024424,0.0036452,0.0026702,0.0030015,0.0029817,0.0031012,0.0030069,0.0032179,0.003053,0.0027311,0.0030415,0.0035433,0.0029734,0.0032272,0.003031,0.0031067,0.0031674,0.0030509,0.0035898,0.0036137,0.0031538,0.0035537,0.0030236,0.0033087,0.0029218,0.0032918,0.0030477,0.0036185,0.0030574,0.0033763,0.003033,0.0028885,0.0031598,0.002899,0.0030309,0.0029976,0.0029008,0.0033854,0.0034763,0.0030937,0.0034219,0.0033085,0.0026119,0.0028468,0.0025883,0.0032129,0.00299,0.0030632,0.0027848,0.003149,0.0031457,0.0029807,0.002846,0.0028125,0.0027234,0.002767,0.003649,0.0026579,0.0027966,0.0032011,0.0033205,0.0036094,0.003154,0.0032749,0.0032306,0.0034361,0.0030964,0.00287,0.0027226,0.0036064,0.0029358,0.0033147,0.0033208,0.0026507,0.0033537,0.0029801,0.0032537,0.0031607,0.0032937,0.0027968,0.0034001,0.003214,0.0028022,0.0028208,0.0030288,0.0034447,0.0026082,0.0032765,0.0033805,0.0033344,0.0031744,0.0032359,0.0028371,0.0027659,0.0034593,0.0034216,0.0029901,0.0032616,0.0034575,0.0029948,0.0028194,0.0027103,0.0032249,0.0029089,0.0031187,0.0032161,0.0026825,0.0030931,0.0032996,0.0025217,0.0029845,0.0039405,0.0029368,0.0023977,0.0031916,0.0031029,0.0034395,0.0032359,0.0034064,0.0027718,0.0027407,0.0024466,0.0028246,0.0027902,0.0029037,0.0025867,0.0032019,0.0033227,0.0027031,0.002837,0.0026081,0.0032401,0.0030312,0.0029867,0.0028721,0.0030373,0.0029146,0.0028814,0.003348,0.00284,0.0032706,0.0031935,0.0030279,0.0033615,0.0031993,0.0033421,0.0029388,0.0028976,0.0032082,0.0032556,0.003169,0.0031712,0.0031963,0.0035964,0.0031173,0.0031174,0.0030862,0.0031419,0.0031476,0.0029692,0.0030635,0.0030068,0.0031683,0.0029142,0.0037937,0.0030974,0.0030971,0.0031784,0.0031332,0.0030548,0.0029767,0.0026438,0.0029276,0.0035415,0.0031022,0.0030198,0.003317,0.0029156,0.0032448,0.0031785,0.003084,0.0030216,0.00317,0.0033913,0.0027074,0.0033106,0.0027527,0.0030408,0.0032145,0.0029822,0.0027319,0.0030105,0.0034142,0.0026138,0.0032287,0.0028038,0.0027881,0.0032732,0.0026737,0.0030668,0.0030999,0.0027369,0.002933,0.003022,0.0026319,0.0031274,0.0034615,0.0033788,0.0027381,0.0034146,0.002826,0.0031801,0.0029608,0.0024751,0.002897,0.0036957,0.0027986,0.0030636,0.0027685,0.0036065,0.0031125,0.0029407,0.0030286,0.0025768,0.0026103,0.0028046,0.0034324,0.0028661,0.0029889,0.0033874,0.0032573,0.0028027,0.0026034,0.002652,0.0030708,0.0029143,0.0030811,0.0029038,652860.0,527600.0,4051000.0,2361500.0,1063500.0,5504200.0,2008000.0,2411200.0,2983400.0,2907700.0,715790.0,4946000.0,1272400.0,3886200.0,2497000.0,4962200.0,4006100.0,1313700.0,3439700.0,2457300.0,3280300.0,11623000.0,939160.0,6172800.0,733680.0,8929900.0,1559800.0,1804700.0,799240.0,3153800.0,1663100.0,5695800.0,23134000.0,2470300.0,2681400.0,4250800.0,1211200.0,1483800.0,1623100.0,2037800.0,1036500.0,2054600.0,998900.0,7322600.0,2384900.0,1789300.0,1464100.0,2229500.0,15638000.0,933030.0,7138100.0,3914300.0,695400.0,3830400.0,1057500.0,2604500.0,17325000.0,31464000.0,2325700.0,1698300.0,1501900.0,2783800.0,1015700.0,1887600.0,3336500.0,787200.0,2814400.0,1901400.0,3839200.0,2700300.0,1417200.0,1096800.0,14691000.0,5032200.0,1313700.0,3541200.0,1639800.0,944740.0,2521800.0,3636500.0,1267500.0,875270.0,2074100.0,856130.0,1823800.0,2791600.0,4851100.0,4107200.0,2293000.0,5593500.0,1274600.0,9165300.0,4558400.0,997350.0,1628100.0,875890.0,1738300.0,3439800.0,9756100.0,1694900.0,16185000.0,1389000.0,9707100.0,1601000.0,3111800.0,1248900.0,1595600.0,12279000.0,5012700.0,2131600.0,3788800.0,2346100.0,1178000.0,645020.0,3343500.0,11411000.0,2365500.0,1449300.0,738260.0,1883600.0,722040.0,1169800.0,2174300.0,8636100.0,4069700.0,2575300.0,3026200.0,2316200.0,1468700.0,757990.0,10124000.0,2341800.0,3477500.0,2031800.0,1344300.0,1016600.0,1973900.0,1030900.0,2818800.0,3841500.0,1137500.0,1448700.0,2060900.0,1490700.0,2159300.0,2379200.0,867820.0,6776700.0,1483200.0,9209400.0,6039000.0,796610.0,10241000.0,798180.0,1257100.0,18495000.0,669880.0,11896000.0,704520.0,5463300.0,3620500.0,3728500.0,2594300.0,5128500.0,4299400.0,4138300.0,945220.0,4052400.0,1605800.0,6226400.0,1476500.0,7458600.0,1058700.0,729360.0,3925100.0,2935000.0,1917500.0,8220700.0,2222600.0,929290.0,1207100.0,3637800.0,3493100.0,1909700.0,1445200.0,720570.0,6685600.0,5169700.0,2290100.0,619540.0,17391000.0,3256600.0,5152600.0,1119800.0,17904000.0,5318100.0,1077700.0,8409500.0,1326800.0,1407500.0,3909300.0,5195800.0,785010.0,1609000.0,953500.0,1742800.0,1536400.0,1428600.0,7692300.0,2295200.0,1389900.0,12034000.0,2729100.0,1213300.0,1238200.0,3194500.0,932670.0,4580100.0,1110300.0,1813100.0,7912700.0,4355400.0,685140.0,1393400.0,9817300.0,5161200.0,4960900.0,15079000.0,2942700.0,1891900.0,2294600.0,2933500.0,3129200.0,1844900.0,1714400.0,2219900.0,1469200.0,7074000.0,638180.0,3583000.0,8148600.0,8705300.0,1826300.0,5270900.0,3949100.0,4910800.0,847070.0,1117100.0,5283500.0,1523800.0,6462500.0,3415400.0,6961300.0,1931200.0,1605900.0,1559300.0,1065700.0,1101400.0,2250300.0,1018100.0,5082200.0,3404400.0,3048000.0,2817500.0,2386500.0,1906100.0,15335000.0,13457000.0,3518500.0,3147900.0,1932600.0,4368700.0,3283600.0,640970.0,2021700.0,760960.0,3461100.0,1947300.0,1.5236,1.8317,4.1618,1.2893,2.227,4.231,1.2207,1.9733,4.2452,2.5113,2.6703,4.3129,0.83813,2.0504,4.2379,1.5357,2.4924,3.9017,3.0095,2.8428,5.8351,1.2397,1.98,4.2417,1.7101,1.7225,4.244,1.2914,2.2306,4.2405,0.83281,2.0549,4.2032,2.9149,2.8444,4.5249,5.7186,2.7778,1.4795,1.2408,2.8106,3.6271,0.93178,2.1512,3.024,2.4876,2.0603,4.444,1.4791,1.6894,3.9005,0.67008,2.5884,3.8789,1.9968,1.7673,3.4682,1.0876,2.4267,3.098,0.26898,2.2918,3.5606,1.7595,1.6602,3.3877,2.0834,2.7962,4.3934,1.7797,1.6606,3.3886,1.5036,1.6681,3.9196,0.38225,2.1389,3.2005,2.0551,2.3767,4.4012,1.5068,1.6741,3.2128,0.82051,1.8935,2.7728,3.0154,2.8391,5.8315,1.9902,1.7602,3.4672,0.9944,2.7097,2.8796,1.787,2.5829,3.9835,0.63237,1.8749,2.7801,1.0665,2.4397,3.071,1.8946,1.9235,4.4872,1.6896,1.6823,3.8961,0.5252,2.1985,3.7829,1.2438,2.4448,3.8119,1.0321,2.0846,3.2624,2.5661,2.3059,4.2922,2.078,2.168,4.6812,1.4744,1.6724,3.9145,1.8902,1.9368,4.4885,1.4927,2.1716,3.2623,0.82501,2.1132,3.1707,2.4179,2.3842,4.3257,1.9639,2.5831,4.8913,1.9694,2.6017,4.882,2.5632,2.3018,4.2861,1.3134,2.4976,3.9393,1.7033,2.2475,4.3094,2.2045,3.0483,4.1354,0.5267,2.4527,2.5067,1.5331,2.0405,4.604,2.0577,3.0595,3.9954,0.38092,2.3747,3.4207,1.6555,1.6289,4.0844,0.72525,2.0552,3.0916,2.2386,2.2648,4.6568,0.63058,2.5711,3.0209,1.001,2.1148,3.2609,0.11201,2.8939,1.9317,1.9945,2.0226,4.5881,2.5645,2.3161,4.2758,2.6162,2.3299,5.1827,2.0956,2.7926,4.3854,1.1163,1.8533,3.9602,4.645,2.9725,0.54444,0.89144,2.1397,3.0455,1.3287,2.0996,4.2673,1.0813,2.1166,3.5046,2.2639,2.7419,4.5337,1.6847,1.5999,4.1558,1.146,2.5465,3.0694,0.74014,2.4327,3.7643,2.0816,1.9095,3.7241,1.5783,2.4525,3.4741,1.6332,2.5473,3.6006,1.6377,1.6718,4.2612,2.0814,2.7896,4.5625,2.1194,2.7856,4.6012,3.3241,2.7915,6.0929,1.7038,1.6078,4.1702,1.7231,1.9887,3.4385,2.1943,2.9448,4.9979,1.1492,2.5526,3.0765,2.6316,2.4386,4.9899,1.0133,2.6189,4.085,1.5828,2.4483,3.4834,1.1655,1.83,4.1005,1.6638,1.6252,4.0839,1.714,1.984,3.4424,0.15009,2.9399,3.214,2.8923,2.2835,4.5715,1.3471,1.9551,4.2309,1.2518,2.6628,3.335,1.4467,2.4543,3.3549,1.8198,1.971,3.7111,1.9441,2.3589,4.0011,1.0974,2.2994,3.1964,2.5307,2.0318,5.1722,1.2163,2.678,3.3064,1.4482,2.4646,3.35,0.22903,2.9689,3.2788,0.68325,1.8182,2.8918,1.7055,2.0269,4.4407,1.4929,1.8611,4.1361,5.4813,2.8954,1.8117,0.8177,2.1343,2.8063,0.99157,2.6233,4.0723,2.2134,2.5284,3.6371,2.6392,2.4175,4.979,2.833,2.6831,4.5258,2.1192,2.4927,4.5251,2.3511,2.113,4.1876,0.76606,2.019,3.3483,0.37175,2.4656,2.9195,0.5887,2.1518,3.7563,2.4212,2.5001,4.4616,0.7819,2.4372,2.8882,1.2687,1.5779,4.3045,1.6864,1.9981,3.4577,0.06101,2.6848,2.071,3.2862,2.9462,0.0069773,0.79203,2.4218,2.896,1.6542,1.6402,4.0948,1.5059,1.8361,3.1908,0.76203,2.4408,2.8603,2.1823,2.3411,4.9528,1.1527,2.5582,3.0914,1.0599,2.0101,3.5249,0.51286,1.9936,3.2612,1.7077,1.9919,3.4458,2.4108,2.0812,4.1806,2.1493,2.154,4.977,1.3073,1.7492,3.807,0.71265,1.9802,2.7603,2.1472,2.1527,4.9821,2.2973,2.1975,4.4708,1.5616,2.3171,3.9669,4.1978,2.9962,0.1243,1.9437,2.3618,3.9988,0.8079,1.9691,4.1208,1.1783,2.5877,4.2207,3.5018,2.846,6.081,1.5611,1.6067,3.2805,0.30693,2.3148,3.413,5.1055,2.9863,1.0085,0.53974,2.7904,3.2529,1.25,2.5123,2.9884,2.1691,2.1421,4.9697,1.5004,2.0916,4.3618,1.5494,1.6229,3.307,1.4002,2.9206,3.3427,0.50845,2.4298,2.7544,0.90757,2.4473,2.9969,0.22133,2.6262,3.3427,1.6377,2.285,4.1506,0.48276,2.4347,2.7347,1.0522,2.1975,3.6523,1.3798,1.8008,4.2967,0.30711,2.314,3.413,1.5459,1.6097,3.2842,0.51017,2.4265,2.7508,2.9898,2.8676,5.9258,1.976,2.5896,4.0237,1.9947,2.1926,4.5974,2.5739,2.7567,5.2478,1.861,1.9637,3.8895,1.317,1.8154,3.7023,2.1841,2.1481,4.9855,1.4289,2.6418,4.0124,0.92502,3.0682,2.7436,4.639,2.9747,0.3618,1.2492,2.7041,4.3133,1.8944,1.9528,3.8883,1.2341,2.6382,2.8569,0.34886,2.7827,2.952,0.97262,2.8931,4.1572,0.55588,2.512,2.5831,0.70978,1.9511,2.9641,0.55659,2.4146,3.4245,1.6015,2.181,4.2528,1.244,2.7098,4.339,0.63177,1.9648,3.1014,1.987,1.8798,3.8033,1.216,1.8497,3.6579,2.4383,2.7004,4.9512,1.3915,1.5356,4.1844,1.3749,2.1508,3.186,0.65142,1.9719,3.0935,0.52912,2.4143,2.598,1.6586,2.2855,4.1427,2.4192,2.7,4.9629,0.62192,1.9726,3.0901,1.5791,1.7114,3.3274,0.64704,3.0283,2.5282,0.57763,2.5146,2.5923,2.9726,2.7437,5.9414,6.1626,2.8675,2.5385,4.5561,2.9761,0.26009,2.3708,2.3867,3.7533,1.0255,3.0827,3.8467,1.3967,2.3044,3.5485,0.67887,3.0892,3.4928,2.382,2.2265,3.797,1.2205,1.8496,3.6614,2.4217,2.332,4.5715,2.5867,2.6361,4.0587,1.2577,2.6952,4.3489,1.8669,1.96,3.8904,1.1568,2.7927,3.682,2.4273,2.4512,5.0643,1.556,2.6302,3.3057,2.1627,2.1985,4.098,0.79945,1.9259,3.3797,2.3924,2.3987,3.7635,2.3663,2.4001,3.7443,2.2079,1.9065,4.9244,2.6491,2.2878,4.803,2.38,2.236,3.805,1.4053,1.5898,3.8512,2.4514,2.6948,4.9698,1.8718,1.9591,3.8956,0.77518,2.1426,4.0083,1.6204,1.8324,4.2723,2.4311,2.6891,4.9727,1.4437,2.3911,3.2655,5.8908,2.8756,2.181,1.8444,1.7858,3.4954,1.997,3.0091,4.308,2.0269,1.9542,4.7652,1.1198,2.5843,4.2845,1.9043,2.1476,4.8701,1.6136,1.8011,3.9648,1.6142,2.0023,3.3866,1.06,2.7683,3.6158,0.92735,2.8409,3.8127,1.4164,2.4243,3.8703,1.154,2.7845,3.6748,1.8097,1.7986,4.0919,0.8864,2.4527,2.7728,1.9079,2.0807,4.3804,0.05707,2.7919,2.8371,1.0832,1.9649,4.2752,0.95056,2.3093,3.0391,1.6228,2.3955,4.5788,0.97451,2.0866,2.8354,0.72715,2.006,2.7288,1.6091,1.7997,3.9659,0.91255,2.4472,2.7981,1.3753,1.5902,3.8412,2.7735,2.6001,4.6289,1.0955,2.154,3.6295,1.1532,2.7922,3.6734,1.9748,2.0085,4.471,1.0637,1.9777,4.2583,1.8531,1.6511,3.4478,1.6594,2.4961,3.9979,2.1309,2.544,4.9231,2.1618,2.3866,3.6826,1.1677,3.0602,3.3991,1.455,1.4606,4.2392,0.59915,3.0101,3.6116,1.6173,1.7482,4.2313,0.73929,2.0074,2.7353,0.68013,2.1928,3.9677,2.6886,2.6093,4.5352,2.029,2.1192,3.435,1.3675,2.8979,3.5284,1.1078,2.2291,3.6383,2.5323,2.0123,4.4612,1.4881,1.7257,4.4251,1.5756,2.587,3.5739,2.0502,2.3091,4.0781,2.6665,2.3279,4.9803,0.46105,2.5113,2.9892
0.066333,495.36,0.0031848,432.73,593.2,427.73,501.34,490.33,521.84,574.96,514.27,489.49,505.79,650.13,403.23,513.87,566.43,543.79,487.73,499.47,387.31,389.46,516.14,485.44,412.72,544.82,415.88,457.71,502.88,594.23,324.34,552.08,459.11,483.84,376.73,586.87,525.97,602.23,539.07,453.17,498.75,590.59,562.85,399.56,614.6,394.84,511.56,478.41,542.19,541.09,571.36,496.33,528.47,481.81,584.58,560.27,548.39,461.49,553.24,501.64,445.69,631.54,549.3,524.37,588.86,406.14,476.53,448.09,517.4,448.12,616.42,506.12,495.03,479.71,503.7,502.86,426.38,454.05,521.05,476.04,544.89,541.04,507.96,537.27,562.91,439.11,536.55,350.61,558.66,455.45,508.32,461.89,526.74,547.48,463.12,445.04,468.44,431.9,485.94,618.17,410.98,458.91,558.34,572.38,609.15,543.42,509.65,531.31,647.81,508.38,422.77,491.47,563.1,433.46,519.81,557.84,346.12,571.15,490.52,557.57,538.97,526.15,379.3,525.06,575.69,396.19,450.45,463.92,562.97,379.53,534.02,546.73,532.61,499.38,579.16,485.26,447.87,585.28,514.92,498.36,553.78,546.0,505.7,435.08,518.18,558.13,440.82,453.31,639.11,407.0,479.19,590.33,421.6,454.02,654.79,476.25,320.9,573.75,550.64,566.61,489.65,597.69,461.27,444.22,362.37,432.25,431.71,506.41,387.58,533.24,559.48,418.72,473.73,511.01,539.87,449.95,515.31,470.53,459.68,452.46,457.99,646.42,486.94,567.69,609.45,482.53,556.41,478.09,617.17,493.33,459.45,572.36,647.7,502.9,543.93,524.59,454.16,550.22,493.52,514.5,488.83,505.39,462.31,515.97,489.07,509.04,490.6,490.59,512.19,444.26,563.17,559.06,483.04,455.93,397.41,491.22,601.32,443.79,461.13,617.46,472.38,505.4,521.26,505.1,493.96,567.89,579.08,410.81,550.83,435.15,537.67,484.65,559.47,413.22,555.99,557.2,386.08,543.21,496.9,334.15,543.2,425.48,496.53,509.53,405.0,487.84,516.63,418.33,531.75,578.46,510.39,405.1,559.42,467.69,499.68,494.35,398.45,555.91,671.42,450.05,439.8,458.82,607.13,518.7,461.51,566.07,339.75,365.94,444.69,566.01,475.26,453.54,513.22,613.29,433.81,452.13,417.63,541.81,440.8,517.82,512.24,0.003304,0.0037806,0.0031144,0.0031101,0.0032675,0.0032826,0.0034538,0.0034404,0.003208,0.0033628,0.0038576,0.0028443,0.0032701,0.0034791,0.0037252,0.003159,0.0032255,0.0028178,0.0026036,0.0036098,0.0032581,0.0029714,0.0036368,0.0028877,0.0031124,0.0031207,0.0037201,0.0026255,0.0037425,0.0028563,0.0030679,0.0025909,0.0035096,0.0032706,0.0037565,0.0033112,0.003162,0.0033725,0.003434,0.0032052,0.0025295,0.0038287,0.0027783,0.0031388,0.0031155,0.0032361,0.0031372,0.0033688,0.0031863,0.002834,0.0031732,0.0037233,0.0031087,0.0033864,0.0031661,0.0032492,0.0033239,0.0031884,0.0037774,0.0038024,0.003305,0.0037452,0.0031543,0.0034625,0.0030506,0.0034446,0.0031748,0.0037873,0.0031913,0.0035327,0.0031544,0.003014,0.0033029,0.0030278,0.0031632,0.0031236,0.0030259,0.0035466,0.0036389,0.0032454,0.0035768,0.0034548,0.0027134,0.0029697,0.0026917,0.0033676,0.0031157,0.0031963,0.0029076,0.0032868,0.0032992,0.0031115,0.0029638,0.0029432,0.0028432,0.0028831,0.0038321,0.0027631,0.0029157,0.0033602,0.0034736,0.0037908,0.0033007,0.0034393,0.0033994,0.0036008,0.0032451,0.0030001,0.0028353,0.0037712,0.0030716,0.0034779,0.0034768,0.0027584,0.0035144,0.0031161,0.003409,0.0033057,0.0034409,0.0029259,0.0035547,0.0033777,0.0029352,0.0029454,0.0031653,0.0036341,0.0027228,0.0034332,0.0035471,0.0034977,0.0033156,0.003392,0.0029629,0.0028856,0.0036318,0.0035752,0.0031286,0.0034041,0.003618,0.0031198,0.0029362,0.0028145,0.0033855,0.0030362,0.0032526,0.003359,0.0027978,0.0032435,0.0034519,0.0026229,0.0031158,0.0041485,0.003073,0.0024956,0.0033328,0.0032518,0.0036065,0.0033966,0.0035722,0.0028786,0.0028536,0.0025366,0.0029461,0.0029187,0.003035,0.0026986,0.0033531,0.0034718,0.0028045,0.002959,0.0027198,0.0033894,0.0031508,0.0031316,0.0029965,0.0031768,0.0030302,0.003003,0.0035004,0.0029685,0.0034215,0.0033495,0.0031651,0.0035385,0.0033471,0.0035137,0.0030736,0.003016,0.0033611,0.0034275,0.0033218,0.0033243,0.0033465,0.003783,0.0032593,0.0032643,0.0032335,0.0032926,0.0032949,0.0031065,0.0032008,0.0031413,0.0033127,0.0030442,0.004024,0.003238,0.0032432,0.0033202,0.0032831,0.0032042,0.0031005,0.0027539,0.0030549,0.0037187,0.0032465,0.0031553,0.0034533,0.003036,0.0033968,0.0033272,0.0032198,0.0031546,0.0033265,0.0035468,0.0028236,0.0034785,0.0028704,0.0031788,0.0033561,0.0031001,0.0028424,0.003141,0.003586,0.0027109,0.0033741,0.0029204,0.0029141,0.003426,0.0027795,0.0032008,0.0032413,0.002855,0.0030556,0.0031512,0.0027244,0.0032761,0.003627,0.0035375,0.0028414,0.0035725,0.002945,0.0033231,0.0030986,0.002566,0.0030183,0.003892,0.0029168,0.0031973,0.0028799,0.0037752,0.0032481,0.0030741,0.0031618,0.002681,0.0027131,0.0029268,0.0035892,0.0029923,0.0031327,0.0035572,0.003398,0.0029291,0.0027015,0.0027622,0.0032127,0.0030324,0.0032302,0.0030204,652860.0,527600.0,4051000.0,2361500.0,1063500.0,5504200.0,2008000.0,2411200.0,2983400.0,2907700.0,715790.0,4946000.0,1272400.0,3886200.0,2497000.0,4962200.0,4006100.0,1313700.0,3439700.0,2457300.0,3280300.0,11623000.0,939160.0,6172800.0,733680.0,8929900.0,1559800.0,1804700.0,799240.0,3153800.0,1663100.0,5695800.0,23134000.0,2470300.0,2681400.0,4250800.0,1211200.0,1483800.0,1623100.0,2037800.0,1036500.0,2054600.0,998900.0,7322600.0,2384900.0,1789300.0,1464100.0,2229500.0,15638000.0,933030.0,7138100.0,3914300.0,695400.0,3830400.0,1057500.0,2604500.0,17325000.0,31464000.0,2325700.0,1698300.0,1501900.0,2783800.0,1015700.0,1887600.0,3336500.0,787200.0,2814400.0,1901400.0,3839200.0,2700300.0,1417200.0,1096800.0,14691000.0,5032200.0,1313700.0,3541200.0,1639800.0,944740.0,2521800.0,3636500.0,1267500.0,875270.0,2074100.0,856130.0,1823800.0,2791600.0,4851100.0,4107200.0,2293000.0,5593500.0,1274600.0,9165300.0,4558400.0,997350.0,1628100.0,875890.0,1738300.0,3439800.0,9756100.0,1694900.0,16185000.0,1389000.0,9707100.0,1601000.0,3111800.0,1248900.0,1595600.0,12279000.0,5012700.0,2131600.0,3788800.0,2346100.0,1178000.0,645020.0,3343500.0,11411000.0,2365500.0,1449300.0,738260.0,1883600.0,722040.0,1169800.0,2174300.0,8636100.0,4069700.0,2575300.0,3026200.0,2316200.0,1468700.0,757990.0,10124000.0,2341800.0,3477500.0,2031800.0,1344300.0,1016600.0,1973900.0,1030900.0,2818800.0,3841500.0,1137500.0,1448700.0,2060900.0,1490700.0,2159300.0,2379200.0,867820.0,6776700.0,1483200.0,9209400.0,6039000.0,796610.0,10241000.0,798180.0,1257100.0,18495000.0,669880.0,11896000.0,704520.0,5463300.0,3620500.0,3728500.0,2594300.0,5128500.0,4299400.0,4138300.0,945220.0,4052400.0,1605800.0,6226400.0,1476500.0,7458600.0,1058700.0,729360.0,3925100.0,2935000.0,1917500.0,8220700.0,2222600.0,929290.0,1207100.0,3637800.0,3493100.0,1909700.0,1445200.0,720570.0,6685600.0,5169700.0,2290100.0,619540.0,17391000.0,3256600.0,5152600.0,1119800.0,17904000.0,5318100.0,1077700.0,8409500.0,1326800.0,1407500.0,3909300.0,5195800.0,785010.0,1609000.0,953500.0,1742800.0,1536400.0,1428600.0,7692300.0,2295200.0,1389900.0,12034000.0,2729100.0,1213300.0,1238200.0,3194500.0,932670.0,4580100.0,1110300.0,1813100.0,7912700.0,4355400.0,685140.0,1393400.0,9817300.0,5161200.0,4960900.0,15079000.0,2942700.0,1891900.0,2294600.0,2933500.0,3129200.0,1844900.0,1714400.0,2219900.0,1469200.0,7074000.0,638180.0,3583000.0,8148600.0,8705300.0,1826300.0,5270900.0,3949100.0,4910800.0,847070.0,1117100.0,5283500.0,1523800.0,6462500.0,3415400.0,6961300.0,1931200.0,1605900.0,1559300.0,1065700.0,1101400.0,2250300.0,1018100.0,5082200.0,3404400.0,3048000.0,2817500.0,2386500.0,1906100.0,15335000.0,13457000.0,3518500.0,3147900.0,1932600.0,4368700.0,3283600.0,640970.0,2021700.0,760960.0,3461100.0,1947300.0,1.5238,1.8305,4.1596,1.2916,2.2275,4.2326,1.2184,1.9708,4.2474,2.5134,2.6717,4.3147,0.83414,2.0482,4.2423,1.5386,2.4944,3.9034,3.0106,2.8435,5.8394,1.2416,1.9783,4.2434,1.7031,1.723,4.2431,1.2939,2.2314,4.2437,0.82725,2.0536,4.2013,2.92,2.8462,4.5288,5.7192,2.7779,1.4812,1.2421,2.8036,3.6287,0.92701,2.1524,3.0241,2.4887,2.0624,4.4443,1.4799,1.6913,3.8997,0.67185,2.5924,3.8775,1.9954,1.7683,3.4672,1.0908,2.4228,3.1065,0.26779,2.2934,3.5594,1.755,1.658,3.3881,2.0735,2.7902,4.384,1.7779,1.6592,3.3886,1.5086,1.6667,3.9222,0.37926,2.1403,3.1996,2.0589,2.381,4.4046,1.5118,1.6755,3.2156,0.81865,1.8975,2.7725,3.0178,2.8386,5.8355,1.9868,1.7601,3.4658,0.99251,2.7083,2.8797,1.7809,2.5815,3.9802,0.63314,1.8765,2.7767,1.0656,2.4385,3.0746,1.8942,1.9254,4.4861,1.6912,1.6799,3.8964,0.52868,2.1975,3.791,1.2538,2.4497,3.8174,1.0363,2.0898,3.2606,2.5701,2.3078,4.293,2.0803,2.1719,4.6824,1.474,1.6717,3.9155,1.8891,1.9407,4.4875,1.4929,2.172,3.2611,0.8252,2.1204,3.1667,2.4179,2.3868,4.3281,1.9667,2.5792,4.8905,1.9745,2.6025,4.8816,2.5664,2.3031,4.2861,1.3185,2.4996,3.9379,1.7068,2.2506,4.3126,2.2286,3.0451,4.1572,0.53181,2.4491,2.5138,1.5312,2.0378,4.6037,2.0548,3.058,3.9905,0.37814,2.3749,3.4168,1.6545,1.6284,4.0847,0.7286,2.0621,3.0901,2.2378,2.2692,4.6592,0.63211,2.5619,3.026,0.99963,2.1244,3.2584,0.10812,2.8947,1.9232,1.9943,2.0302,4.5886,2.568,2.3195,4.2731,2.6041,2.3278,5.1782,2.0854,2.7862,4.3732,1.1235,1.8534,3.9632,4.648,2.9667,0.54933,0.89206,2.1433,3.0437,1.3328,2.0995,4.2682,1.0863,2.1229,3.5069,2.2527,2.7388,4.5228,1.6815,1.5997,4.1553,1.1467,2.5442,3.071,0.73805,2.4344,3.7635,2.0872,1.9054,3.7209,1.574,2.4557,3.4751,1.6275,2.552,3.5995,1.6333,1.6698,4.2634,2.0755,2.7849,4.5573,2.1189,2.7804,4.6024,3.3188,2.793,6.0898,1.7045,1.6091,4.1724,1.7275,1.9854,3.4357,2.2078,2.9454,5.0132,1.1495,2.5518,3.0782,2.6295,2.437,4.99,1.012,2.6223,4.0891,1.5787,2.4508,3.4863,1.1613,1.8366,4.1004,1.6642,1.624,4.0837,1.7162,1.9802,3.4407,0.12431,2.9384,3.1921,2.8954,2.2814,4.5739,1.353,1.9558,4.2362,1.2532,2.6578,3.3392,1.4433,2.4537,3.3573,1.8164,1.968,3.7084,1.9422,2.3638,4.0036,1.0971,2.3028,3.1978,2.5295,2.0279,5.1769,1.2121,2.675,3.3061,1.4446,2.4659,3.3519,0.21574,2.9732,3.2666,0.68386,1.8212,2.8869,1.7063,2.0264,4.4454,1.4969,1.86,4.1397,5.4683,2.8935,1.8025,0.81748,2.137,2.811,0.98595,2.6275,4.0735,2.2247,2.5284,3.6406,2.6382,2.4119,4.9766,2.8384,2.6789,4.5271,2.1115,2.4857,4.5243,2.3518,2.1152,4.187,0.76625,2.0257,3.3479,0.38083,2.4638,2.9272,0.58568,2.1543,3.7647,2.4277,2.4976,4.4682,0.78793,2.4325,2.895,1.2716,1.5774,4.308,1.6834,1.9967,3.4592,0.07128,2.6839,2.0751,3.3024,2.9472,0.025817,0.8006,2.4139,2.9051,1.6529,1.6415,4.0964,1.508,1.8316,3.1924,0.76474,2.4368,2.862,2.1854,2.3394,4.9522,1.155,2.5576,3.0963,1.0708,2.02,3.529,0.508,1.9972,3.2624,1.7095,1.9888,3.4449,2.415,2.0819,4.1777,2.1511,2.154,4.9772,1.3109,1.7486,3.8086,0.71775,1.9813,2.7612,2.1486,2.1529,4.9832,2.293,2.2001,4.4733,1.561,2.3233,3.9681,4.1974,2.993,0.12217,1.9409,2.367,3.9996,0.80205,1.9699,4.1218,1.18,2.5912,4.2225,3.4992,2.8443,6.082,1.5662,1.6051,3.2796,0.30331,2.3184,3.413,5.0968,2.9854,0.99319,0.53735,2.7915,3.2542,1.2479,2.5135,2.9912,2.1733,2.1401,4.968,1.5056,2.0911,4.3647,1.5533,1.6234,3.3113,1.4049,2.9193,3.3394,0.51942,2.4258,2.7616,0.90459,2.4453,2.997,0.22105,2.6279,3.3428,1.6435,2.2917,4.1564,0.49062,2.4324,2.7391,1.053,2.2036,3.6503,1.3775,1.7993,4.2974,0.30404,2.317,3.4137,1.5486,1.6085,3.2839,0.52235,2.4216,2.7576,2.9916,2.8671,5.9314,1.9689,2.5873,4.0211,1.9997,2.1957,4.5998,2.5612,2.7528,5.2414,1.8557,1.9632,3.8865,1.3213,1.8144,3.7054,2.1911,2.147,4.9866,1.4325,2.6383,4.0123,0.89455,3.0651,2.7082,4.631,2.9722,0.35357,1.2476,2.7084,4.3097,1.8926,1.9522,3.8891,1.2318,2.6391,2.8556,0.3478,2.7842,2.9533,0.97858,2.8942,4.1617,0.55387,2.5099,2.5846,0.71138,1.9557,2.9579,0.55862,2.4183,3.4233,1.6081,2.1823,4.2582,1.2422,2.7148,4.3406,0.63051,1.9683,3.0972,1.9887,1.8764,3.8004,1.2201,1.8506,3.6605,2.4308,2.6954,4.9422,1.394,1.5385,4.1866,1.3718,2.1499,3.1879,0.65398,1.9773,3.0882,0.54039,2.4074,2.6031,1.6659,2.2916,4.1458,2.4105,2.6951,4.9578,0.61893,1.9775,3.0842,1.5816,1.7114,3.3275,0.6672,3.0262,2.5422,0.57894,2.5135,2.5945,2.985,2.7435,5.9526,6.1594,2.8682,2.5381,4.5344,2.973,0.2348,2.3752,2.3819,3.7522,1.0604,3.0825,3.8893,1.3885,2.3143,3.5453,0.64495,3.0909,3.4655,2.3842,2.2239,3.7938,1.2248,1.8498,3.6648,2.4203,2.3311,4.5741,2.5872,2.6384,4.0648,1.2571,2.697,4.3514,1.8626,1.9589,3.8872,1.1641,2.7912,3.6889,2.4226,2.4445,5.0581,1.5471,2.6309,3.3081,2.1612,2.2013,4.0975,0.8007,1.9304,3.3808,2.3998,2.3961,3.7649,2.3691,2.3976,3.7419,2.213,1.911,4.9298,2.6489,2.2872,4.8048,2.3825,2.2353,3.8034,1.4099,1.5905,3.8544,2.4481,2.6893,4.9656,1.8685,1.9579,3.8934,0.77412,2.1425,4.0176,1.6236,1.832,4.2749,2.4241,2.6821,4.9692,1.443,2.3913,3.2665,5.8828,2.8743,2.1757,1.8409,1.783,3.4995,1.9982,3.0054,4.307,2.0301,1.9554,4.7678,1.1242,2.5856,4.2874,1.9094,2.1473,4.8722,1.6129,1.8002,3.9643,1.6165,2.0007,3.385,1.0705,2.7661,3.6269,0.93065,2.8423,3.814,1.4238,2.4309,3.8758,1.1608,2.7811,3.68,1.8046,1.7979,4.0913,0.88167,2.4509,2.7733,1.9075,2.0833,4.3799,0.054747,2.7908,2.8379,1.0822,1.9659,4.278,0.95164,2.3036,3.0451,1.621,2.3954,4.5771,0.97306,2.0862,2.8357,0.72369,2.0071,2.726,1.6083,1.7985,3.9654,0.91245,2.4445,2.8031,1.3744,1.5905,3.8422,2.7737,2.6021,4.627,1.098,2.1575,3.6299,1.1608,2.79,3.679,1.9746,2.0132,4.47,1.0597,1.9808,4.2581,1.8529,1.6514,3.4474,1.6586,2.4989,3.9976,2.1342,2.5416,4.9229,2.1628,2.3877,3.6771,1.1647,3.0572,3.396,1.4564,1.4599,4.2404,0.5968,3.0119,3.6128,1.6157,1.7469,4.2308,0.7382,2.009,2.7339,0.67825,2.1925,3.9724,2.6882,2.6106,4.5345,2.0362,2.1178,3.4345,1.3653,2.8922,3.5269,1.1133,2.237,3.6388,2.5327,2.0151,4.4596,1.4873,1.7236,4.4257,1.5685,2.5856,3.5724,2.0475,2.3136,4.0797,2.6578,2.3188,4.9749,0.46417,2.5074,2.9953
0.07408,511.53,0.0032885,446.64,615.68,442.26,517.22,508.96,538.69,592.42,530.6,504.75,522.38,674.74,414.71,529.18,586.41,567.13,501.94,516.15,399.49,400.5,535.38,501.74,425.41,561.78,428.01,473.66,518.05,616.59,333.6,572.09,472.27,497.87,386.1,607.75,542.21,624.14,557.3,467.42,518.09,612.36,577.98,411.55,636.84,405.34,528.61,493.93,559.43,558.55,591.27,512.32,544.04,497.2,606.69,578.31,569.11,477.06,570.99,518.91,459.98,654.2,570.8,543.16,612.51,415.68,491.12,461.61,535.02,462.01,632.3,522.48,512.42,492.07,520.67,519.97,439.14,469.6,536.21,491.89,563.68,559.85,524.52,554.42,580.08,451.69,554.17,360.88,578.18,469.98,525.8,476.65,544.06,567.22,476.71,457.35,484.34,445.18,499.49,640.52,423.77,472.75,578.54,592.26,632.53,562.29,528.86,550.37,671.48,526.73,436.29,505.64,582.73,447.33,538.47,577.39,355.0,590.8,506.68,577.47,556.28,540.98,392.37,542.71,594.19,410.47,464.03,477.92,586.97,391.75,550.98,566.86,552.58,515.65,599.97,500.16,461.43,605.55,531.22,514.33,570.63,565.15,521.5,449.54,531.98,579.19,454.41,466.29,658.12,419.59,495.12,607.95,433.31,468.85,681.76,491.57,330.94,587.95,570.6,586.56,506.37,619.28,474.19,457.92,371.2,444.85,444.99,523.79,399.18,551.78,578.41,428.7,487.71,526.49,558.65,461.97,532.21,485.74,474.3,464.7,471.68,667.18,503.73,586.11,632.79,497.7,577.41,493.35,639.07,510.82,472.67,592.72,673.11,520.53,563.36,543.12,474.67,568.5,509.92,533.76,503.36,521.5,477.08,531.38,504.25,525.66,506.47,516.17,529.29,459.39,579.97,579.33,500.0,468.59,409.32,506.83,624.23,460.67,475.6,635.12,487.07,523.37,538.39,521.28,510.16,586.75,597.28,423.27,573.06,448.27,555.11,499.81,574.68,425.2,574.02,577.29,395.91,560.44,512.61,344.94,561.24,436.45,512.75,527.11,416.28,504.04,532.65,428.6,550.09,598.47,526.23,416.42,577.64,481.77,516.51,511.08,408.54,572.97,695.76,464.63,452.88,472.18,627.24,536.41,477.21,582.88,347.7,375.19,457.89,583.67,490.91,467.98,533.22,631.75,448.89,463.74,428.19,560.66,452.78,537.66,526.7,0.003421,0.0039187,0.0032152,0.0032065,0.0033858,0.0033864,0.0035671,0.0035548,0.0033165,0.0034777,0.0040037,0.00293,0.0033764,0.0036018,0.0038701,0.0032513,0.0033379,0.0029032,0.002673,0.0037394,0.0033686,0.0030666,0.0037568,0.0029751,0.0032205,0.0032193,0.0038529,0.0027011,0.0038724,0.0029374,0.0031582,0.0026548,0.0036337,0.0033717,0.0038902,0.0034247,0.0032585,0.0034988,0.0035623,0.0033004,0.0025904,0.0039682,0.0028577,0.0032445,0.0032159,0.0033409,0.0032353,0.0034858,0.0032871,0.0029069,0.0032737,0.0038592,0.0032055,0.0035109,0.003265,0.0033534,0.003441,0.00329,0.003921,0.0039463,0.0034195,0.0038973,0.0032431,0.003578,0.0031437,0.0035636,0.0032705,0.0039019,0.0032908,0.0036511,0.0032403,0.0031117,0.0034114,0.0031216,0.0032634,0.0032146,0.0031237,0.0036685,0.0037615,0.0033591,0.0036949,0.0035636,0.0027855,0.0030627,0.0027682,0.0034834,0.00321,0.0032994,0.0030002,0.0033932,0.0034209,0.0032072,0.0030496,0.0030402,0.002932,0.0029694,0.0039752,0.002844,0.0030041,0.0034816,0.0035907,0.0039306,0.0034126,0.0035628,0.0035272,0.0037301,0.003357,0.0030964,0.0029189,0.0038942,0.0031709,0.0035998,0.003594,0.0028353,0.0036402,0.003218,0.0035257,0.0034146,0.003552,0.0030204,0.0036741,0.003496,0.0030357,0.0030366,0.003265,0.0037871,0.0028095,0.0035471,0.0036753,0.0036231,0.0034231,0.0035161,0.0030553,0.0029744,0.0037605,0.0036878,0.0032287,0.0035099,0.0037343,0.0032152,0.0030274,0.0028913,0.0035118,0.003135,0.0033472,0.003461,0.0028827,0.0033565,0.0035613,0.0026972,0.0032151,0.0043071,0.0031735,0.0025659,0.0034297,0.003368,0.003731,0.0035157,0.0037031,0.0029587,0.0029403,0.0026014,0.0030356,0.0030136,0.0031351,0.0027822,0.0034682,0.003586,0.0028772,0.0030507,0.0028023,0.0035036,0.0032415,0.003239,0.0030884,0.003278,0.0031142,0.0030923,0.0036118,0.003066,0.003535,0.0034751,0.0032668,0.0036736,0.003456,0.0036445,0.0031761,0.0031025,0.0034758,0.0035528,0.0034364,0.0034413,0.0034639,0.0039296,0.0033682,0.0033739,0.0033471,0.003402,0.0034009,0.0032077,0.0033002,0.0032403,0.0034224,0.003137,0.0042091,0.00334,0.0033527,0.0034234,0.0033955,0.0033138,0.0031888,0.0028347,0.0031479,0.0038572,0.0033578,0.0032561,0.0035543,0.0031266,0.003513,0.0034423,0.0033217,0.0032547,0.0034423,0.003662,0.0029081,0.0036151,0.0029582,0.0032827,0.0034611,0.0031847,0.0029218,0.0032373,0.0037161,0.0027787,0.003481,0.0030062,0.0030056,0.0035415,0.0028576,0.0033063,0.0033498,0.0029413,0.003148,0.0032464,0.0027875,0.0033881,0.0037528,0.0036525,0.0029174,0.0036886,0.0030316,0.0034305,0.003202,0.0026309,0.0031079,0.0040406,0.0030092,0.0032981,0.0029602,0.0038965,0.003354,0.0031747,0.0032578,0.0027554,0.0027849,0.0030171,0.0037052,0.0030883,0.0032385,0.0036889,0.0035019,0.0030285,0.0027695,0.0028421,0.0033233,0.00312,0.00335,0.0031068,652860.0,527600.0,4051000.0,2361500.0,1063500.0,5504200.0,2008000.0,2411200.0,2983400.0,2907700.0,715790.0,4946000.0,1272400.0,3886200.0,2497000.0,4962200.0,4006100.0,1313700.0,3439700.0,2457300.0,3280300.0,11623000.0,939160.0,6172800.0,733680.0,8929900.0,1559800.0,1804700.0,799240.0,3153800.0,1663100.0,5695800.0,23134000.0,2470300.0,2681400.0,4250800.0,1211200.0,1483800.0,1623100.0,2037800.0,1036500.0,2054600.0,998900.0,7322600.0,2384900.0,1789300.0,1464100.0,2229500.0,15638000.0,933030.0,7138100.0,3914300.0,695400.0,3830400.0,1057500.0,2604500.0,17325000.0,31464000.0,2325700.0,1698300.0,1501900.0,2783800.0,1015700.0,1887600.0,3336500.0,787200.0,2814400.0,1901400.0,3839200.0,2700300.0,1417200.0,1096800.0,14691000.0,5032200.0,1313700.0,3541200.0,1639800.0,944740.0,2521800.0,3636500.0,1267500.0,875270.0,2074100.0,856130.0,1823800.0,2791600.0,4851100.0,4107200.0,2293000.0,5593500.0,1274600.0,9165300.0,4558400.0,997350.0,1628100.0,875890.0,1738300.0,3439800.0,9756100.0,1694900.0,16185000.0,1389000.0,9707100.0,1601000.0,3111800.0,1248900.0,1595600.0,12279000.0,5012700.0,2131600.0,3788800.0,2346100.0,1178000.0,645020.0,3343500.0,11411000.0,2365500.0,1449300.0,738260.0,1883600.0,722040.0,1169800.0,2174300.0,8636100.0,4069700.0,2575300.0,3026200.0,2316200.0,1468700.0,757990.0,10124000.0,2341800.0,3477500.0,2031800.0,1344300.0,1016600.0,1973900.0,1030900.0,2818800.0,3841500.0,1137500.0,1448700.0,2060900.0,1490700.0,2159300.0,2379200.0,867820.0,6776700.0,1483200.0,9209400.0,6039000.0,796610.0,10241000.0,798180.0,1257100.0,18495000.0,669880.0,11896000.0,704520.0,5463300.0,3620500.0,3728500.0,2594300.0,5128500.0,4299400.0,4138300.0,945220.0,4052400.0,1605800.0,6226400.0,1476500.0,7458600.0,1058700.0,729360.0,3925100.0,2935000.0,1917500.0,8220700.0,2222600.0,929290.0,1207100.0,3637800.0,3493100.0,1909700.0,1445200.0,720570.0,6685600.0,5169700.0,2290100.0,619540.0,17391000.0,3256600.0,5152600.0,1119800.0,17904000.0,5318100.0,1077700.0,8409500.0,1326800.0,1407500.0,3909300.0,5195800.0,785010.0,1609000.0,953500.0,1742800.0,1536400.0,1428600.0,7692300.0,2295200.0,1389900.0,12034000.0,2729100.0,1213300.0,1238200.0,3194500.0,932670.0,4580100.0,1110300.0,1813100.0,7912700.0,4355400.0,685140.0,1393400.0,9817300.0,5161200.0,4960900.0,15079000.0,2942700.0,1891900.0,2294600.0,2933500.0,3129200.0,1844900.0,1714400.0,2219900.0,1469200.0,7074000.0,638180.0,3583000.0,8148600.0,8705300.0,1826300.0,5270900.0,3949100.0,4910800.0,847070.0,1117100.0,5283500.0,1523800.0,6462500.0,3415400.0,6961300.0,1931200.0,1605900.0,1559300.0,1065700.0,1101400.0,2250300.0,1018100.0,5082200.0,3404400.0,3048000.0,2817500.0,2386500.0,1906100.0,15335000.0,13457000.0,3518500.0,3147900.0,1932600.0,4368700.0,3283600.0,640970.0,2021700.0,760960.0,3461100.0,1947300.0,1.5239,1.8296,4.1581,1.2933,2.2279,4.2338,1.2166,1.969,4.249,2.515,2.6728,4.316,0.83121,2.0467,4.2454,1.5407,2.4958,3.9046,3.0114,2.8441,5.8426,1.2431,1.9769,4.2447,1.6979,1.7233,4.2425,1.2958,2.232,4.2461,0.82311,2.0525,4.2,2.9238,2.8475,4.5317,5.7197,2.778,1.4824,1.2431,2.7984,3.6298,0.92356,2.1533,3.0241,2.4895,2.0641,4.4446,1.4805,1.6927,3.8991,0.67312,2.5955,3.8764,1.9944,1.769,3.4664,1.093,2.4198,3.1128,0.26685,2.2945,3.5585,1.7516,1.6563,3.3884,2.0664,2.7857,4.3773,1.7766,1.658,3.3885,1.5123,1.6656,3.9241,0.37703,2.1413,3.199,2.0616,2.384,4.407,1.5155,1.6765,3.2177,0.81734,1.9004,2.7722,3.0196,2.8382,5.8385,1.9843,1.76,3.4648,0.99114,2.7072,2.8798,1.7765,2.5804,3.9778,0.63375,1.8775,2.7743,1.065,2.4376,3.0772,1.8938,1.9268,4.4852,1.6923,1.6781,3.8966,0.53133,2.1967,3.7971,1.2613,2.4532,3.8215,1.0394,2.0936,3.2593,2.5731,2.3093,4.2935,2.082,2.1746,4.6833,1.4736,1.6711,3.9162,1.8883,1.9436,4.4867,1.493,2.1723,3.2601,0.82528,2.1257,3.1637,2.4178,2.3888,4.3298,1.9687,2.5762,4.8899,1.9781,2.6031,4.8811,2.569,2.3041,4.286,1.3224,2.501,3.9369,1.7094,2.2529,4.3151,2.2455,3.0428,4.1724,0.53564,2.4464,2.5191,1.5299,2.0358,4.6034,2.0523,3.0569,3.9864,0.37601,2.375,3.4138,1.6537,1.6279,4.085,0.73115,2.0672,3.089,2.2372,2.2722,4.6609,0.63321,2.5552,3.0296,0.99848,2.1313,3.2564,0.10536,2.8952,1.917,1.9942,2.0359,4.5889,2.5706,2.3221,4.2711,2.5952,2.3263,5.1748,2.0778,2.7813,4.3642,1.1289,1.8536,3.9655,4.6499,2.9623,0.55277,0.89249,2.1459,3.0424,1.3359,2.0994,4.2688,1.0899,2.1275,3.5085,2.2444,2.7366,4.5147,1.6792,1.5995,4.1548,1.1472,2.5425,3.0722,0.73643,2.4356,3.7628,2.0913,1.9023,3.7184,1.5707,2.4581,3.4757,1.6232,2.5553,3.5987,1.63,1.6682,4.2649,2.0712,2.7814,4.5534,2.1183,2.7766,4.6032,3.3148,2.7941,6.0876,1.705,1.6102,4.174,1.7308,1.983,3.4336,2.218,2.9458,5.0247,1.1495,2.5513,3.0794,2.6278,2.4358,4.9901,1.0111,2.6248,4.092,1.5756,2.4526,3.4885,1.1582,1.8414,4.1003,1.6644,1.6232,4.0836,1.7178,1.9774,3.4394,0.10552,2.9371,3.1762,2.8976,2.2798,4.5757,1.3574,1.9561,4.2402,1.2541,2.6542,3.3421,1.4407,2.4533,3.3591,1.8138,1.9657,3.7064,1.9408,2.3674,4.0054,1.0969,2.3054,3.1988,2.5287,2.025,5.1804,1.209,2.6727,3.3059,1.4419,2.467,3.3533,0.20565,2.9763,3.2573,0.68424,1.8234,2.8832,1.707,2.026,4.4489,1.4997,1.8591,4.1424,5.4588,2.892,1.7958,0.81739,2.1391,2.8145,0.98174,2.6306,4.0744,2.2329,2.5282,3.6431,2.6374,2.4076,4.9748,2.8423,2.6758,4.5279,2.106,2.4807,4.5239,2.3523,2.117,4.1866,0.76645,2.0307,3.3474,0.38764,2.4624,2.9329,0.58346,2.1561,3.771,2.4325,2.4957,4.4729,0.79214,2.4292,2.8998,1.2738,1.5771,4.3104,1.6812,1.9955,3.4604,0.07889,2.6832,2.078,3.3145,2.9478,0.039815,0.80664,2.4081,2.9117,1.6519,1.6425,4.0976,1.5095,1.8284,3.1936,0.76651,2.434,2.8632,2.1876,2.3382,4.9518,1.1567,2.5572,3.0999,1.0788,2.0276,3.5321,0.50424,1.9998,3.2633,1.7107,1.9865,3.4443,2.4181,2.0825,4.1753,2.1523,2.154,4.9773,1.3137,1.7481,3.8098,0.72141,1.9821,2.7619,2.1497,2.1531,4.9839,2.2899,2.2021,4.4751,1.5605,2.3279,3.969,4.1973,2.9907,0.12057,1.9387,2.3709,4.0002,0.79778,1.9705,4.1226,1.1811,2.5938,4.2237,3.4971,2.8432,6.0827,1.57,1.6039,3.2789,0.3006,2.3209,3.413,5.0905,2.9848,0.98188,0.53556,2.7923,3.2552,1.2464,2.5143,2.9933,2.1763,2.1388,4.9668,1.5094,2.0908,4.3669,1.5561,1.6238,3.3145,1.4084,2.9185,3.337,0.5274,2.4229,2.7669,0.90244,2.4437,2.997,0.22084,2.6292,3.3428,1.6479,2.2969,4.1606,0.49644,2.4307,2.7424,1.0536,2.208,3.6488,1.3758,1.7981,4.2979,0.3018,2.3191,3.4142,1.5506,1.6076,3.2837,0.53128,2.418,2.7626,2.9927,2.8668,5.9353,1.9635,2.5855,4.019,2.0035,2.198,4.6015,2.5516,2.7499,5.2366,1.8518,1.9627,3.8842,1.3246,1.8136,3.7075,2.1961,2.1462,4.9873,1.4349,2.6358,4.0121,0.87256,3.0628,2.6827,4.6256,2.9703,0.34813,1.2463,2.7116,4.307,1.8911,1.9518,3.8896,1.23,2.6398,2.8544,0.34689,2.7852,2.9543,0.98275,2.895,4.1649,0.55243,2.5083,2.5858,0.71256,1.9591,2.9533,0.56014,2.421,3.4225,1.6131,2.1832,4.2621,1.2407,2.7185,4.3416,0.62961,1.9709,3.094,1.99,1.8739,3.7982,1.2232,1.8513,3.6624,2.4249,2.6917,4.9353,1.396,1.5406,4.1881,1.3694,2.1492,3.1892,0.65594,1.9813,3.0842,0.54836,2.4022,2.6066,1.671,2.296,4.1481,2.404,2.6915,4.954,0.61673,1.981,3.0798,1.5833,1.7115,3.3275,0.68124,3.0246,2.5518,0.57985,2.5127,2.596,2.994,2.7434,5.9609,6.1569,2.8688,2.5377,4.5191,2.9707,0.2168,2.3783,2.3784,3.7514,1.0858,3.0824,3.9203,1.3824,2.3216,3.5429,0.61795,3.0922,3.4436,2.3856,2.2218,3.7912,1.2279,1.8499,3.6673,2.4191,2.3304,4.5759,2.5875,2.6402,4.0694,1.2566,2.6983,4.3532,1.8594,1.9581,3.8848,1.1693,2.79,3.6939,2.4192,2.4396,5.0535,1.5404,2.6314,3.3099,2.16,2.2034,4.0971,0.80146,1.9337,3.3816,2.405,2.3941,3.7658,2.371,2.3958,3.7401,2.2168,1.9144,4.9338,2.6487,2.2868,4.8062,2.3843,2.2348,3.8021,1.4133,1.591,3.8568,2.4456,2.6852,4.9624,1.8659,1.9571,3.8917,0.77334,2.1424,4.0245,1.6259,1.8318,4.2768,2.419,2.6769,4.9666,1.4424,2.3916,3.2673,5.8769,2.8732,2.1718,1.8383,1.781,3.5024,1.9984,3.0025,4.3054,2.0324,1.9563,4.7696,1.1275,2.5866,4.2895,1.9133,2.1471,4.8738,1.6123,1.7996,3.9639,1.6183,1.9995,3.3837,1.0781,2.7644,3.6349,0.93284,2.8433,3.8147,1.4292,2.4356,3.8798,1.1656,2.7786,3.6837,1.8008,1.7974,4.0909,0.87824,2.4496,2.7737,1.9072,2.0853,4.3796,0.052996,2.7899,2.8385,1.0814,1.9667,4.28,0.95238,2.2994,3.0493,1.6195,2.3954,4.5757,0.9719,2.0859,2.8358,0.72121,2.0078,2.724,1.6077,1.7975,3.9649,0.91232,2.4425,2.8068,1.3739,1.5908,3.8429,2.7739,2.6037,4.6256,1.1,2.1601,3.6301,1.1663,2.7883,3.6831,1.9745,2.0168,4.4691,1.0566,1.983,4.2578,1.8527,1.6516,3.4471,1.658,2.5009,3.9973,2.1366,2.5398,4.9226,2.1636,2.3884,3.6731,1.1623,3.0549,3.3935,1.4574,1.4594,4.2412,0.59524,3.0133,3.6138,1.6147,1.7459,4.2304,0.73743,2.0101,2.7329,0.67689,2.1922,3.9758,2.6878,2.6115,4.5338,2.0415,2.1168,3.4341,1.3636,2.8879,3.5257,1.1174,2.2429,3.6391,2.533,2.0172,4.4584,1.4868,1.722,4.4262,1.5631,2.5844,3.5712,2.0455,2.3169,4.0809,2.6515,2.3121,4.9711,0.46641,2.5046,2.9998
0.081766,527.41,0.0033904,460.24,637.66,456.45,532.85,527.14,555.23,609.55,546.43,519.93,538.71,698.88,425.93,544.27,605.97,589.85,515.94,532.41,411.42,411.28,554.1,517.62,437.92,578.37,439.93,489.16,533.04,638.57,342.75,591.63,485.3,511.52,395.25,628.2,558.29,645.58,575.08,481.35,536.98,633.72,592.87,423.43,658.46,415.69,545.28,509.17,576.48,575.7,610.61,527.94,559.35,512.35,628.4,596.17,589.32,492.01,588.42,535.78,474.01,676.43,591.69,561.92,635.49,425.15,505.37,474.81,552.15,475.73,647.78,538.67,529.4,504.3,537.42,536.71,451.65,484.81,550.96,507.6,581.87,578.09,540.61,571.17,596.96,464.16,571.39,370.92,597.24,484.21,542.89,491.19,561.0,586.54,490.02,469.46,499.96,458.09,512.5,662.21,436.42,486.29,598.47,611.7,655.47,580.88,547.67,568.93,694.63,544.77,449.6,519.63,601.79,460.9,556.86,596.53,363.76,609.98,522.46,597.13,573.2,555.39,405.39,560.0,612.29,424.53,477.5,491.59,610.28,403.77,567.38,586.6,572.25,531.52,620.49,514.84,474.73,625.38,547.29,529.86,587.37,583.9,537.03,463.64,545.83,599.84,467.83,479.18,676.87,432.27,510.64,625.47,444.84,483.31,707.79,506.62,340.98,602.32,590.3,606.07,522.64,640.32,487.01,471.52,379.91,457.14,458.12,541.11,410.58,569.89,596.78,438.64,501.38,541.68,576.99,473.69,548.71,500.56,488.6,476.78,485.03,687.56,519.92,604.2,655.62,512.46,597.98,507.88,660.5,527.98,485.76,612.77,698.21,537.77,582.5,561.23,494.55,586.58,526.28,552.27,517.63,537.32,491.43,546.57,519.02,542.08,522.29,540.99,545.84,474.24,596.48,599.31,516.62,481.09,421.04,522.35,646.67,477.23,489.87,652.45,501.46,540.88,555.11,537.24,526.0,605.18,615.08,435.48,594.65,461.07,572.42,514.76,589.58,436.96,592.14,596.82,405.65,577.28,527.96,355.39,578.87,447.07,529.1,544.34,427.35,519.87,548.43,438.81,568.12,617.87,541.77,427.64,595.61,495.5,533.02,527.44,418.62,589.96,719.49,478.85,465.47,485.21,647.05,553.5,492.57,599.83,355.8,384.51,470.74,601.07,506.64,482.13,552.54,649.8,464.04,475.34,438.55,579.32,464.77,557.25,541.04,0.0035353,0.004054,0.0033132,0.0033018,0.0035009,0.0034883,0.0036791,0.0036664,0.0034244,0.0035908,0.0041469,0.0030133,0.0034809,0.0037217,0.0040116,0.0033423,0.0034477,0.0029878,0.0027412,0.003865,0.003477,0.0031605,0.0038737,0.0030612,0.0033266,0.0033172,0.0039836,0.0027755,0.0039986,0.0030181,0.003247,0.0027171,0.0037554,0.0034712,0.0040213,0.0035356,0.0033531,0.0036204,0.0036876,0.0033934,0.0026514,0.0041038,0.0029363,0.0033477,0.0033144,0.0034438,0.0033319,0.0035992,0.0033856,0.0029794,0.0033719,0.0039922,0.0033019,0.0036319,0.0033615,0.0034565,0.0035558,0.0033898,0.004062,0.0040862,0.0035331,0.0040438,0.0033312,0.0036899,0.0032353,0.0036793,0.0033647,0.0040152,0.0033891,0.0037661,0.0033255,0.0032081,0.0035174,0.0032138,0.0033614,0.0033039,0.003221,0.0037874,0.0038805,0.0034708,0.003809,0.00367,0.0028577,0.0031541,0.0028431,0.0035971,0.0033024,0.0033997,0.0030915,0.0034975,0.0035386,0.0033009,0.0031342,0.0031362,0.0030191,0.0030544,0.0041133,0.0029241,0.003091,0.0036019,0.0037054,0.0040673,0.0035231,0.003684,0.0036525,0.0038567,0.0034673,0.0031911,0.003002,0.0040132,0.003269,0.0037194,0.0037089,0.0029104,0.0037624,0.0033182,0.0036412,0.003521,0.0036595,0.003115,0.00379,0.0036136,0.0031346,0.0031276,0.0033631,0.0039349,0.002895,0.0036588,0.0038009,0.0037463,0.0035278,0.003638,0.0031474,0.0030621,0.0038871,0.0037985,0.0033279,0.0036145,0.0038482,0.0033086,0.0031164,0.002968,0.0036361,0.0032315,0.0034412,0.0035628,0.0029681,0.003467,0.0036704,0.0027711,0.0033125,0.0044607,0.003273,0.0026361,0.0035284,0.0034829,0.0038536,0.0036321,0.0038304,0.0030385,0.0030262,0.002666,0.0031234,0.0031082,0.0032352,0.0028648,0.0035804,0.0036965,0.0029503,0.0031408,0.0028849,0.0036153,0.0033285,0.0033448,0.0031783,0.0033782,0.0031972,0.0031799,0.0037218,0.0031613,0.0036462,0.0035981,0.0033655,0.0038064,0.0035619,0.0037732,0.0032771,0.0031884,0.0035887,0.0036784,0.0035489,0.0035565,0.0035783,0.0040707,0.0034762,0.0034826,0.0034575,0.0035101,0.0035055,0.0033076,0.0033991,0.0033372,0.0035296,0.0032306,0.0043879,0.0034402,0.00346,0.0035255,0.0035065,0.0034223,0.0032759,0.0029146,0.0032403,0.0039919,0.0034662,0.0033553,0.0036528,0.0032153,0.0036263,0.0035543,0.0034218,0.003353,0.0035567,0.0037741,0.0029914,0.0037477,0.0030443,0.003386,0.0035637,0.003268,0.0030005,0.0033352,0.0038427,0.0028461,0.0035858,0.0030903,0.0030956,0.0036543,0.002934,0.0034126,0.0034563,0.0030261,0.0032394,0.0033403,0.0028509,0.0034984,0.0038757,0.0037651,0.0029931,0.0038038,0.003117,0.0035357,0.0033034,0.002696,0.0031978,0.0041857,0.0030998,0.0033947,0.0030393,0.0040165,0.003457,0.0032732,0.0033554,0.0028298,0.0028569,0.0031057,0.0038195,0.0031855,0.0033426,0.0038159,0.003604,0.0031277,0.0028384,0.0029214,0.0034325,0.0032067,0.0034692,0.0031942,652860.0,527600.0,4051000.0,2361500.0,1063500.0,5504200.0,2008000.0,2411200.0,2983400.0,2907700.0,715790.0,4946000.0,1272400.0,3886200.0,2497000.0,4962200.0,4006100.0,1313700.0,3439700.0,2457300.0,3280300.0,11623000.0,939160.0,6172800.0,733680.0,8929900.0,1559800.0,1804700.0,799240.0,3153800.0,1663100.0,5695800.0,23134000.0,2470300.0,2681400.0,4250800.0,1211200.0,1483800.0,1623100.0,2037800.0,1036500.0,2054600.0,998900.0,7322600.0,2384900.0,1789300.0,1464100.0,2229500.0,15638000.0,933030.0,7138100.0,3914300.0,695400.0,3830400.0,1057500.0,2604500.0,17325000.0,31464000.0,2325700.0,1698300.0,1501900.0,2783800.0,1015700.0,1887600.0,3336500.0,787200.0,2814400.0,1901400.0,3839200.0,2700300.0,1417200.0,1096800.0,14691000.0,5032200.0,1313700.0,3541200.0,1639800.0,944740.0,2521800.0,3636500.0,1267500.0,875270.0,2074100.0,856130.0,1823800.0,2791600.0,4851100.0,4107200.0,2293000.0,5593500.0,1274600.0,9165300.0,4558400.0,997350.0,1628100.0,875890.0,1738300.0,3439800.0,9756100.0,1694900.0,16185000.0,1389000.0,9707100.0,1601000.0,3111800.0,1248900.0,1595600.0,12279000.0,5012700.0,2131600.0,3788800.0,2346100.0,1178000.0,645020.0,3343500.0,11411000.0,2365500.0,1449300.0,738260.0,1883600.0,722040.0,1169800.0,2174300.0,8636100.0,4069700.0,2575300.0,3026200.0,2316200.0,1468700.0,757990.0,10124000.0,2341800.0,3477500.0,2031800.0,1344300.0,1016600.0,1973900.0,1030900.0,2818800.0,3841500.0,1137500.0,1448700.0,2060900.0,1490700.0,2159300.0,2379200.0,867820.0,6776700.0,1483200.0,9209400.0,6039000.0,796610.0,10241000.0,798180.0,1257100.0,18495000.0,669880.0,11896000.0,704520.0,5463300.0,3620500.0,3728500.0,2594300.0,5128500.0,4299400.0,4138300.0,945220.0,4052400.0,1605800.0,6226400.0,1476500.0,7458600.0,1058700.0,729360.0,3925100.0,2935000.0,1917500.0,8220700.0,2222600.0,929290.0,1207100.0,3637800.0,3493100.0,1909700.0,1445200.0,720570.0,6685600.0,5169700.0,2290100.0,619540.0,17391000.0,3256600.0,5152600.0,1119800.0,17904000.0,5318100.0,1077700.0,8409500.0,1326800.0,1407500.0,3909300.0,5195800.0,785010.0,1609000.0,953500.0,1742800.0,1536400.0,1428600.0,7692300.0,2295200.0,1389900.0,12034000.0,2729100.0,1213300.0,1238200.0,3194500.0,932670.0,4580100.0,1110300.0,1813100.0,7912700.0,4355400.0,685140.0,1393400.0,9817300.0,5161200.0,4960900.0,15079000.0,2942700.0,1891900.0,2294600.0,2933500.0,3129200.0,1844900.0,1714400.0,2219900.0,1469200.0,7074000.0,638180.0,3583000.0,8148600.0,8705300.0,1826300.0,5270900.0,3949100.0,4910800.0,847070.0,1117100.0,5283500.0,1523800.0,6462500.0,3415400.0,6961300.0,1931200.0,1605900.0,1559300.0,1065700.0,1101400.0,2250300.0,1018100.0,5082200.0,3404400.0,3048000.0,2817500.0,2386500.0,1906100.0,15335000.0,13457000.0,3518500.0,3147900.0,1932600.0,4368700.0,3283600.0,640970.0,2021700.0,760960.0,3461100.0,1947300.0,1.5241,1.8287,4.1567,1.2951,2.2283,4.235,1.2148,1.9672,4.2506,2.5166,2.6739,4.3173,0.82832,2.0453,4.2484,1.5427,2.4972,3.9058,3.0121,2.8446,5.8457,1.2446,1.9756,4.246,1.6928,1.7235,4.2418,1.2976,2.2325,4.2484,0.81901,2.0515,4.1988,2.9276,2.8488,4.5346,5.7201,2.7781,1.4837,1.2441,2.7932,3.631,0.92021,2.1542,3.0241,2.4904,2.0657,4.445,1.481,1.694,3.8986,0.67439,2.5985,3.8753,1.9934,1.7698,3.4655,1.0952,2.417,3.1189,0.26587,2.2956,3.5575,1.7483,1.6547,3.3887,2.0596,2.7813,4.3708,1.7753,1.657,3.3885,1.5159,1.6646,3.9259,0.37481,2.1423,3.1984,2.0644,2.387,4.4095,1.5189,1.6775,3.2197,0.81611,1.9032,2.772,3.0215,2.8379,5.8414,1.9818,1.7598,3.4638,0.98987,2.7061,2.8798,1.7721,2.5794,3.9754,0.63438,1.8786,2.7718,1.0643,2.4367,3.0798,1.8935,1.9282,4.4844,1.6934,1.6764,3.8969,0.53402,2.1958,3.8032,1.2688,2.4565,3.8257,1.0423,2.0974,3.2581,2.5761,2.3107,4.2941,2.0838,2.1773,4.6842,1.4734,1.6706,3.9169,1.8875,1.9465,4.4859,1.4933,2.1726,3.2592,0.82532,2.1311,3.1606,2.4178,2.3907,4.3315,1.9708,2.5734,4.8892,1.9818,2.6035,4.8808,2.5715,2.3051,4.286,1.3263,2.5023,3.936,1.712,2.2552,4.3175,2.2617,3.0405,4.187,0.53945,2.4437,2.5245,1.5288,2.0337,4.6032,2.0499,3.0558,3.9824,0.3739,2.375,3.4108,1.653,1.6275,4.0852,0.73374,2.0721,3.088,2.2366,2.2751,4.6626,0.63434,2.5486,3.0332,0.99728,2.138,3.2544,0.10269,2.8957,1.9109,1.9941,2.0415,4.5894,2.5731,2.3246,4.2692,2.5863,2.3247,5.1714,2.0705,2.7765,4.3555,1.1343,1.8537,3.9677,4.6515,2.9578,0.55578,0.89293,2.1483,3.0411,1.3391,2.0993,4.2696,1.0936,2.1321,3.5102,2.2363,2.7342,4.5067,1.6769,1.5992,4.1544,1.1476,2.5409,3.0735,0.7348,2.4369,3.7623,2.0955,1.8993,3.7161,1.5675,2.4605,3.4764,1.6189,2.5585,3.5979,1.6267,1.6667,4.2665,2.0671,2.7778,4.5498,2.1178,2.7727,4.604,3.3109,2.7952,6.0854,1.7055,1.6112,4.1755,1.7342,1.9805,3.4316,2.2283,2.9461,5.0364,1.1495,2.5508,3.0805,2.6262,2.4346,4.9902,1.0102,2.6274,4.095,1.5723,2.4545,3.4906,1.155,1.8461,4.1003,1.6647,1.6224,4.0834,1.7194,1.9747,3.4382,0.087261,2.9359,3.1608,2.8997,2.2782,4.5776,1.3619,1.9564,4.2442,1.255,2.6507,3.3451,1.4382,2.4529,3.3609,1.8114,1.9635,3.7045,1.9395,2.371,4.0074,1.0967,2.3079,3.1999,2.528,2.022,5.1839,1.206,2.6704,3.3058,1.4391,2.468,3.3547,0.19544,2.9795,3.2479,0.68457,1.8257,2.8796,1.7076,2.0255,4.4524,1.5024,1.8582,4.1451,5.4493,2.8905,1.7891,0.81737,2.1412,2.8178,0.97763,2.6338,4.0753,2.2409,2.5278,3.6456,2.6367,2.4033,4.973,2.8461,2.6728,4.5288,2.1008,2.4758,4.5237,2.3529,2.1188,4.1863,0.7667,2.0357,3.347,0.39442,2.461,2.9385,0.58129,2.1579,3.7773,2.4372,2.4938,4.4777,0.79617,2.426,2.9045,1.2761,1.5767,4.3129,1.6791,1.9944,3.4616,0.086355,2.6825,2.0809,3.3265,2.9484,0.053641,0.81245,2.4024,2.9182,1.651,1.6434,4.0989,1.5109,1.8252,3.1947,0.76813,2.4313,2.8642,2.1899,2.3369,4.9514,1.1585,2.5568,3.1035,1.0867,2.0352,3.5351,0.5004,2.0025,3.2642,1.712,1.9842,3.4436,2.4212,2.0831,4.173,2.1536,2.154,4.9775,1.3165,1.7477,3.811,0.72494,1.9831,2.7627,2.1507,2.1533,4.9847,2.2867,2.2041,4.477,1.5602,2.3324,3.97,4.1968,2.9883,0.11867,1.9366,2.3747,4.0007,0.79364,1.9711,4.1235,1.1824,2.5963,4.225,3.495,2.842,6.0833,1.5736,1.6029,3.2783,0.2979,2.3235,3.4129,5.0838,2.9842,0.9704,0.53386,2.7932,3.2563,1.245,2.5152,2.9954,2.1791,2.1375,4.9656,1.5133,2.0904,4.3691,1.5587,1.6242,3.3177,1.412,2.9177,3.3347,0.53521,2.42,2.7721,0.90042,2.4421,2.9972,0.22063,2.6304,3.3428,1.6525,2.3021,4.1649,0.50224,2.429,2.7456,1.0541,2.2125,3.6472,1.3743,1.7969,4.2984,0.29961,2.3212,3.4147,1.5526,1.6067,3.2835,0.54007,2.4144,2.7674,2.9937,2.8665,5.9391,1.958,2.5838,4.017,2.0072,2.2003,4.6033,2.542,2.747,5.2317,1.8479,1.9623,3.8819,1.3278,1.8126,3.7098,2.201,2.1454,4.988,1.4372,2.6333,4.0117,0.85198,3.0606,2.6585,4.6205,2.9685,0.34293,1.2451,2.7149,4.3043,1.8896,1.9516,3.8901,1.2281,2.6405,2.8533,0.34594,2.7862,2.9552,0.98684,2.8958,4.1679,0.55109,2.5066,2.587,0.71373,1.9625,2.9486,0.56166,2.4236,3.4218,1.6182,2.1842,4.2661,1.2392,2.7222,4.3427,0.62875,1.9734,3.0907,1.9913,1.8714,3.7961,1.2263,1.852,3.6642,2.419,2.688,4.9283,1.398,1.5426,4.1897,1.367,2.1485,3.1905,0.65792,1.9853,3.0802,0.55598,2.3972,2.61,1.6759,2.3004,4.1503,2.3977,2.6879,4.9503,0.61457,1.9846,3.0753,1.5849,1.7116,3.3275,0.69468,3.0231,2.5608,0.58075,2.5119,2.5974,3.0029,2.7432,5.9691,6.1544,2.8693,2.5374,4.5042,2.9684,0.19929,2.3815,2.3749,3.7505,1.111,3.0822,3.9511,1.3765,2.3286,3.5406,0.59064,3.0934,3.4213,2.387,2.2198,3.7887,1.2309,1.85,3.6698,2.418,2.3297,4.5777,2.5878,2.642,4.074,1.2561,2.6996,4.355,1.8563,1.9573,3.8824,1.1745,2.7888,3.6988,2.4159,2.4347,5.049,1.534,2.6317,3.3118,2.1587,2.2056,4.0967,0.80207,1.9369,3.3824,2.41,2.392,3.7667,2.3729,2.3939,3.7383,2.2207,1.9178,4.9379,2.6483,2.2864,4.8075,2.3862,2.2343,3.8008,1.4166,1.5916,3.8592,2.4432,2.6811,4.9594,1.8634,1.9562,3.8901,0.7726,2.1422,4.0312,1.628,1.8317,4.2786,2.414,2.6718,4.9642,1.4417,2.3918,3.268,5.8708,2.8722,2.1678,1.8357,1.779,3.5052,1.9984,2.9996,4.3037,2.0348,1.9573,4.7714,1.1308,2.5876,4.2917,1.9173,2.147,4.8754,1.6117,1.7989,3.9636,1.6201,1.9982,3.3825,1.0857,2.7627,3.6428,0.93492,2.8444,3.8153,1.4346,2.4401,3.8838,1.1705,2.776,3.6872,1.7972,1.7969,4.0905,0.87497,2.4483,2.7742,1.9069,2.0873,4.3793,0.051223,2.7891,2.8391,1.0806,1.9674,4.282,0.9531,2.2953,3.0534,1.6181,2.3953,4.5744,0.9707,2.0856,2.836,0.71882,2.0085,2.7221,1.6071,1.7965,3.9645,0.91219,2.4406,2.8104,1.3733,1.5909,3.8436,2.7742,2.6052,4.6243,1.102,2.1626,3.6303,1.1719,2.7865,3.6873,1.9744,2.0204,4.4684,1.0536,1.9852,4.2577,1.8525,1.6518,3.4469,1.6575,2.5028,3.9971,2.139,2.538,4.9224,2.1644,2.3891,3.6692,1.1605,3.0526,3.3916,1.4584,1.4589,4.242,0.59407,3.0146,3.6152,1.6136,1.7449,4.2301,0.73671,2.0112,2.732,0.67558,2.1919,3.9793,2.6875,2.6124,4.5332,2.0467,2.1159,3.4338,1.3621,2.8835,3.5246,1.1216,2.2488,3.6394,2.5333,2.0194,4.4572,1.4863,1.7204,4.4268,1.5578,2.5832,3.5702,2.0435,2.3202,4.0822,2.6454,2.3056,4.9677,0.46861,2.5019,3.0042
0.087497,539.31,0.0034667,470.32,654.31,467.48,544.43,541.24,567.6,622.02,558.17,531.01,550.73,717.23,434.25,555.23,620.83,607.55,526.23,544.8,420.43,419.3,568.35,529.53,447.27,590.65,448.77,500.85,544.06,655.34,349.63,606.47,494.86,521.6,402.03,643.64,570.39,661.79,588.46,491.73,551.69,649.93,603.66,432.2,674.64,423.28,557.84,520.66,589.27,588.66,625.27,539.72,570.76,523.68,644.73,609.24,604.82,503.3,601.51,548.49,484.46,693.23,607.67,576.02,653.0,431.85,516.02,484.63,564.96,485.93,658.61,550.62,542.17,513.06,550.24,549.45,460.99,496.29,561.74,519.68,595.65,591.88,552.5,583.64,609.23,473.2,584.4,378.45,611.59,494.86,555.86,502.11,573.86,601.14,499.84,478.33,511.77,467.66,522.2,678.64,446.06,496.35,613.47,626.41,672.9,594.92,561.91,582.95,712.46,558.37,459.53,529.94,616.1,471.18,570.65,610.87,370.22,624.47,534.31,611.9,585.82,566.21,415.27,573.15,625.68,435.3,487.52,501.78,628.54,412.87,579.52,601.71,587.32,543.47,636.37,525.7,484.72,640.15,559.14,541.46,599.79,597.66,548.68,474.49,556.09,615.71,477.83,488.64,690.4,441.9,522.32,638.19,453.37,494.26,727.66,517.87,348.23,612.27,605.22,620.75,534.78,656.51,496.44,481.81,386.27,466.14,467.89,554.02,419.1,583.51,610.59,445.82,511.66,552.84,590.77,482.31,560.96,511.66,499.28,485.74,494.99,702.61,532.08,617.78,673.08,523.41,613.57,518.83,676.62,541.0,495.46,627.74,716.97,550.72,596.91,574.91,510.26,600.17,538.49,566.66,528.1,548.97,502.19,557.72,530.02,554.3,534.12,560.79,558.18,485.54,608.54,614.32,529.11,490.08,429.8,533.81,663.65,490.05,500.49,665.05,512.26,554.28,567.7,549.15,537.93,618.94,628.16,444.61,611.45,470.63,585.29,525.85,600.34,445.81,605.49,611.51,412.58,589.81,539.37,363.24,592.06,454.97,541.31,557.4,435.46,531.74,560.09,446.1,581.63,632.47,553.2,435.92,608.88,505.7,545.37,539.78,426.0,602.36,737.22,489.72,474.79,494.84,661.63,566.62,504.13,612.11,361.49,391.16,480.33,613.86,518.4,492.68,567.3,662.8,475.55,483.49,446.13,593.55,473.46,572.27,551.63,0.0036202,0.0041565,0.003388,0.0033722,0.0035889,0.0035646,0.0037615,0.003749,0.0035046,0.0036746,0.0042551,0.0030751,0.0035582,0.0038137,0.0041198,0.0034091,0.0035311,0.0030503,0.0027917,0.0039607,0.0035577,0.0032306,0.0039616,0.0031253,0.0034062,0.0033894,0.0040823,0.0028307,0.0040941,0.0030777,0.0033123,0.0027632,0.0038475,0.0035465,0.0041201,0.0036194,0.0034236,0.0037149,0.0037836,0.0034628,0.0026953,0.0042059,0.0029944,0.0034261,0.0033883,0.0035225,0.0034046,0.0036856,0.0034597,0.0030321,0.0034459,0.0040921,0.003372,0.0037245,0.0034326,0.0035329,0.0036419,0.003464,0.004169,0.0041914,0.0036185,0.0041562,0.0033937,0.0037736,0.0033028,0.0037678,0.0034354,0.0040953,0.0034621,0.0038523,0.0033873,0.0032819,0.0035975,0.0032817,0.0034352,0.0033694,0.0032952,0.0038769,0.0039699,0.0035544,0.0038953,0.0037494,0.0029102,0.003223,0.0028993,0.0036823,0.0033716,0.0034761,0.0031602,0.0035769,0.0036294,0.00337,0.0031966,0.0032081,0.0030839,0.0031178,0.0042188,0.0029848,0.0031559,0.0036927,0.003792,0.0041714,0.0036066,0.0037748,0.0037468,0.0039542,0.0035502,0.0032616,0.0030639,0.0041015,0.0033417,0.003809,0.0037949,0.0029649,0.0038556,0.0033933,0.0037279,0.0036007,0.0037408,0.003185,0.0038778,0.0037002,0.0032089,0.003195,0.0034355,0.0040497,0.0029593,0.0037412,0.0038958,0.0038397,0.0036067,0.0037332,0.0032156,0.0031276,0.003982,0.0038801,0.0034009,0.0036925,0.0039314,0.0033792,0.0031843,0.0030252,0.0037315,0.0033048,0.0035092,0.0036367,0.0030316,0.00355,0.0037504,0.0028258,0.0033858,0.0045766,0.0033469,0.0026871,0.0035988,0.0035703,0.0039448,0.0037186,0.0039282,0.0030975,0.003091,0.0027133,0.0031886,0.0031785,0.0033104,0.0029266,0.0036649,0.0037801,0.0030037,0.0032085,0.0029464,0.0036995,0.0033937,0.0034237,0.0032451,0.0034519,0.0032583,0.0032446,0.0038029,0.003233,0.0037298,0.0036936,0.0034389,0.0039068,0.0036405,0.0038706,0.0033535,0.0032518,0.0036733,0.0037711,0.003633,0.0036436,0.0036651,0.0041786,0.0035576,0.0035635,0.0035418,0.0035897,0.0035813,0.0033817,0.0034718,0.0034092,0.0036104,0.0032991,0.0045263,0.003514,0.0035402,0.0036007,0.0035894,0.0035027,0.0033393,0.0029736,0.0033083,0.0040947,0.0035491,0.0034292,0.0037257,0.0032816,0.0037117,0.0036394,0.0034965,0.0034266,0.0036418,0.0038572,0.0030528,0.0038506,0.0031085,0.0034633,0.0036399,0.0033286,0.0030581,0.0034068,0.0039378,0.0028942,0.0036635,0.0031526,0.0031616,0.0037389,0.0029905,0.0034919,0.0035368,0.0030887,0.0033071,0.0034096,0.0028957,0.003581,0.0039674,0.0038477,0.0030484,0.0038885,0.0031801,0.0036142,0.0033795,0.0027433,0.0032643,0.0042948,0.0031686,0.0034669,0.0030972,0.004104,0.0035354,0.003347,0.0034263,0.0028838,0.0029084,0.0031716,0.0039038,0.0032577,0.0034196,0.0039125,0.0036789,0.0032029,0.0028869,0.0029798,0.0035158,0.0032708,0.0035597,0.0032584,652860.0,527600.0,4051000.0,2361500.0,1063500.0,5504200.0,2008000.0,2411200.0,2983400.0,2907700.0,715790.0,4946000.0,1272400.0,3886200.0,2497000.0,4962200.0,4006100.0,1313700.0,3439700.0,2457300.0,3280300.0,11623000.0,939160.0,6172800.0,733680.0,8929900.0,1559800.0,1804700.0,799240.0,3153800.0,1663100.0,5695800.0,23134000.0,2470300.0,2681400.0,4250800.0,1211200.0,1483800.0,1623100.0,2037800.0,1036500.0,2054600.0,998900.0,7322600.0,2384900.0,1789300.0,1464100.0,2229500.0,15638000.0,933030.0,7138100.0,3914300.0,695400.0,3830400.0,1057500.0,2604500.0,17325000.0,31464000.0,2325700.0,1698300.0,1501900.0,2783800.0,1015700.0,1887600.0,3336500.0,787200.0,2814400.0,1901400.0,3839200.0,2700300.0,1417200.0,1096800.0,14691000.0,5032200.0,1313700.0,3541200.0,1639800.0,944740.0,2521800.0,3636500.0,1267500.0,875270.0,2074100.0,856130.0,1823800.0,2791600.0,4851100.0,4107200.0,2293000.0,5593500.0,1274600.0,9165300.0,4558400.0,997350.0,1628100.0,875890.0,1738300.0,3439800.0,9756100.0,1694900.0,16185000.0,1389000.0,9707100.0,1601000.0,3111800.0,1248900.0,1595600.0,12279000.0,5012700.0,2131600.0,3788800.0,2346100.0,1178000.0,645020.0,3343500.0,11411000.0,2365500.0,1449300.0,738260.0,1883600.0,722040.0,1169800.0,2174300.0,8636100.0,4069700.0,2575300.0,3026200.0,2316200.0,1468700.0,757990.0,10124000.0,2341800.0,3477500.0,2031800.0,1344300.0,1016600.0,1973900.0,1030900.0,2818800.0,3841500.0,1137500.0,1448700.0,2060900.0,1490700.0,2159300.0,2379200.0,867820.0,6776700.0,1483200.0,9209400.0,6039000.0,796610.0,10241000.0,798180.0,1257100.0,18495000.0,669880.0,11896000.0,704520.0,5463300.0,3620500.0,3728500.0,2594300.0,5128500.0,4299400.0,4138300.0,945220.0,4052400.0,1605800.0,6226400.0,1476500.0,7458600.0,1058700.0,729360.0,3925100.0,2935000.0,1917500.0,8220700.0,2222600.0,929290.0,1207100.0,3637800.0,3493100.0,1909700.0,1445200.0,720570.0,6685600.0,5169700.0,2290100.0,619540.0,17391000.0,3256600.0,5152600.0,1119800.0,17904000.0,5318100.0,1077700.0,8409500.0,1326800.0,1407500.0,3909300.0,5195800.0,785010.0,1609000.0,953500.0,1742800.0,1536400.0,1428600.0,7692300.0,2295200.0,1389900.0,12034000.0,2729100.0,1213300.0,1238200.0,3194500.0,932670.0,4580100.0,1110300.0,1813100.0,7912700.0,4355400.0,685140.0,1393400.0,9817300.0,5161200.0,4960900.0,15079000.0,2942700.0,1891900.0,2294600.0,2933500.0,3129200.0,1844900.0,1714400.0,2219900.0,1469200.0,7074000.0,638180.0,3583000.0,8148600.0,8705300.0,1826300.0,5270900.0,3949100.0,4910800.0,847070.0,1117100.0,5283500.0,1523800.0,6462500.0,3415400.0,6961300.0,1931200.0,1605900.0,1559300.0,1065700.0,1101400.0,2250300.0,1018100.0,5082200.0,3404400.0,3048000.0,2817500.0,2386500.0,1906100.0,15335000.0,13457000.0,3518500.0,3147900.0,1932600.0,4368700.0,3283600.0,640970.0,2021700.0,760960.0,3461100.0,1947300.0,1.5243,1.8279,4.1557,1.2965,2.2287,4.2359,1.2135,1.9659,4.2518,2.5178,2.6747,4.3183,0.8262,2.0443,4.2505,1.5442,2.4982,3.9067,3.0126,2.845,5.848,1.2458,1.9746,4.247,1.689,1.7237,4.2413,1.299,2.2329,4.2501,0.81596,2.0507,4.198,2.9304,2.8498,4.5368,5.7204,2.7782,1.4846,1.2448,2.7893,3.6319,0.91776,2.1549,3.0241,2.4911,2.0669,4.4453,1.4813,1.695,3.8981,0.67532,2.6009,3.8745,1.9927,1.7703,3.4649,1.0968,2.4149,3.1234,0.2651,2.2964,3.5568,1.7459,1.6535,3.389,2.0547,2.778,4.3662,1.7743,1.6562,3.3885,1.5185,1.6639,3.9273,0.37317,2.143,3.198,2.0665,2.3891,4.4113,1.5215,1.6781,3.2212,0.81522,1.9053,2.7719,3.0229,2.8376,5.8437,1.98,1.7597,3.463,0.98895,2.7054,2.8798,1.7689,2.5786,3.9737,0.63488,1.8794,2.7701,1.0638,2.4361,3.0816,1.8932,1.9293,4.4837,1.6941,1.6751,3.8971,0.53605,2.195,3.8079,1.2743,2.4589,3.8288,1.0444,2.1002,3.2573,2.5783,2.3118,4.2945,2.0852,2.1792,4.6848,1.4732,1.6701,3.9175,1.8869,1.9487,4.4853,1.4935,2.1728,3.2585,0.8253,2.1351,3.1582,2.4178,2.3922,4.3327,1.9723,2.5712,4.8887,1.9845,2.6038,4.8805,2.5735,2.3059,4.286,1.3292,2.5032,3.9353,1.714,2.2569,4.3192,2.2734,3.0388,4.1974,0.5423,2.4416,2.5285,1.528,2.0322,4.6031,2.048,3.055,3.9793,0.37231,2.3751,3.4086,1.6524,1.6272,4.0854,0.7357,2.0758,3.0872,2.2363,2.2771,4.6638,0.63516,2.5437,3.0358,0.9963,2.1429,3.2529,0.10077,2.8961,1.9065,1.9941,2.0457,4.5897,2.575,2.3264,4.2677,2.5797,2.3235,5.1688,2.0651,2.7729,4.3491,1.1384,1.8537,3.9693,4.6525,2.9544,0.5579,0.89326,2.15,3.0401,1.3415,2.0992,4.2701,1.0962,2.1355,3.5115,2.2303,2.7325,4.5009,1.6753,1.599,4.1541,1.148,2.5397,3.0745,0.73356,2.4379,3.7619,2.0987,1.897,3.7144,1.5651,2.4623,3.4769,1.6156,2.5609,3.5973,1.6243,1.6655,4.2676,2.064,2.7752,4.5471,2.1173,2.7699,4.6045,3.3079,2.796,6.0838,1.7059,1.6119,4.1767,1.7368,1.9787,3.4301,2.2361,2.9462,5.0451,1.1494,2.5504,3.0813,2.6249,2.4337,4.9902,1.0096,2.6293,4.0971,1.5699,2.4558,3.4922,1.1525,1.8497,4.1003,1.6649,1.6218,4.0833,1.7206,1.9727,3.4373,0.073922,2.935,3.1496,2.9012,2.277,4.579,1.3653,1.9566,4.2471,1.2556,2.6482,3.3474,1.4363,2.4526,3.3622,1.8095,1.9618,3.703,1.9384,2.3738,4.0089,1.0965,2.3097,3.2007,2.5275,2.0198,5.1866,1.2038,2.6686,3.3057,1.437,2.4688,3.3557,0.18775,2.9818,3.2408,0.68477,1.8275,2.8768,1.7081,2.0251,4.4551,1.5043,1.8575,4.147,5.4423,2.8892,1.7841,0.81739,2.1428,2.8203,0.97456,2.6361,4.076,2.2468,2.5275,3.6475,2.6361,2.4001,4.9717,2.8489,2.6705,4.5295,2.0971,2.4722,4.5237,2.3533,2.1201,4.1861,0.76694,2.0395,3.3466,0.39951,2.46,2.9427,0.57971,2.1592,3.7821,2.4407,2.4924,4.4811,0.79904,2.4237,2.9079,1.2779,1.5764,4.3147,1.6776,1.9936,3.4626,0.091897,2.682,2.0831,3.3353,2.9487,0.063883,0.81662,2.3983,2.9229,1.6503,1.6441,4.0999,1.512,1.823,3.1956,0.76924,2.4293,2.8648,2.1916,2.3359,4.9512,1.1598,2.5566,3.1062,1.0925,2.0409,3.5373,0.49748,2.0046,3.265,1.7129,1.9825,3.4431,2.4236,2.0837,4.1711,2.1546,2.154,4.9776,1.3186,1.7475,3.8119,0.72751,1.9838,2.7632,2.1514,2.1534,4.9853,2.2843,2.2055,4.4784,1.56,2.3357,3.9707,4.1965,2.9865,0.11718,1.9349,2.3776,4.0011,0.7906,1.9714,4.1242,1.1833,2.5983,4.2259,3.4933,2.8411,6.0838,1.5762,1.6022,3.2779,0.29589,2.3254,3.4127,5.0789,2.9837,0.96187,0.53259,2.7938,3.2572,1.244,2.5158,2.9969,2.1812,2.1365,4.9647,1.5161,2.0902,4.3708,1.5606,1.6245,3.32,1.4147,2.9173,3.333,0.54094,2.4179,2.7759,0.89896,2.4408,2.9973,0.22047,2.6314,3.3428,1.656,2.306,4.1681,0.50655,2.4277,2.748,1.0546,2.2158,3.6461,1.3732,1.7961,4.2988,0.298,2.3227,3.415,1.554,1.6061,3.2834,0.54655,2.4117,2.771,2.9944,2.8663,5.9418,1.9539,2.5824,4.0155,2.0099,2.202,4.6045,2.5349,2.7448,5.228,1.845,1.962,3.8802,1.3302,1.8119,3.7114,2.2045,2.1449,4.9885,1.4387,2.6314,4.0114,0.83714,3.0589,2.6411,4.6169,2.9671,0.33933,1.2441,2.7174,4.3022,1.8885,1.9514,3.8905,1.2266,2.6411,2.8523,0.34517,2.7869,2.9558,0.98979,2.8964,4.1701,0.55012,2.5053,2.5879,0.71462,1.9651,2.9452,0.5628,2.4256,3.4212,1.622,2.1849,4.269,1.238,2.725,4.3435,0.62814,1.9753,3.0882,1.9923,1.8696,3.7945,1.2287,1.8526,3.6656,2.4144,2.6851,4.9231,1.3996,1.5441,4.1908,1.3653,2.148,3.1914,0.65943,1.9884,3.0773,0.56145,2.3935,2.6124,1.6795,2.3036,4.1519,2.3931,2.6853,4.9475,0.61298,1.9872,3.0719,1.5861,1.7117,3.3274,0.70427,3.022,2.5671,0.58139,2.5113,2.5985,3.0094,2.743,5.9752,6.1524,2.8696,2.5371,4.4934,2.9667,0.18659,2.3838,2.3722,3.7498,1.1295,3.082,3.9738,1.3721,2.3338,3.5389,0.56951,3.0943,3.404,2.3879,2.2182,3.7869,1.2331,1.8501,3.6716,2.4171,2.3293,4.579,2.5879,2.6434,4.0775,1.2557,2.7005,4.3563,1.8539,1.9567,3.8807,1.1783,2.7879,3.7024,2.4134,2.4312,5.0457,1.5293,2.6318,3.3132,2.1578,2.2073,4.0964,0.80243,1.9392,3.383,2.4135,2.3905,3.7673,2.3742,2.3925,3.737,2.2235,1.9203,4.941,2.648,2.2861,4.8085,2.3876,2.234,3.7998,1.419,1.5919,3.8609,2.4414,2.6781,4.9571,1.8616,1.9556,3.8889,0.77207,2.1421,4.0362,1.6295,1.8316,4.28,2.4104,2.6679,4.9624,1.4412,2.3919,3.2686,5.8663,2.8713,2.1648,1.8338,1.7775,3.5073,1.998,2.9974,4.3022,2.0365,1.958,4.7727,1.1333,2.5884,4.2932,1.9203,2.1469,4.8765,1.6112,1.7984,3.9633,1.6215,1.9973,3.3815,1.0913,2.7614,3.6486,0.93636,2.8451,3.8158,1.4385,2.4434,3.8869,1.1741,2.7741,3.6898,1.7945,1.7964,4.0901,0.87258,2.4473,2.7745,1.9068,2.0887,4.3791,0.049888,2.7885,2.8396,1.08,1.968,4.2834,0.95359,2.2922,3.0563,1.6171,2.3952,4.5733,0.96977,2.0853,2.836,0.71709,2.009,2.7208,1.6067,1.7957,3.9642,0.91208,2.4391,2.8131,1.373,1.5911,3.8442,2.7744,2.6063,4.6233,1.1034,2.1645,3.6305,1.176,2.7852,3.6904,1.9743,2.0232,4.4678,1.0513,1.9869,4.2576,1.8523,1.6519,3.4467,1.6571,2.5041,3.9969,2.1408,2.5366,4.9222,2.165,2.3896,3.6662,1.1591,3.0508,3.3902,1.4591,1.4586,4.2427,0.59335,3.0156,3.6164,1.6129,1.7441,4.2299,0.73619,2.012,2.7313,0.67464,2.1917,3.9818,2.6873,2.6131,4.5327,2.0505,2.1152,3.4336,1.361,2.8803,3.5237,1.1247,2.2532,3.6396,2.5336,2.0209,4.4563,1.4859,1.7192,4.4272,1.5538,2.5822,3.5694,2.042,2.3227,4.0832,2.6409,2.3008,4.9653,0.47021,2.5,3.0074
0.093193,551.0,0.0035418,480.23,670.62,478.2,555.88,554.85,579.76,634.37,569.63,542.1,562.6,735.23,442.43,566.13,635.4,624.73,536.42,556.89,429.28,427.16,582.25,541.19,456.5,602.75,457.53,512.24,555.02,671.81,356.41,620.99,504.39,531.51,408.67,658.77,582.37,677.7,601.54,501.93,566.0,665.83,614.38,440.89,690.48,430.79,570.16,531.96,601.89,601.41,639.54,551.25,582.02,534.83,660.81,622.26,619.93,514.16,614.4,560.97,494.77,709.76,623.21,590.07,670.01,438.6,526.46,494.29,577.5,496.02,669.37,562.46,554.68,521.84,562.79,561.92,470.2,507.55,572.33,531.45,609.02,605.32,564.15,595.9,621.39,482.24,597.13,385.83,625.66,505.33,568.54,512.89,586.42,615.49,509.54,487.14,523.39,477.04,531.58,694.65,455.55,506.24,628.24,640.8,690.03,608.74,575.88,596.63,729.88,571.8,469.35,540.18,630.01,481.23,584.28,624.97,376.64,638.65,545.91,626.49,598.21,576.82,425.08,586.01,638.88,445.86,497.48,511.77,646.24,421.84,591.38,616.48,602.15,555.15,651.92,536.47,494.54,654.64,570.86,552.85,612.18,611.23,560.16,485.07,566.44,631.18,487.73,498.08,703.91,451.52,533.74,650.96,461.83,504.97,746.9,528.96,355.49,622.48,619.85,635.15,546.67,672.29,505.75,491.93,392.61,475.0,477.56,566.76,427.5,596.88,624.06,453.01,521.75,563.89,604.26,490.79,573.04,522.53,509.8,494.63,504.75,717.48,543.88,631.18,690.14,534.16,628.85,529.33,692.49,553.77,505.1,642.52,735.53,563.4,611.09,588.23,525.44,613.55,550.67,580.5,538.46,560.45,512.75,568.8,540.82,566.43,545.94,579.86,570.22,496.64,620.5,629.13,541.39,499.05,438.45,545.23,680.31,502.63,510.96,677.55,522.86,567.34,580.06,560.92,549.64,632.43,641.06,453.6,627.58,480.0,598.03,536.83,611.0,454.49,618.83,625.85,419.51,602.15,550.59,370.9,605.01,462.68,553.24,570.22,443.51,543.31,571.63,453.44,594.91,646.75,564.54,444.14,622.02,515.73,557.5,551.88,433.42,614.77,754.63,500.29,483.85,504.33,676.08,579.28,515.45,624.48,367.32,397.9,489.72,626.55,529.97,503.08,581.59,675.67,486.88,491.74,453.63,607.6,482.1,586.81,562.07,0.0037035,0.0042571,0.0034606,0.0034422,0.0036742,0.0036397,0.0038434,0.0038302,0.0035845,0.0037573,0.0043613,0.0031357,0.0036345,0.0039033,0.0042255,0.0034753,0.0036128,0.0031125,0.0028414,0.0040536,0.0036373,0.0032999,0.0040475,0.0031887,0.0034845,0.0034614,0.0041794,0.002885,0.0041872,0.0031373,0.0033771,0.0028084,0.0039377,0.0036206,0.0042171,0.0037014,0.0034929,0.0038057,0.003877,0.0035307,0.0027395,0.0043056,0.0030521,0.0035027,0.003461,0.0035994,0.0034764,0.0037695,0.0035323,0.0030848,0.0035181,0.0041902,0.0034423,0.0038145,0.0035026,0.0036088,0.0037267,0.0035372,0.004274,0.004294,0.003703,0.0042643,0.0034565,0.0038551,0.0033697,0.0038539,0.0035049,0.0041757,0.003534,0.0039363,0.003449,0.003354,0.0036758,0.0033489,0.0035075,0.0034341,0.0033677,0.0039645,0.004057,0.0036369,0.003979,0.0038273,0.002963,0.0032907,0.0029544,0.0037664,0.0034396,0.0035505,0.003228,0.0036545,0.0037173,0.0034381,0.0032584,0.0032793,0.0031478,0.0031804,0.0043207,0.0030445,0.0032199,0.0037822,0.0038769,0.0042733,0.0036888,0.0038641,0.0038395,0.0040496,0.0036323,0.0033313,0.0031255,0.0041872,0.0034138,0.0038972,0.0038793,0.0030185,0.003946,0.0034672,0.0038136,0.0036789,0.0038195,0.0032551,0.0039631,0.0037868,0.003282,0.0032625,0.003507,0.0041607,0.0030229,0.0038228,0.0039887,0.0039315,0.0036837,0.0038259,0.0032839,0.0031923,0.0040754,0.0039606,0.0034737,0.0037698,0.0040134,0.0034484,0.0032505,0.0030824,0.0038246,0.0033763,0.0035774,0.0037111,0.0030951,0.0036314,0.0038305,0.0028804,0.0034577,0.0046894,0.0034201,0.0027381,0.0036708,0.0036558,0.0040347,0.0038037,0.0040233,0.0031555,0.0031546,0.0027606,0.0032527,0.0032484,0.0033844,0.0029877,0.0037474,0.0038611,0.0030573,0.0032751,0.0030079,0.003782,0.0034567,0.0035018,0.0033108,0.0035252,0.0033189,0.0033084,0.0038834,0.0033032,0.0038118,0.0037865,0.0035106,0.0040055,0.0037175,0.0039667,0.0034286,0.003315,0.0037565,0.0038644,0.0037156,0.003729,0.0037491,0.0042829,0.0036376,0.0036437,0.003624,0.0036688,0.0036565,0.0034552,0.0035444,0.0034801,0.0036897,0.0033685,0.00466,0.0035869,0.003619,0.0036754,0.0036712,0.0035827,0.0034022,0.0030321,0.003376,0.0041948,0.0036301,0.0035019,0.0037972,0.0033467,0.003795,0.0037224,0.0035701,0.0034991,0.003726,0.0039384,0.0031137,0.0039492,0.0031716,0.0035395,0.0037147,0.0033887,0.0031153,0.0034789,0.0040307,0.0029423,0.0037401,0.0032141,0.0032268,0.0038219,0.0030462,0.0035692,0.0036158,0.0031507,0.0033738,0.003478,0.0029412,0.0036622,0.0040573,0.0039294,0.0031036,0.0039728,0.0032426,0.0036913,0.0034543,0.0027908,0.0033309,0.0044017,0.0032358,0.0035366,0.0031546,0.004191,0.0036115,0.0034192,0.0034978,0.0029379,0.0029604,0.0032364,0.0039872,0.0033289,0.0034958,0.0040059,0.0037529,0.0032765,0.0029363,0.003038,0.0035978,0.003334,0.0036475,0.0033222,652860.0,527600.0,4051000.0,2361500.0,1063500.0,5504200.0,2008000.0,2411200.0,2983400.0,2907700.0,715790.0,4946000.0,1272400.0,3886200.0,2497000.0,4962200.0,4006100.0,1313700.0,3439700.0,2457300.0,3280300.0,11623000.0,939160.0,6172800.0,733680.0,8929900.0,1559800.0,1804700.0,799240.0,3153800.0,1663100.0,5695800.0,23134000.0,2470300.0,2681400.0,4250800.0,1211200.0,1483800.0,1623100.0,2037800.0,1036500.0,2054600.0,998900.0,7322600.0,2384900.0,1789300.0,1464100.0,2229500.0,15638000.0,933030.0,7138100.0,3914300.0,695400.0,3830400.0,1057500.0,2604500.0,17325000.0,31464000.0,2325700.0,1698300.0,1501900.0,2783800.0,1015700.0,1887600.0,3336500.0,787200.0,2814400.0,1901400.0,3839200.0,2700300.0,1417200.0,1096800.0,14691000.0,5032200.0,1313700.0,3541200.0,1639800.0,944740.0,2521800.0,3636500.0,1267500.0,875270.0,2074100.0,856130.0,1823800.0,2791600.0,4851100.0,4107200.0,2293000.0,5593500.0,1274600.0,9165300.0,4558400.0,997350.0,1628100.0,875890.0,1738300.0,3439800.0,9756100.0,1694900.0,16185000.0,1389000.0,9707100.0,1601000.0,3111800.0,1248900.0,1595600.0,12279000.0,5012700.0,2131600.0,3788800.0,2346100.0,1178000.0,645020.0,3343500.0,11411000.0,2365500.0,1449300.0,738260.0,1883600.0,722040.0,1169800.0,2174300.0,8636100.0,4069700.0,2575300.0,3026200.0,2316200.0,1468700.0,757990.0,10124000.0,2341800.0,3477500.0,2031800.0,1344300.0,1016600.0,1973900.0,1030900.0,2818800.0,3841500.0,1137500.0,1448700.0,2060900.0,1490700.0,2159300.0,2379200.0,867820.0,6776700.0,1483200.0,9209400.0,6039000.0,796610.0,10241000.0,798180.0,1257100.0,18495000.0,669880.0,11896000.0,704520.0,5463300.0,3620500.0,3728500.0,2594300.0,5128500.0,4299400.0,4138300.0,945220.0,4052400.0,1605800.0,6226400.0,1476500.0,7458600.0,1058700.0,729360.0,3925100.0,2935000.0,1917500.0,8220700.0,2222600.0,929290.0,1207100.0,3637800.0,3493100.0,1909700.0,1445200.0,720570.0,6685600.0,5169700.0,2290100.0,619540.0,17391000.0,3256600.0,5152600.0,1119800.0,17904000.0,5318100.0,1077700.0,8409500.0,1326800.0,1407500.0,3909300.0,5195800.0,785010.0,1609000.0,953500.0,1742800.0,1536400.0,1428600.0,7692300.0,2295200.0,1389900.0,12034000.0,2729100.0,1213300.0,1238200.0,3194500.0,932670.0,4580100.0,1110300.0,1813100.0,7912700.0,4355400.0,685140.0,1393400.0,9817300.0,5161200.0,4960900.0,15079000.0,2942700.0,1891900.0,2294600.0,2933500.0,3129200.0,1844900.0,1714400.0,2219900.0,1469200.0,7074000.0,638180.0,3583000.0,8148600.0,8705300.0,1826300.0,5270900.0,3949100.0,4910800.0,847070.0,1117100.0,5283500.0,1523800.0,6462500.0,3415400.0,6961300.0,1931200.0,1605900.0,1559300.0,1065700.0,1101400.0,2250300.0,1018100.0,5082200.0,3404400.0,3048000.0,2817500.0,2386500.0,1906100.0,15335000.0,13457000.0,3518500.0,3147900.0,1932600.0,4368700.0,3283600.0,640970.0,2021700.0,760960.0,3461100.0,1947300.0,1.5245,1.8272,4.1547,1.2979,2.229,4.2368,1.2121,1.9646,4.2529,2.519,2.6755,4.3193,0.8241,2.0433,4.2527,1.5456,2.4992,3.9076,3.0131,2.8454,5.8502,1.247,1.9735,4.248,1.6853,1.7238,4.2409,1.3003,2.2333,4.2518,0.81294,2.0499,4.1973,2.9332,2.8507,4.539,5.7207,2.7783,1.4854,1.2456,2.7854,3.6327,0.91536,2.1556,3.0241,2.4918,2.0682,4.4455,1.4816,1.6959,3.8977,0.67625,2.6032,3.8737,1.992,1.7709,3.4643,1.0983,2.4128,3.1279,0.26431,2.2973,3.556,1.7435,1.6523,3.3893,2.05,2.7746,4.3617,1.7732,1.6554,3.3885,1.5211,1.6632,3.9286,0.37153,2.1437,3.1975,2.0685,2.3912,4.4132,1.5239,1.6788,3.2227,0.81437,1.9073,2.7718,3.0243,2.8373,5.8459,1.9782,1.7595,3.4622,0.98807,2.7046,2.8798,1.7658,2.5778,3.972,0.63538,1.8802,2.7683,1.0632,2.4355,3.0834,1.8929,1.9304,4.4831,1.6949,1.6739,3.8973,0.53809,2.1942,3.8125,1.2798,2.4613,3.832,1.0465,2.103,3.2564,2.5806,2.3128,4.2949,2.0865,2.1811,4.6855,1.473,1.6697,3.918,1.8864,1.9509,4.4847,1.4938,2.173,3.2578,0.82526,2.139,3.1559,2.4178,2.3937,4.3339,1.9738,2.5691,4.8881,1.9872,2.6041,4.8802,2.5755,2.3067,4.2859,1.3321,2.5042,3.9347,1.716,2.2585,4.321,2.2846,3.0371,4.2074,0.54513,2.4395,2.5325,1.5274,2.0307,4.6029,2.0461,3.0542,3.9762,0.37072,2.3751,3.4064,1.6519,1.6269,4.0856,0.73767,2.0794,3.0864,2.2359,2.279,4.6649,0.63598,2.5389,3.0384,0.99529,2.1476,3.2514,0.098908,2.8965,1.902,1.9941,2.0498,4.59,2.5768,2.3282,4.2663,2.5731,2.3223,5.1661,2.0597,2.7694,4.3428,1.1424,1.8538,3.9709,4.6534,2.951,0.55988,0.89358,2.1517,3.0392,1.344,2.0992,4.2706,1.0989,2.1389,3.5127,2.2243,2.7307,4.4951,1.6736,1.5988,4.1538,1.1483,2.5385,3.0755,0.73231,2.4389,3.7615,2.1018,1.8948,3.7128,1.5626,2.4641,3.4773,1.6123,2.5631,3.5967,1.6218,1.6643,4.2687,2.061,2.7726,4.5445,2.1168,2.7671,4.605,3.3049,2.7967,6.0823,1.7063,1.6127,4.1778,1.7394,1.9769,3.4286,2.2439,2.9463,5.0539,1.1493,2.5501,3.0821,2.6236,2.4328,4.9903,1.009,2.6312,4.0993,1.5674,2.4571,3.4937,1.1501,1.8531,4.1004,1.6651,1.6212,4.0832,1.7218,1.9707,3.4364,0.060917,2.9341,3.1387,2.9026,2.2758,4.5804,1.3686,1.9568,4.2501,1.2561,2.6457,3.3495,1.4345,2.4524,3.3635,1.8077,1.9602,3.7016,1.9374,2.3765,4.0104,1.0964,2.3115,3.2015,2.527,2.0176,5.1892,1.2016,2.6668,3.3056,1.4349,2.4696,3.3568,0.18,2.9841,3.2337,0.68494,1.8292,2.8741,1.7085,2.0246,4.4578,1.5062,1.8568,4.149,5.4354,2.888,1.7792,0.81745,2.1444,2.8227,0.97154,2.6385,4.0767,2.2526,2.5271,3.6493,2.6356,2.3968,4.9703,2.8516,2.6683,4.5302,2.0936,2.4687,4.5238,2.3538,2.1215,4.186,0.76719,2.0433,3.3463,0.40458,2.4589,2.9468,0.57817,2.1605,3.7868,2.4441,2.491,4.4846,0.80181,2.4215,2.9112,1.2797,1.5762,4.3164,1.676,1.9928,3.4635,0.097367,2.6815,2.0852,3.344,2.9491,0.074012,0.82066,2.3943,2.9276,1.6496,1.6448,4.1009,1.513,1.8208,3.1965,0.77025,2.4274,2.8654,2.1934,2.3349,4.9509,1.1611,2.5563,3.1089,1.0982,2.0466,3.5396,0.49452,2.0066,3.2658,1.7138,1.9808,3.4427,2.4258,2.0842,4.1693,2.1555,2.154,4.9778,1.3208,1.7472,3.8129,0.73001,1.9845,2.7638,2.1521,2.1536,4.986,2.2819,2.207,4.4798,1.5599,2.339,3.9714,4.196,2.9846,0.11559,1.9332,2.3805,4.0015,0.78762,1.9718,4.1249,1.1843,2.6002,4.2269,3.4915,2.8403,6.0842,1.5789,1.6015,3.2775,0.29388,2.3273,3.4126,5.0739,2.9833,0.95337,0.53136,2.7944,3.2581,1.243,2.5164,2.9985,2.1831,2.1356,4.9639,1.519,2.0899,4.3725,1.5625,1.6248,3.3224,1.4175,2.9169,3.3315,0.54657,2.4158,2.7797,0.89755,2.4395,2.9975,0.22031,2.6323,3.3428,1.6595,2.3099,4.1713,0.51084,2.4265,2.7503,1.055,2.2191,3.6449,1.3722,1.7952,4.2991,0.29641,2.3243,3.4154,1.5554,1.6054,3.2832,0.55294,2.409,2.7745,2.9949,2.8661,5.9444,1.9497,2.581,4.014,2.0126,2.2036,4.6058,2.5278,2.7426,5.2243,1.8421,1.9617,3.8784,1.3326,1.8111,3.713,2.2079,2.1443,4.989,1.4402,2.6295,4.011,0.82285,3.0573,2.6242,4.6134,2.9657,0.33594,1.2432,2.7198,4.3002,1.8873,1.9513,3.8909,1.225,2.6417,2.8514,0.34437,2.7876,2.9564,0.99265,2.897,4.1723,0.54919,2.5039,2.5888,0.71549,1.9677,2.9418,0.56393,2.4275,3.4207,1.6258,2.1857,4.272,1.2368,2.7277,4.3442,0.62757,1.9771,3.0856,1.9934,1.8678,3.7929,1.231,1.8531,3.667,2.4098,2.6823,4.9178,1.4012,1.5455,4.192,1.3636,2.1475,3.1924,0.66094,1.9914,3.0744,0.56674,2.3898,2.6147,1.6829,2.3067,4.1535,2.3885,2.6826,4.9448,0.61141,1.9897,3.0686,1.5872,1.7119,3.3274,0.71346,3.0209,2.5732,0.582,2.5108,2.5995,3.0159,2.7428,5.9812,6.1505,2.87,2.5368,4.4829,2.9649,0.17425,2.3862,2.3695,3.7491,1.1476,3.0818,3.996,1.3678,2.3389,3.5373,0.54806,3.0951,3.3863,2.3888,2.2166,3.785,1.2351,1.8501,3.6734,2.4162,2.3288,4.5803,2.5881,2.6448,4.0809,1.2553,2.7014,4.3576,1.8516,1.9561,3.8789,1.1821,2.7869,3.706,2.4111,2.4277,5.0425,1.5246,2.6319,3.3147,2.1568,2.209,4.0962,0.80271,1.9415,3.3835,2.417,2.3889,3.7679,2.3755,2.3911,3.7357,2.2263,1.9228,4.944,2.6476,2.2858,4.8095,2.389,2.2336,3.7987,1.4214,1.5923,3.8626,2.4396,2.675,4.9548,1.8598,1.955,3.8877,0.77156,2.1419,4.0411,1.6309,1.8316,4.2814,2.4069,2.6641,4.9607,1.4406,2.3921,3.2691,5.8617,2.8704,2.1618,1.8318,1.7761,3.5094,1.9975,2.9952,4.3005,2.0382,1.9588,4.7739,1.1358,2.5893,4.2948,1.9233,2.1469,4.8777,1.6107,1.7979,3.963,1.6228,1.9963,3.3805,1.0968,2.7602,3.6542,0.93772,2.8459,3.8161,1.4423,2.4465,3.8899,1.1776,2.7721,3.6923,1.7919,1.796,4.0898,0.87026,2.4464,2.7749,1.9066,2.0902,4.379,0.04854,2.7879,2.84,1.0793,1.9686,4.2849,0.95408,2.2893,3.0591,1.616,2.3952,4.5723,0.96882,2.0851,2.8361,0.71541,2.0095,2.7195,1.6063,1.7949,3.964,0.91195,2.4377,2.8158,1.3726,1.5911,3.8447,2.7747,2.6075,4.6223,1.105,2.1664,3.6307,1.1802,2.7838,3.6935,1.9743,2.026,4.4672,1.0491,1.9885,4.2575,1.8521,1.6521,3.4465,1.6566,2.5055,3.9968,2.1425,2.5352,4.922,2.1656,2.39,3.6634,1.1579,3.049,3.389,1.4598,1.4583,4.2433,0.59275,3.0166,3.6176,1.6122,1.7433,4.2297,0.73569,2.0127,2.7306,0.67373,2.1914,3.9843,2.6871,2.6137,4.5323,2.0543,2.1146,3.4334,1.3599,2.877,3.5229,1.1278,2.2576,3.6399,2.5339,2.0225,4.4553,1.4855,1.718,4.4276,1.5499,2.5813,3.5686,2.0405,2.3252,4.0842,2.6366,2.2961,4.9631,0.47177,2.4981,3.0106
0.10166,568.11,0.0036515,494.72,694.42,493.48,572.82,573.93,597.53,652.83,586.38,558.84,580.11,761.37,454.42,582.43,656.66,649.18,551.52,574.42,442.17,438.59,602.35,558.21,470.09,620.62,470.52,528.74,571.39,695.59,366.28,642.01,518.67,546.19,418.35,680.8,600.02,700.82,620.61,516.88,586.46,688.92,630.53,453.7,713.64,441.98,588.17,548.47,620.49,620.1,660.17,568.01,598.62,551.13,684.42,641.8,641.7,529.63,633.39,579.18,509.96,733.99,645.61,611.1,694.51,448.88,541.74,508.55,595.99,510.88,685.57,579.95,572.94,535.13,580.97,580.06,483.8,523.94,587.93,548.19,628.35,624.79,581.33,613.87,639.53,495.81,615.72,396.59,646.27,520.64,586.84,528.74,604.58,636.5,523.89,500.24,540.33,490.93,545.3,717.88,469.32,520.79,649.86,661.75,715.15,628.85,596.16,616.48,755.04,591.55,483.87,555.54,649.98,495.74,604.4,645.56,386.24,659.36,562.87,648.0,616.47,592.42,439.6,604.58,658.4,461.12,512.29,526.41,671.53,435.01,608.74,637.76,623.69,572.16,674.39,552.5,508.88,675.82,588.23,569.59,630.73,631.25,577.07,500.15,582.12,653.38,502.33,512.18,724.35,465.74,550.46,670.37,474.42,520.51,774.46,545.26,366.35,638.63,641.07,656.02,564.02,695.01,519.32,506.55,402.2,488.13,491.78,585.32,439.89,616.32,643.57,463.92,536.58,580.34,623.88,503.26,591.01,538.37,525.2,507.84,519.0,739.46,560.91,650.95,714.87,550.0,651.01,544.41,715.71,572.3,519.42,664.23,762.96,581.8,631.7,607.34,546.89,633.05,568.7,600.15,553.99,577.3,528.24,585.44,556.73,584.47,563.56,606.31,587.75,512.7,638.45,650.8,559.32,512.57,451.16,562.12,704.5,520.82,526.42,696.2,538.38,586.07,598.09,578.18,566.63,652.24,660.12,466.74,650.17,493.73,616.74,552.97,626.88,467.07,638.3,646.64,429.96,620.35,567.04,381.95,623.93,474.09,569.91,588.68,455.48,559.89,588.57,464.59,614.25,667.44,581.48,456.04,641.31,530.45,575.13,569.54,444.55,633.29,779.91,515.23,496.98,518.26,697.34,597.22,531.91,643.04,376.3,408.12,503.46,645.27,546.6,518.4,601.92,694.66,502.91,504.23,464.75,628.02,494.63,606.96,577.21,0.0038251,0.0044042,0.003565,0.0035465,0.0037952,0.0037494,0.0039651,0.00395,0.0037034,0.0038792,0.0045162,0.0032242,0.0037474,0.0040329,0.0043781,0.0035732,0.0037314,0.0032052,0.0029143,0.0041877,0.0037543,0.0034021,0.0041725,0.0032823,0.0035994,0.0035691,0.0043209,0.0029643,0.0043221,0.0032264,0.0034741,0.002874,0.0040688,0.0037285,0.0043589,0.0038207,0.0035945,0.0039338,0.0040112,0.003629,0.0028063,0.0044505,0.0031377,0.0036136,0.0035673,0.0037107,0.0035823,0.0038899,0.0036378,0.0031648,0.0036221,0.0043339,0.003548,0.0039433,0.0036058,0.0037218,0.003851,0.0036453,0.0044273,0.0044436,0.0038276,0.0044178,0.0035517,0.0039726,0.003469,0.0039787,0.0036062,0.0042975,0.0036391,0.0040583,0.0035417,0.0034578,0.0037898,0.0034483,0.0036126,0.0035303,0.003471,0.0040926,0.0041834,0.0037582,0.0040992,0.0039408,0.0030426,0.0033896,0.003035,0.0038904,0.0035391,0.0036573,0.0033274,0.0037667,0.0038423,0.0035384,0.0033501,0.0033837,0.003242,0.0032727,0.0044671,0.0031315,0.0033144,0.0039135,0.0040003,0.0044221,0.0038081,0.0039952,0.0039746,0.0041876,0.0037536,0.0034342,0.0032172,0.0043105,0.0035202,0.0040263,0.0040026,0.0030973,0.0040758,0.0035757,0.0039395,0.0037935,0.0039322,0.0033602,0.0040854,0.0039171,0.0033893,0.0033634,0.0036122,0.0043191,0.0031165,0.0039436,0.004123,0.0040655,0.0037953,0.003958,0.0033863,0.0032877,0.0042129,0.0040796,0.0035824,0.0038842,0.0041347,0.0035487,0.0033451,0.0031679,0.0039586,0.0034792,0.0036801,0.003824,0.0031896,0.0037509,0.0039513,0.0029618,0.0035628,0.0048528,0.0035286,0.0028136,0.0037829,0.0037788,0.0041659,0.003928,0.0041595,0.0032392,0.0032463,0.0028316,0.0033467,0.0033516,0.0034913,0.0030776,0.0038664,0.0039774,0.0031375,0.0033732,0.0030996,0.0039019,0.0035465,0.0036177,0.0034074,0.0036346,0.0034088,0.0034027,0.004003,0.0034052,0.0039318,0.0039198,0.0036155,0.0041498,0.0038308,0.0041073,0.0035382,0.0034094,0.0038782,0.0040057,0.0038363,0.0038525,0.0038685,0.0044319,0.0037533,0.0037614,0.0037417,0.0037864,0.0037677,0.0035642,0.0036535,0.0035848,0.0038053,0.0034738,0.004849,0.003695,0.003734,0.003787,0.0037912,0.0037014,0.003496,0.0031189,0.0034759,0.0043385,0.0037465,0.0036085,0.0039021,0.0034418,0.0039153,0.0038416,0.003677,0.0036049,0.0038508,0.004057,0.0032039,0.0040869,0.0032641,0.0036503,0.003824,0.0034778,0.0031998,0.0035841,0.0041655,0.0030143,0.0038529,0.0033046,0.0033233,0.0039425,0.0031282,0.0036763,0.0037297,0.0032424,0.0034699,0.0035777,0.0030102,0.0037805,0.0041869,0.0040498,0.0031834,0.0040966,0.0033351,0.0038032,0.0035631,0.0028624,0.0034293,0.0045572,0.0033312,0.003636,0.0032394,0.0043192,0.0037196,0.0035237,0.0036046,0.0030185,0.0030383,0.003332,0.0041094,0.0034308,0.0036082,0.0041394,0.0038599,0.0033797,0.0030104,0.0031247,0.0037162,0.0034242,0.0037688,0.0034145,652860.0,527600.0,4051000.0,2361500.0,1063500.0,5504200.0,2008000.0,2411200.0,2983400.0,2907700.0,715790.0,4946000.0,1272400.0,3886200.0,2497000.0,4962200.0,4006100.0,1313700.0,3439700.0,2457300.0,3280300.0,11623000.0,939160.0,6172800.0,733680.0,8929900.0,1559800.0,1804700.0,799240.0,3153800.0,1663100.0,5695800.0,23134000.0,2470300.0,2681400.0,4250800.0,1211200.0,1483800.0,1623100.0,2037800.0,1036500.0,2054600.0,998900.0,7322600.0,2384900.0,1789300.0,1464100.0,2229500.0,15638000.0,933030.0,7138100.0,3914300.0,695400.0,3830400.0,1057500.0,2604500.0,17325000.0,31464000.0,2325700.0,1698300.0,1501900.0,2783800.0,1015700.0,1887600.0,3336500.0,787200.0,2814400.0,1901400.0,3839200.0,2700300.0,1417200.0,1096800.0,14691000.0,5032200.0,1313700.0,3541200.0,1639800.0,944740.0,2521800.0,3636500.0,1267500.0,875270.0,2074100.0,856130.0,1823800.0,2791600.0,4851100.0,4107200.0,2293000.0,5593500.0,1274600.0,9165300.0,4558400.0,997350.0,1628100.0,875890.0,1738300.0,3439800.0,9756100.0,1694900.0,16185000.0,1389000.0,9707100.0,1601000.0,3111800.0,1248900.0,1595600.0,12279000.0,5012700.0,2131600.0,3788800.0,2346100.0,1178000.0,645020.0,3343500.0,11411000.0,2365500.0,1449300.0,738260.0,1883600.0,722040.0,1169800.0,2174300.0,8636100.0,4069700.0,2575300.0,3026200.0,2316200.0,1468700.0,757990.0,10124000.0,2341800.0,3477500.0,2031800.0,1344300.0,1016600.0,1973900.0,1030900.0,2818800.0,3841500.0,1137500.0,1448700.0,2060900.0,1490700.0,2159300.0,2379200.0,867820.0,6776700.0,1483200.0,9209400.0,6039000.0,796610.0,10241000.0,798180.0,1257100.0,18495000.0,669880.0,11896000.0,704520.0,5463300.0,3620500.0,3728500.0,2594300.0,5128500.0,4299400.0,4138300.0,945220.0,4052400.0,1605800.0,6226400.0,1476500.0,7458600.0,1058700.0,729360.0,3925100.0,2935000.0,1917500.0,8220700.0,2222600.0,929290.0,1207100.0,3637800.0,3493100.0,1909700.0,1445200.0,720570.0,6685600.0,5169700.0,2290100.0,619540.0,17391000.0,3256600.0,5152600.0,1119800.0,17904000.0,5318100.0,1077700.0,8409500.0,1326800.0,1407500.0,3909300.0,5195800.0,785010.0,1609000.0,953500.0,1742800.0,1536400.0,1428600.0,7692300.0,2295200.0,1389900.0,12034000.0,2729100.0,1213300.0,1238200.0,3194500.0,932670.0,4580100.0,1110300.0,1813100.0,7912700.0,4355400.0,685140.0,1393400.0,9817300.0,5161200.0,4960900.0,15079000.0,2942700.0,1891900.0,2294600.0,2933500.0,3129200.0,1844900.0,1714400.0,2219900.0,1469200.0,7074000.0,638180.0,3583000.0,8148600.0,8705300.0,1826300.0,5270900.0,3949100.0,4910800.0,847070.0,1117100.0,5283500.0,1523800.0,6462500.0,3415400.0,6961300.0,1931200.0,1605900.0,1559300.0,1065700.0,1101400.0,2250300.0,1018100.0,5082200.0,3404400.0,3048000.0,2817500.0,2386500.0,1906100.0,15335000.0,13457000.0,3518500.0,3147900.0,1932600.0,4368700.0,3283600.0,640970.0,2021700.0,760960.0,3461100.0,1947300.0,1.5249,1.826,4.1533,1.3,2.2296,4.2381,1.2101,1.9627,4.2546,2.5209,2.6767,4.3207,0.821,2.042,4.2558,1.5477,2.5007,3.9089,3.0136,2.8459,5.8535,1.2489,1.9719,4.2494,1.6797,1.724,4.2401,1.3023,2.2338,4.2543,0.80844,2.0487,4.1963,2.9374,2.8521,4.5424,5.7212,2.7784,1.4868,1.2466,2.7796,3.634,0.91184,2.1567,3.0241,2.4928,2.0701,4.446,1.482,1.6972,3.8971,0.67761,2.6067,3.8724,1.9911,1.7717,3.4634,1.1005,2.4097,3.1344,0.2631,2.2985,3.5549,1.7399,1.6505,3.3897,2.0432,2.7697,4.3552,1.7717,1.6542,3.3886,1.5248,1.6621,3.9305,0.36909,2.1448,3.1969,2.0715,2.3943,4.4159,1.5275,1.6797,3.2249,0.81318,1.9103,2.7716,3.0264,2.8368,5.8492,1.9755,1.7592,3.4611,0.9868,2.7034,2.8797,1.7611,2.5767,3.9695,0.63614,1.8814,2.7657,1.0624,2.4346,3.0861,1.8925,1.932,4.4821,1.6959,1.6721,3.8976,0.54115,2.1929,3.8195,1.288,2.4647,3.8368,1.0495,2.1071,3.2552,2.584,2.3144,4.2955,2.0886,2.1839,4.6864,1.4728,1.669,3.9188,1.8856,1.9542,4.4837,1.4942,2.1734,3.2567,0.82514,2.1448,3.1523,2.4178,2.3959,4.3357,1.9761,2.566,4.8874,1.9912,2.6044,4.8798,2.5786,2.308,4.2859,1.3364,2.5055,3.9338,1.719,2.261,4.3236,2.3006,3.0345,4.2216,0.54931,2.4364,2.5385,1.5265,2.0285,4.6027,2.0431,3.053,3.9714,0.36838,2.3751,3.4031,1.6511,1.6265,4.0858,0.74065,2.0847,3.0853,2.2355,2.2818,4.6667,0.63723,2.5319,3.0421,0.99376,2.1545,3.2492,0.096233,2.8971,1.8956,1.9941,2.0558,4.5906,2.5795,2.3308,4.2641,2.5634,2.3206,5.1622,2.052,2.7641,4.3336,1.1484,1.8538,3.9733,4.6545,2.9458,0.56258,0.89405,2.1541,3.0379,1.3476,2.0991,4.2715,1.1028,2.1439,3.5146,2.2156,2.7281,4.4865,1.6713,1.5985,4.1533,1.1488,2.5367,3.077,0.73042,2.4403,3.7609,2.1065,1.8915,3.7104,1.559,2.4668,3.4779,1.6074,2.5665,3.5958,1.6182,1.6624,4.2703,2.0566,2.7687,4.5407,2.1159,2.7629,4.6057,3.3004,2.7978,6.08,1.7068,1.6138,4.1794,1.7434,1.9742,3.4263,2.2555,2.9464,5.0669,1.149,2.5496,3.0831,2.6217,2.4315,4.9904,1.0082,2.6341,4.1025,1.5637,2.4591,3.496,1.1464,1.8582,4.1005,1.6654,1.6204,4.083,1.7236,1.9677,3.435,0.042073,2.9326,3.123,2.9047,2.2739,4.5825,1.3736,1.9569,4.2545,1.257,2.642,3.3528,1.4317,2.4521,3.3655,1.8051,1.9577,3.6995,1.9358,2.3806,4.0128,1.0962,2.3142,3.2028,2.5264,2.0142,5.1931,1.1983,2.6641,3.3054,1.4317,2.4709,3.3583,0.16829,2.9875,3.2229,0.68512,1.8319,2.8701,1.7092,2.0239,4.4618,1.509,1.8557,4.1519,5.4252,2.8861,1.772,0.81758,2.1468,2.8263,0.96712,2.642,4.0777,2.2611,2.5263,3.652,2.6349,2.3919,4.9684,2.8556,2.6651,4.5312,2.0885,2.4637,4.5241,2.3544,2.1235,4.1858,0.76759,2.0491,3.3457,0.41212,2.4574,2.953,0.57595,2.1624,3.7937,2.4492,2.4889,4.4897,0.80577,2.4183,2.916,1.2825,1.5758,4.319,1.6738,1.9915,3.465,0.10541,2.6807,2.0882,3.357,2.9495,0.089004,0.82648,2.3883,2.9345,1.6487,1.6458,4.1024,1.5146,1.8176,3.1978,0.77162,2.4246,2.8662,2.196,2.3333,4.9506,1.1631,2.556,3.1128,1.1066,2.0552,3.5429,0.49,2.0098,3.267,1.7152,1.9782,3.442,2.4293,2.0851,4.1665,2.1569,2.154,4.978,1.3241,1.7468,3.8142,0.73362,1.9856,2.7646,2.1531,2.1539,4.9869,2.2784,2.2092,4.4818,1.5597,2.3439,3.9725,4.1952,2.9819,0.11299,1.9307,2.3847,4.0021,0.78326,1.9724,4.126,1.1857,2.6032,4.2283,3.4888,2.839,6.0848,1.5827,1.6005,3.2769,0.29087,2.3301,3.4123,5.0664,2.9827,0.94066,0.52963,2.7953,3.2596,1.2415,2.5173,3.0008,2.1859,2.1342,4.9626,1.5232,2.0894,4.375,1.5651,1.6252,3.3259,1.4217,2.9163,3.3292,0.55483,2.4126,2.7852,0.89551,2.4375,2.9978,0.22007,2.6337,3.3427,1.665,2.3158,4.1761,0.51722,2.4247,2.7538,1.0556,2.224,3.6431,1.3707,1.7939,4.2996,0.29409,2.3265,3.416,1.5575,1.6045,3.2831,0.56233,2.4049,2.7796,2.9954,2.8658,5.9481,1.9434,2.579,4.0116,2.0166,2.206,4.6077,2.5171,2.7393,5.2187,1.8378,1.9612,3.8758,1.3362,1.8098,3.7154,2.2129,2.1434,4.9897,1.4423,2.6267,4.0104,0.80239,3.0549,2.5999,4.6087,2.9638,0.33131,1.2418,2.7235,4.2972,1.8855,1.9512,3.8915,1.2227,2.6427,2.8499,0.34313,2.7885,2.9573,0.99678,2.8979,4.1753,0.54788,2.5019,2.5902,0.71677,1.9716,2.9367,0.56559,2.4303,3.4199,1.6316,2.1867,4.2763,1.2349,2.7318,4.3453,0.62675,1.9799,3.0818,1.9949,1.8651,3.7905,1.2345,1.854,3.669,2.4028,2.6781,4.9098,1.4038,1.5476,4.1936,1.361,2.1468,3.1938,0.66318,1.996,3.07,0.57434,2.3844,2.6181,1.688,2.3112,4.1559,2.3818,2.6786,4.9407,0.60907,1.9935,3.0635,1.5889,1.7121,3.3274,0.72653,3.0192,2.5816,0.58288,2.5101,2.6009,3.0254,2.7425,5.9902,6.1475,2.8705,2.5364,4.468,2.9623,0.15645,2.3896,2.3656,3.748,1.1738,3.0816,4.0285,1.3614,2.3463,3.5349,0.51554,3.0964,3.3594,2.3901,2.2143,3.7822,1.2382,1.8502,3.676,2.4148,2.3282,4.5823,2.5884,2.6469,4.086,1.2546,2.7027,4.3594,1.8482,1.9551,3.8762,1.1877,2.7855,3.7112,2.4076,2.4225,5.0377,1.5178,2.6319,3.3169,2.1553,2.2116,4.0958,0.80296,1.9449,3.3843,2.4219,2.3865,3.7687,2.3774,2.3889,3.7339,2.2306,1.9266,4.9487,2.6469,2.2854,4.8109,2.3911,2.233,3.7972,1.4249,1.5928,3.8652,2.4369,2.6706,4.9516,1.857,1.9542,3.8859,0.77081,2.1417,4.0483,1.6329,1.8316,4.2834,2.4017,2.6585,4.9582,1.4397,2.3924,3.2699,5.8548,2.8691,2.1573,1.829,1.774,3.5124,1.9964,2.9918,4.2976,2.0408,1.96,4.7757,1.1395,2.5906,4.2971,1.9279,2.1469,4.8795,1.6098,1.7971,3.9625,1.6249,1.9948,3.3791,1.1049,2.7583,3.6624,0.93959,2.847,3.8166,1.4479,2.451,3.8943,1.1828,2.7692,3.6959,1.7881,1.7953,4.0893,0.86687,2.4449,2.7755,1.9063,2.0925,4.3789,0.046475,2.787,2.8406,1.0784,1.9695,4.287,0.95478,2.2849,3.0631,1.6145,2.3951,4.5708,0.96735,2.0848,2.8362,0.71296,2.0102,2.7175,1.6057,1.7937,3.9635,0.91171,2.4355,2.8197,1.3721,1.5912,3.8455,2.7753,2.6092,4.6209,1.1072,2.1693,3.6309,1.1863,2.7818,3.6982,1.9742,2.0302,4.4664,1.0458,1.9909,4.2574,1.8517,1.6523,3.4463,1.656,2.5074,3.9966,2.1451,2.5331,4.9217,2.1665,2.3907,3.6592,1.1562,3.0463,3.3873,1.4608,1.458,4.2442,0.59194,3.018,3.6196,1.6112,1.7421,4.2295,0.73498,2.0138,2.7297,0.67238,2.1911,3.988,2.6868,2.6147,4.5316,2.0598,2.1137,3.433,1.3584,2.8721,3.5216,1.1324,2.2641,3.6402,2.5344,2.0248,4.454,1.485,1.7162,4.4283,1.544,2.5798,3.5674,2.0382,2.3288,4.0857,2.6304,2.2892,4.96,0.474,2.4955,3.0151
0.1142,593.11,0.0038119,515.69,729.55,516.17,597.57,601.68,623.42,679.76,610.8,583.28,605.55,799.87,471.73,606.09,687.8,685.3,573.55,600.15,461.08,455.06,631.9,583.09,490.01,646.54,489.47,552.97,595.38,730.5,380.65,672.68,539.67,567.51,432.25,713.05,626.14,734.59,648.45,538.6,616.74,722.78,654.18,472.43,747.34,458.41,614.51,572.76,647.9,647.67,690.29,592.41,622.83,575.05,719.08,670.36,673.66,552.01,661.32,605.59,532.2,769.6,678.52,642.49,730.49,463.68,563.91,529.46,623.56,532.61,708.65,605.92,599.7,554.31,607.81,606.73,503.8,547.83,610.37,572.82,656.76,653.24,606.35,640.09,665.87,515.41,643.19,412.23,676.32,543.0,613.27,551.97,631.28,667.06,544.85,519.33,565.17,511.31,565.57,751.71,489.64,542.08,681.7,692.47,752.13,658.0,625.89,645.33,792.16,620.53,505.07,578.18,678.83,516.85,633.89,674.78,400.31,689.82,587.66,679.6,643.46,615.53,461.2,631.74,686.62,483.55,534.05,547.76,708.96,454.43,633.99,668.94,655.44,597.07,707.4,575.92,529.82,706.73,613.66,594.07,657.97,660.05,602.07,522.08,605.31,686.11,523.81,532.92,754.22,486.91,575.1,699.05,492.92,543.33,814.5,569.02,382.09,662.59,672.3,686.49,588.96,728.4,539.01,528.02,416.34,506.9,512.54,612.55,458.13,644.59,671.75,480.06,558.33,604.18,652.4,521.1,617.21,561.49,547.57,527.25,539.73,771.22,585.59,679.95,751.39,573.19,683.35,566.36,749.5,599.41,540.46,695.81,803.22,608.52,661.83,635.09,578.55,661.76,595.15,628.8,576.74,601.76,551.16,610.01,580.05,611.19,589.55,644.81,613.27,536.09,664.8,682.52,585.35,532.1,469.78,586.64,740.05,547.77,549.2,723.3,561.24,613.57,624.27,603.42,591.06,681.44,687.91,485.87,682.97,513.88,644.31,576.54,649.92,485.37,666.87,676.88,445.41,647.07,590.98,397.53,651.61,490.93,594.11,614.92,473.0,584.01,613.35,480.83,643.14,697.58,606.41,473.39,669.35,551.81,600.9,595.45,460.96,660.41,813.83,537.1,515.07,538.45,728.22,623.3,556.11,670.72,389.62,422.94,523.57,672.55,571.05,541.02,631.1,720.84,526.64,522.58,481.12,658.39,512.55,636.28,599.14,0.0040014,0.004622,0.0037186,0.0037,0.0039712,0.0039098,0.0041429,0.0041251,0.0038781,0.0040568,0.004744,0.0033517,0.0039116,0.0042242,0.0046028,0.003716,0.0039025,0.0033413,0.0030197,0.0043845,0.0039253,0.0035518,0.0043549,0.0034191,0.0037684,0.0037275,0.0045294,0.0030801,0.0045191,0.0033577,0.0036157,0.0029682,0.004261,0.0038878,0.0045666,0.0039957,0.0037414,0.0041217,0.004208,0.0037723,0.0029044,0.0046619,0.0032632,0.0037757,0.0037236,0.0038747,0.0037393,0.0040656,0.0037917,0.0032816,0.0037737,0.0045443,0.0037026,0.0041316,0.0037566,0.0038878,0.0040308,0.0038033,0.0046526,0.0046626,0.0040121,0.0046413,0.0036876,0.0041421,0.0036138,0.0041651,0.0037547,0.0044728,0.0037932,0.0042364,0.0036762,0.00361,0.0039568,0.0035933,0.0037653,0.0036697,0.0036223,0.0042808,0.0043678,0.0039344,0.0042739,0.0041058,0.003159,0.0035338,0.0031523,0.0040715,0.0036847,0.0038122,0.0034731,0.0039317,0.0040219,0.0036844,0.0034839,0.0035364,0.0033803,0.0034091,0.0046806,0.00326,0.0034532,0.0041076,0.0041813,0.0046408,0.0039815,0.0041876,0.0041682,0.0043919,0.0039323,0.0035847,0.0033528,0.0044878,0.0036755,0.0042137,0.0041803,0.0032113,0.0042653,0.0037352,0.0041245,0.0039627,0.0040943,0.0035155,0.0042632,0.004107,0.0035466,0.0035123,0.0037657,0.0045523,0.0032544,0.0041192,0.0043191,0.0042626,0.0039586,0.0041522,0.0035374,0.0034276,0.004416,0.0042541,0.0037415,0.0040522,0.00431,0.0036964,0.0034831,0.0032941,0.0041563,0.0036299,0.0038309,0.0039901,0.0033286,0.0039264,0.0041306,0.0030818,0.0037173,0.0050909,0.0036875,0.0029228,0.0039499,0.0039601,0.0043573,0.0041062,0.0043592,0.0033606,0.0033809,0.0029362,0.0034824,0.0035022,0.0036482,0.00321,0.0040396,0.0041455,0.0032559,0.0035175,0.0032343,0.004077,0.0036756,0.0037868,0.0035484,0.0037945,0.0035403,0.0035401,0.0041772,0.0035531,0.0041069,0.004118,0.0037684,0.0043612,0.0039958,0.0043128,0.0036993,0.0035486,0.0040549,0.0042146,0.0040121,0.0040326,0.0040434,0.0046499,0.0039237,0.0039335,0.0038943,0.0039584,0.0039286,0.0037243,0.0038147,0.0037385,0.0039754,0.0036292,0.0051239,0.0038524,0.0039,0.0039513,0.0039662,0.003875,0.0036319,0.0032463,0.0036204,0.0045495,0.0039176,0.0037651,0.0040546,0.0035815,0.0040919,0.004014,0.003833,0.0037575,0.004034,0.0042298,0.0033358,0.0042878,0.0033997,0.0038129,0.0039831,0.0036075,0.003322,0.0037387,0.004362,0.0031196,0.0040181,0.0034359,0.0034624,0.0041196,0.0032481,0.0038317,0.0038951,0.0033766,0.0036106,0.0037227,0.00311,0.0039544,0.0043743,0.0042256,0.0032997,0.0042772,0.0034697,0.0039669,0.0037117,0.0029674,0.0035748,0.0047802,0.0034709,0.0037762,0.0033622,0.004505,0.0038768,0.0036769,0.0037648,0.0031378,0.0031509,0.0034717,0.0042873,0.0035804,0.0037739,0.004333,0.0040088,0.0035321,0.0031197,0.003253,0.0038923,0.0035534,0.0039449,0.0035486,652860.0,527600.0,4051000.0,2361500.0,1063500.0,5504200.0,2008000.0,2411200.0,2983400.0,2907700.0,715790.0,4946000.0,1272400.0,3886200.0,2497000.0,4962200.0,4006100.0,1313700.0,3439700.0,2457300.0,3280300.0,11623000.0,939160.0,6172800.0,733680.0,8929900.0,1559800.0,1804700.0,799240.0,3153800.0,1663100.0,5695800.0,23134000.0,2470300.0,2681400.0,4250800.0,1211200.0,1483800.0,1623100.0,2037800.0,1036500.0,2054600.0,998900.0,7322600.0,2384900.0,1789300.0,1464100.0,2229500.0,15638000.0,933030.0,7138100.0,3914300.0,695400.0,3830400.0,1057500.0,2604500.0,17325000.0,31464000.0,2325700.0,1698300.0,1501900.0,2783800.0,1015700.0,1887600.0,3336500.0,787200.0,2814400.0,1901400.0,3839200.0,2700300.0,1417200.0,1096800.0,14691000.0,5032200.0,1313700.0,3541200.0,1639800.0,944740.0,2521800.0,3636500.0,1267500.0,875270.0,2074100.0,856130.0,1823800.0,2791600.0,4851100.0,4107200.0,2293000.0,5593500.0,1274600.0,9165300.0,4558400.0,997350.0,1628100.0,875890.0,1738300.0,3439800.0,9756100.0,1694900.0,16185000.0,1389000.0,9707100.0,1601000.0,3111800.0,1248900.0,1595600.0,12279000.0,5012700.0,2131600.0,3788800.0,2346100.0,1178000.0,645020.0,3343500.0,11411000.0,2365500.0,1449300.0,738260.0,1883600.0,722040.0,1169800.0,2174300.0,8636100.0,4069700.0,2575300.0,3026200.0,2316200.0,1468700.0,757990.0,10124000.0,2341800.0,3477500.0,2031800.0,1344300.0,1016600.0,1973900.0,1030900.0,2818800.0,3841500.0,1137500.0,1448700.0,2060900.0,1490700.0,2159300.0,2379200.0,867820.0,6776700.0,1483200.0,9209400.0,6039000.0,796610.0,10241000.0,798180.0,1257100.0,18495000.0,669880.0,11896000.0,704520.0,5463300.0,3620500.0,3728500.0,2594300.0,5128500.0,4299400.0,4138300.0,945220.0,4052400.0,1605800.0,6226400.0,1476500.0,7458600.0,1058700.0,729360.0,3925100.0,2935000.0,1917500.0,8220700.0,2222600.0,929290.0,1207100.0,3637800.0,3493100.0,1909700.0,1445200.0,720570.0,6685600.0,5169700.0,2290100.0,619540.0,17391000.0,3256600.0,5152600.0,1119800.0,17904000.0,5318100.0,1077700.0,8409500.0,1326800.0,1407500.0,3909300.0,5195800.0,785010.0,1609000.0,953500.0,1742800.0,1536400.0,1428600.0,7692300.0,2295200.0,1389900.0,12034000.0,2729100.0,1213300.0,1238200.0,3194500.0,932670.0,4580100.0,1110300.0,1813100.0,7912700.0,4355400.0,685140.0,1393400.0,9817300.0,5161200.0,4960900.0,15079000.0,2942700.0,1891900.0,2294600.0,2933500.0,3129200.0,1844900.0,1714400.0,2219900.0,1469200.0,7074000.0,638180.0,3583000.0,8148600.0,8705300.0,1826300.0,5270900.0,3949100.0,4910800.0,847070.0,1117100.0,5283500.0,1523800.0,6462500.0,3415400.0,6961300.0,1931200.0,1605900.0,1559300.0,1065700.0,1101400.0,2250300.0,1018100.0,5082200.0,3404400.0,3048000.0,2817500.0,2386500.0,1906100.0,15335000.0,13457000.0,3518500.0,3147900.0,1932600.0,4368700.0,3283600.0,640970.0,2021700.0,760960.0,3461100.0,1947300.0,1.5254,1.8242,4.1513,1.3034,2.2305,4.2401,1.207,1.9599,4.2571,2.5238,2.6786,4.3229,0.81649,2.0401,4.2602,1.5506,2.5028,3.9107,3.0141,2.8468,5.858,1.2517,1.9694,4.2517,1.6715,1.7241,4.239,1.3051,2.2345,4.258,0.8018,2.0469,4.1951,2.9436,2.8542,4.5474,5.722,2.7786,1.4888,1.2482,2.771,3.6359,0.90674,2.1582,3.0241,2.4943,2.0729,4.4467,1.4825,1.699,3.8962,0.67959,2.6119,3.8706,1.9897,1.7729,3.462,1.1035,2.4053,3.1439,0.2612,2.3004,3.5531,1.7348,1.6479,3.3903,2.0338,2.7625,4.3463,1.7693,1.6526,3.3887,1.5302,1.6606,3.9333,0.36548,2.1463,3.196,2.076,2.3987,4.4198,1.5327,1.681,3.2281,0.81157,1.9147,2.7714,3.0296,2.8362,5.8543,1.9716,1.7587,3.4594,0.98499,2.7018,2.8795,1.7544,2.5752,3.9659,0.63729,1.883,2.7619,1.061,2.4333,3.0898,1.8918,1.9345,4.4806,1.6974,1.6695,3.8981,0.54571,2.1909,3.83,1.3002,2.4697,3.844,1.0538,2.1131,3.2535,2.5892,2.3168,4.2963,2.0917,2.188,4.6877,1.4725,1.6681,3.9199,1.8845,1.959,4.4823,1.4951,2.1739,3.2551,0.82484,2.1534,3.1468,2.4179,2.3993,4.3383,1.9796,2.5615,4.8862,1.9971,2.6049,4.8793,2.5833,2.31,4.286,1.3428,2.5073,3.9326,1.7234,2.2646,4.3275,2.3231,3.0308,4.2414,0.55539,2.4317,2.5473,1.5254,2.0251,4.6025,2.0385,3.0511,3.964,0.36499,2.3751,3.3983,1.6499,1.6258,4.0862,0.74514,2.0925,3.0837,2.2349,2.2857,4.6691,0.63909,2.5218,3.0475,0.9914,2.1643,3.2458,0.092385,2.898,1.8861,1.9942,2.0647,4.5914,2.5833,2.3346,4.2608,2.549,2.3177,5.1562,2.0409,2.7562,4.3204,1.1573,1.8537,3.9769,4.6555,2.938,0.56596,0.89476,2.1574,3.0359,1.3531,2.0989,4.2728,1.1085,2.1513,3.5174,2.2029,2.724,4.4741,1.6679,1.598,4.1527,1.1496,2.5342,3.0794,0.72758,2.4426,3.7602,2.1135,1.8866,3.7069,1.5536,2.4708,3.4788,1.5999,2.5712,3.5944,1.6128,1.6597,4.2727,2.0502,2.7629,4.5352,2.1144,2.7569,4.6067,3.2937,2.7994,6.0767,1.7077,1.6154,4.1817,1.7494,1.9702,3.423,2.2726,2.9462,5.0863,1.1483,2.5491,3.0846,2.6189,2.4294,4.9904,1.0072,2.6384,4.1073,1.5581,2.462,3.4994,1.1408,1.8657,4.1008,1.6659,1.6193,4.0827,1.7262,1.9635,3.4332,0.015121,2.9306,3.1006,2.9076,2.2711,4.5857,1.381,1.957,4.2611,1.2581,2.6368,3.3576,1.4277,2.4518,3.3683,1.8012,1.954,3.6965,1.9335,2.3867,4.0164,1.0959,2.3181,3.2047,2.5256,2.009,5.1989,1.1936,2.6601,3.3054,1.427,2.4728,3.3606,0.15052,2.9926,3.2065,0.68521,1.8359,2.8641,1.7103,2.0227,4.4679,1.5128,1.854,4.1562,5.4103,2.883,1.7615,0.8179,2.1504,2.8316,0.96071,2.6474,4.0793,2.2734,2.5249,3.656,2.634,2.3846,4.9655,2.8614,2.6603,4.5327,2.0816,2.4565,4.525,2.3554,2.1266,4.1857,0.76822,2.0578,3.3449,0.42325,2.4551,2.962,0.57283,2.1652,3.804,2.4566,2.4857,4.4974,0.81126,2.4138,2.9228,1.2868,1.5751,4.3228,1.6706,1.9895,3.4673,0.11713,2.6796,2.0925,3.3759,2.9499,0.11104,0.83466,2.3798,2.9444,1.6473,1.6473,4.1047,1.5168,1.813,3.1998,0.77334,2.4208,2.8672,2.1999,2.331,4.9501,1.1661,2.5557,3.1187,1.1189,2.068,3.548,0.48312,2.0146,3.2689,1.7172,1.9743,3.4411,2.4344,2.0866,4.1622,2.1589,2.1539,4.9784,1.3289,1.7464,3.8164,0.73875,1.9874,2.7659,2.1546,2.1543,4.9885,2.2731,2.2125,4.4849,1.5595,2.3509,3.9743,4.1934,2.9777,0.10853,1.9267,2.3909,4.0028,0.77699,1.9731,4.1277,1.188,2.6076,4.2306,3.4845,2.8372,6.0854,1.5883,1.5991,3.2761,0.28637,2.3343,3.4118,5.0548,2.9818,0.92164,0.52725,2.7966,3.262,1.2395,2.5187,3.0043,2.1897,2.1322,4.9608,1.5295,2.0887,4.3789,1.5689,1.6258,3.3311,1.4283,2.9158,3.3262,0.56679,2.408,2.7933,0.89258,2.4343,2.9983,0.21971,2.6358,3.3426,1.6734,2.3246,4.1833,0.52661,2.422,2.7588,1.0566,2.2311,3.6404,1.3687,1.7919,4.3004,0.29072,2.3298,3.4169,1.5605,1.6032,3.2829,0.57595,2.399,2.787,2.9958,2.8653,5.953,1.9339,2.5759,4.008,2.0224,2.2095,4.6104,2.5012,2.7344,5.2102,1.8314,1.9604,3.872,1.3415,1.8078,3.719,2.2199,2.1422,4.9907,1.4451,2.6226,4.0092,0.77406,3.0515,2.566,4.6023,2.9609,0.32513,1.2398,2.7291,4.2928,1.8828,1.9512,3.8923,1.2191,2.6442,2.8476,0.34115,2.7898,2.9586,1.0027,2.8993,4.1797,0.54607,2.4988,2.5924,0.71865,1.9775,2.9292,0.56802,2.4344,3.4189,1.6402,2.1883,4.2826,1.2321,2.7379,4.3468,0.62558,1.9839,3.0759,1.9972,1.8613,3.787,1.2397,1.8554,3.6721,2.3922,2.6718,4.8979,1.4079,1.5506,4.1959,1.3572,2.1456,3.1958,0.6665,2.0028,3.0637,0.58501,2.3765,2.6227,1.6951,2.3178,4.1594,2.3719,2.6727,4.9348,0.60561,1.9991,3.0561,1.5912,1.7126,3.3273,0.74481,3.0168,2.5931,0.58416,2.5091,2.6029,3.0392,2.7419,6.0034,6.1429,2.8712,2.5357,4.4467,2.9583,0.13105,2.3947,2.3596,3.7464,1.2114,3.0811,4.0752,1.3522,2.3569,3.5314,0.46597,3.0982,3.3183,2.3919,2.2107,3.778,1.2424,1.8503,3.6799,2.4127,2.3273,4.5851,2.5887,2.6502,4.0937,1.2535,2.7047,4.362,1.843,1.9537,3.8723,1.196,2.7834,3.7189,2.4026,2.4149,5.0308,1.5078,2.6318,3.3202,2.153,2.2155,4.0952,0.80299,1.9497,3.3853,2.429,2.3829,3.77,2.3802,2.3858,3.7312,2.2368,1.9321,4.9556,2.6458,2.2848,4.813,2.3944,2.2322,3.7949,1.43,1.5936,3.8689,2.4332,2.6639,4.947,1.853,1.953,3.8832,0.76972,2.1413,4.0588,1.6358,1.8317,4.2864,2.3943,2.6502,4.9549,1.4382,2.3928,3.2711,5.8445,2.867,2.1507,1.8247,1.771,3.5168,1.9942,2.9867,4.2928,2.0446,1.9618,4.7781,1.145,2.5926,4.3006,1.9348,2.1469,4.882,1.6084,1.796,3.9619,1.6279,1.9926,3.3768,1.1165,2.7556,3.6743,0.94204,2.8487,3.8171,1.4561,2.4573,3.901,1.1904,2.7648,3.7009,1.7826,1.7943,4.0885,0.86202,2.4429,2.7764,1.9061,2.0958,4.3788,0.043311,2.7857,2.8415,1.0769,1.9708,4.2902,0.95582,2.2786,3.0688,1.6122,2.395,4.5685,0.96509,2.0843,2.8364,0.70945,2.0111,2.7148,1.6048,1.7918,3.9629,0.91128,2.4324,2.8255,1.3715,1.5913,3.8466,2.7762,2.6116,4.619,1.1107,2.1736,3.6312,1.1954,2.7789,3.7052,1.9742,2.0365,4.4652,1.0411,1.9944,4.2574,1.8511,1.6526,3.446,1.6549,2.5102,3.9962,2.1488,2.53,4.9213,2.168,2.3916,3.6532,1.1542,3.0423,3.3851,1.4621,1.4575,4.2456,0.59097,3.0201,3.6227,1.6097,1.7403,4.2291,0.73399,2.0152,2.7284,0.67043,2.1906,3.9934,2.6864,2.6161,4.5305,2.0678,2.1125,3.4325,1.3564,2.8648,3.5199,1.1393,2.2739,3.6408,2.5352,2.0283,4.452,1.4842,1.7134,4.4293,1.5354,2.5776,3.5658,2.0349,2.3342,4.088,2.6216,2.2792,4.9559,0.47711,2.4917,3.0217
0.12352,611.99,0.0039329,531.09,756.53,534.91,615.72,624.78,642.7,698.61,628.74,600.47,624.02,829.99,484.42,622.63,711.89,714.81,589.45,620.24,475.65,467.61,654.99,601.8,504.83,665.38,503.5,571.46,612.63,757.99,391.58,696.14,554.68,583.09,442.44,737.8,645.99,760.47,669.49,554.71,641.61,748.85,670.75,486.2,772.61,470.27,634.51,591.44,668.57,668.86,713.45,611.13,640.72,593.16,745.4,690.51,699.04,569.11,682.32,625.61,548.66,796.75,704.5,666.1,758.61,473.44,580.52,545.09,644.23,548.71,723.6,625.13,620.02,567.39,629.08,627.41,518.67,566.19,626.25,593.09,678.77,675.23,624.39,659.56,684.2,529.12,664.35,424.18,698.92,559.78,633.69,569.51,652.17,690.21,560.09,533.02,584.51,526.24,580.81,777.56,505.66,557.83,706.05,716.07,780.55,680.46,648.98,667.38,821.8,642.48,520.77,594.52,701.06,533.31,656.07,696.48,410.76,713.08,606.44,703.43,663.69,633.56,477.86,653.05,707.08,501.1,550.1,563.71,739.85,469.38,652.63,693.65,680.54,616.03,734.11,592.95,545.74,729.71,632.1,612.37,677.9,680.56,621.05,539.77,622.23,712.51,539.82,547.87,774.52,503.38,593.81,719.13,506.44,560.97,846.14,586.74,393.05,677.63,696.7,709.91,607.52,754.96,553.56,544.91,426.33,520.2,528.02,633.29,471.84,666.1,693.26,491.35,574.73,621.14,674.06,533.97,636.08,578.9,564.33,541.47,555.2,794.24,604.25,701.83,780.08,590.21,708.39,583.11,775.11,620.53,555.76,719.38,833.01,628.94,685.06,656.6,604.97,683.86,614.89,652.25,592.99,619.77,568.47,627.46,597.32,631.0,608.79,677.91,632.41,554.37,683.22,706.68,605.04,545.35,483.74,604.71,767.3,569.74,566.28,741.99,578.58,635.43,644.2,622.3,609.66,703.22,707.97,500.29,710.17,528.98,665.12,594.03,665.95,499.41,688.3,699.76,456.06,666.96,608.67,409.3,672.34,503.22,613.56,635.31,485.53,602.66,631.74,491.84,665.23,720.33,624.38,486.46,689.99,567.55,620.39,615.19,472.69,679.85,838.51,554.73,527.99,553.14,750.93,644.13,574.69,690.52,398.49,433.07,538.47,692.34,590.14,557.81,654.18,738.6,546.08,534.84,492.83,682.32,525.69,660.5,615.58,0.0041315,0.0047892,0.0038402,0.0038118,0.0041118,0.0040287,0.0042709,0.0042525,0.0040065,0.0041872,0.0049192,0.0034471,0.0040311,0.0043765,0.0047792,0.0038193,0.0040346,0.0034412,0.0030989,0.0045381,0.0040519,0.003663,0.004493,0.0035197,0.0038955,0.0038421,0.0046898,0.0031672,0.00467,0.0034529,0.0037177,0.0030376,0.0044095,0.0040108,0.0047244,0.0041296,0.00385,0.0042757,0.0043632,0.003881,0.0029726,0.0048223,0.0033549,0.0039017,0.0038425,0.0040043,0.0038587,0.0042027,0.0039094,0.003363,0.0038906,0.0047036,0.0038106,0.0042812,0.0038655,0.0040092,0.0041656,0.0039199,0.0048263,0.0048286,0.0041518,0.0048185,0.0037771,0.0042695,0.0037196,0.0043118,0.0038675,0.0045896,0.0039086,0.0043709,0.0037704,0.0037318,0.0040849,0.0036985,0.0038823,0.0037688,0.0037448,0.0044236,0.0045086,0.0040645,0.0044092,0.0042294,0.0032411,0.0036437,0.0032415,0.0042067,0.0037939,0.0039332,0.0035846,0.004062,0.0041657,0.0037907,0.0035813,0.0036528,0.0034834,0.0035119,0.0048476,0.0033599,0.0035566,0.004257,0.0043205,0.0048101,0.0041157,0.0043323,0.0043144,0.0045565,0.004067,0.0036956,0.0034538,0.0046211,0.0037901,0.0043547,0.0043137,0.0032929,0.0044127,0.0038554,0.004265,0.0040906,0.0042208,0.0036293,0.0044011,0.004243,0.0036652,0.0036217,0.0038787,0.0047415,0.0033594,0.004247,0.0044706,0.004415,0.0040834,0.0043143,0.0036481,0.003532,0.0045693,0.0043813,0.0038567,0.0041767,0.0044345,0.0038115,0.0035928,0.0033883,0.0043146,0.0037474,0.0039364,0.0041054,0.0034323,0.004059,0.0042597,0.0031701,0.0038349,0.0052739,0.0038045,0.0030003,0.0040625,0.0041042,0.0045012,0.0042379,0.004519,0.0034525,0.0034864,0.0030113,0.0035827,0.0036143,0.0037707,0.0033099,0.004173,0.0042756,0.0033422,0.0036267,0.0033334,0.0042106,0.0037744,0.0039104,0.0036531,0.0039102,0.0036355,0.0036399,0.0043038,0.0036649,0.00424,0.00428,0.0038817,0.0045226,0.0041173,0.0044704,0.0038236,0.00365,0.0041883,0.0043649,0.0041448,0.0041738,0.0041816,0.0048219,0.0040568,0.0040626,0.0040069,0.0040829,0.004043,0.0038417,0.0039303,0.0038519,0.004106,0.0037405,0.0053458,0.0039667,0.0040247,0.0040692,0.0040983,0.0040019,0.0037272,0.0033396,0.0037264,0.0047151,0.0040543,0.0038828,0.0041649,0.0036872,0.0042281,0.0041496,0.0039511,0.0038726,0.0041692,0.0043576,0.003432,0.0044548,0.0035017,0.0039383,0.0041008,0.0036992,0.0034102,0.0038545,0.0045107,0.0031924,0.0041406,0.0035316,0.0035622,0.0042536,0.0033356,0.0039573,0.0040238,0.0034739,0.0037182,0.0038307,0.003177,0.0040864,0.0045146,0.0043528,0.0033862,0.0044101,0.0035678,0.0040903,0.0038217,0.0030418,0.0036837,0.0049476,0.0035826,0.0038803,0.00345,0.0046395,0.0040013,0.0037935,0.0038816,0.0032231,0.0032293,0.0035744,0.0044182,0.0036974,0.0038958,0.0044842,0.0041172,0.0036577,0.0031947,0.0033459,0.0040322,0.0036515,0.0040905,0.0036504,652860.0,527600.0,4051000.0,2361500.0,1063500.0,5504200.0,2008000.0,2411200.0,2983400.0,2907700.0,715790.0,4946000.0,1272400.0,3886200.0,2497000.0,4962200.0,4006100.0,1313700.0,3439700.0,2457300.0,3280300.0,11623000.0,939160.0,6172800.0,733680.0,8929900.0,1559800.0,1804700.0,799240.0,3153800.0,1663100.0,5695800.0,23134000.0,2470300.0,2681400.0,4250800.0,1211200.0,1483800.0,1623100.0,2037800.0,1036500.0,2054600.0,998900.0,7322600.0,2384900.0,1789300.0,1464100.0,2229500.0,15638000.0,933030.0,7138100.0,3914300.0,695400.0,3830400.0,1057500.0,2604500.0,17325000.0,31464000.0,2325700.0,1698300.0,1501900.0,2783800.0,1015700.0,1887600.0,3336500.0,787200.0,2814400.0,1901400.0,3839200.0,2700300.0,1417200.0,1096800.0,14691000.0,5032200.0,1313700.0,3541200.0,1639800.0,944740.0,2521800.0,3636500.0,1267500.0,875270.0,2074100.0,856130.0,1823800.0,2791600.0,4851100.0,4107200.0,2293000.0,5593500.0,1274600.0,9165300.0,4558400.0,997350.0,1628100.0,875890.0,1738300.0,3439800.0,9756100.0,1694900.0,16185000.0,1389000.0,9707100.0,1601000.0,3111800.0,1248900.0,1595600.0,12279000.0,5012700.0,2131600.0,3788800.0,2346100.0,1178000.0,645020.0,3343500.0,11411000.0,2365500.0,1449300.0,738260.0,1883600.0,722040.0,1169800.0,2174300.0,8636100.0,4069700.0,2575300.0,3026200.0,2316200.0,1468700.0,757990.0,10124000.0,2341800.0,3477500.0,2031800.0,1344300.0,1016600.0,1973900.0,1030900.0,2818800.0,3841500.0,1137500.0,1448700.0,2060900.0,1490700.0,2159300.0,2379200.0,867820.0,6776700.0,1483200.0,9209400.0,6039000.0,796610.0,10241000.0,798180.0,1257100.0,18495000.0,669880.0,11896000.0,704520.0,5463300.0,3620500.0,3728500.0,2594300.0,5128500.0,4299400.0,4138300.0,945220.0,4052400.0,1605800.0,6226400.0,1476500.0,7458600.0,1058700.0,729360.0,3925100.0,2935000.0,1917500.0,8220700.0,2222600.0,929290.0,1207100.0,3637800.0,3493100.0,1909700.0,1445200.0,720570.0,6685600.0,5169700.0,2290100.0,619540.0,17391000.0,3256600.0,5152600.0,1119800.0,17904000.0,5318100.0,1077700.0,8409500.0,1326800.0,1407500.0,3909300.0,5195800.0,785010.0,1609000.0,953500.0,1742800.0,1536400.0,1428600.0,7692300.0,2295200.0,1389900.0,12034000.0,2729100.0,1213300.0,1238200.0,3194500.0,932670.0,4580100.0,1110300.0,1813100.0,7912700.0,4355400.0,685140.0,1393400.0,9817300.0,5161200.0,4960900.0,15079000.0,2942700.0,1891900.0,2294600.0,2933500.0,3129200.0,1844900.0,1714400.0,2219900.0,1469200.0,7074000.0,638180.0,3583000.0,8148600.0,8705300.0,1826300.0,5270900.0,3949100.0,4910800.0,847070.0,1117100.0,5283500.0,1523800.0,6462500.0,3415400.0,6961300.0,1931200.0,1605900.0,1559300.0,1065700.0,1101400.0,2250300.0,1018100.0,5082200.0,3404400.0,3048000.0,2817500.0,2386500.0,1906100.0,15335000.0,13457000.0,3518500.0,3147900.0,1932600.0,4368700.0,3283600.0,640970.0,2021700.0,760960.0,3461100.0,1947300.0,1.5259,1.8228,4.1497,1.306,2.2312,4.2413,1.2046,1.9578,4.2587,2.5259,2.6802,4.3244,0.81319,2.0388,4.2631,1.5525,2.5042,3.9118,3.0142,2.8476,5.8612,1.2538,1.9675,4.2532,1.6654,1.7241,4.238,1.307,2.235,4.2605,0.79689,2.0455,4.1942,2.9484,2.8558,4.5514,5.7227,2.7785,1.4904,1.2488,2.7646,3.6368,0.90301,2.1593,3.0238,2.4954,2.0751,4.4471,1.4828,1.7003,3.8952,0.68087,2.6158,3.869,1.9887,1.7739,3.4608,1.1053,2.4019,3.1506,0.25973,2.3015,3.5517,1.7309,1.6459,3.3906,2.0266,2.7572,4.3394,1.7675,1.6513,3.3886,1.534,1.6595,3.9351,0.36279,2.1473,3.1952,2.0792,2.402,4.4225,1.5364,1.682,3.2303,0.81042,1.9176,2.7712,3.0317,2.8359,5.8578,1.9687,1.7583,3.4581,0.98331,2.7006,2.8789,1.7494,2.5742,3.963,0.63814,1.884,2.7591,1.0597,2.4323,3.0922,1.8913,1.9364,4.4793,1.6984,1.6676,3.8982,0.54908,2.189,3.8377,1.3088,2.473,3.849,1.0566,2.1174,3.2521,2.5931,2.3188,4.2969,2.094,2.191,4.6885,1.4722,1.6672,3.9205,1.8836,1.9627,4.4809,1.4958,2.1743,3.2536,0.8244,2.1595,3.1425,2.4177,2.402,4.3398,1.9818,2.5583,4.8849,2.0012,2.6052,4.8785,2.587,2.3117,4.2859,1.3472,2.5086,3.9313,1.7265,2.2673,4.33,2.3369,3.0283,4.2533,0.55979,2.428,2.5537,1.5248,2.0226,4.602,2.0321,3.0499,3.9555,0.36228,2.3749,3.3944,1.6491,1.6253,4.0863,0.74847,2.098,3.0824,2.2344,2.2885,4.6706,0.64011,2.5143,3.0509,0.98931,2.1711,3.2429,0.0899,2.8983,1.8793,1.9943,2.0712,4.5918,2.586,2.3375,4.2583,2.5384,2.3159,5.1518,2.032,2.7505,4.3101,1.1638,1.8535,3.9792,4.6571,2.9319,0.56941,0.89505,2.1596,3.0342,1.3572,2.0987,4.2735,1.1126,2.1565,3.5192,2.1931,2.7212,4.4645,1.6655,1.5976,4.1519,1.1498,2.5321,3.0807,0.72526,2.444,3.7595,2.1187,1.8833,3.7043,1.5492,2.4738,3.4789,1.5939,2.5747,3.5928,1.6088,1.6577,4.2741,2.045,2.7587,4.5306,2.1128,2.7526,4.6069,3.2886,2.8008,6.0743,1.7084,1.6166,4.1831,1.7539,1.9672,3.4203,2.2844,2.9462,5.0997,1.1474,2.5485,3.0852,2.6165,2.4282,4.9902,1.006,2.6415,4.1102,1.5534,2.464,3.5014,1.1364,1.8711,4.1008,1.6662,1.6184,4.0821,1.7281,1.9603,3.4314,6.2792,2.9287,3.0848,2.9097,2.2693,4.588,1.3864,1.9568,4.2657,1.2582,2.633,3.3604,1.4243,2.4515,3.3699,1.7983,1.9513,3.694,1.9315,2.3914,4.0187,1.0955,2.3208,3.2057,2.525,2.0055,5.203,1.1895,2.6571,3.3047,1.4232,2.4742,3.3618,0.13723,2.996,3.1941,0.68512,1.8387,2.8594,1.7109,2.0218,4.4722,1.5154,1.8528,4.159,5.4009,2.8806,1.7552,0.81807,2.1529,2.8351,0.95546,2.6512,4.0798,2.282,2.5239,3.6586,2.6334,2.3794,4.9632,2.8655,2.6571,4.5336,2.0766,2.4516,4.5254,2.356,2.1292,4.1855,0.76863,2.0642,3.344,0.43146,2.453,2.9684,0.57056,2.1668,3.8113,2.4619,2.4837,4.5027,0.81472,2.4105,2.9272,1.2902,1.5746,4.3252,1.6681,1.988,3.4687,0.12578,2.6784,2.0957,3.3903,2.9505,0.12774,0.84003,2.3735,2.9512,1.6462,1.6483,4.1061,1.5183,1.8098,3.2008,0.77407,2.4178,2.8674,2.2024,2.3293,4.9494,1.1679,2.5553,3.1224,1.1275,2.0774,3.5513,0.47776,2.0179,3.2701,1.7185,1.9715,3.44,2.4382,2.088,4.1586,2.1602,2.1541,4.9784,1.3325,1.7461,3.8175,0.74226,1.9885,2.7667,2.1555,2.1549,4.9893,2.2689,2.2152,4.4869,1.5591,2.3559,3.9751,4.1937,2.9748,0.10678,1.9233,2.3956,4.0027,0.7724,1.9733,4.1288,1.1891,2.6108,4.2315,3.4814,2.8362,6.0861,1.5924,1.5983,3.2752,0.28293,2.337,3.4112,5.0486,2.981,0.91,0.52511,2.7972,3.2635,1.2376,2.5195,3.0062,2.1922,2.131,4.9592,1.5339,2.0881,4.3813,1.5715,1.6262,3.3346,1.4316,2.9155,3.3223,0.5751,2.4043,2.7988,0.89021,2.4315,2.9983,0.21925,2.6369,3.3423,1.6795,2.3312,4.188,0.53318,2.4198,2.7621,1.057,2.2361,3.638,1.3672,1.7903,4.3005,0.28814,2.3317,3.4175,1.5627,1.6024,3.2823,0.58552,2.3943,2.7918,2.9954,2.8654,5.956,1.9261,2.5736,4.0045,2.0264,2.2123,4.612,2.4888,2.7311,5.203,1.8264,1.9598,3.8686,1.3453,1.806,3.7211,2.2247,2.1416,4.991,1.4463,2.6196,4.0074,0.7505,3.0487,2.5383,4.6002,2.9588,0.32336,1.2374,2.7332,4.2884,1.8805,1.9515,3.8924,1.2155,2.6454,2.8448,0.33917,2.7902,2.9591,1.0054,2.9001,4.1812,0.54452,2.496,2.5938,0.71996,1.9816,2.9234,0.56963,2.4369,3.4179,1.6465,2.1896,4.2868,1.2288,2.7422,4.3467,0.62473,1.9865,3.0711,1.9988,1.8587,3.784,1.2435,1.8564,3.6739,2.3837,2.6674,4.8883,1.4113,1.5526,4.1972,1.3542,2.1447,3.1968,0.66893,2.0075,3.0587,0.59213,2.3704,2.6255,1.6998,2.3225,4.1613,2.3642,2.6686,4.9299,0.60303,2.0027,3.0502,1.5928,1.7132,3.3268,0.75488,3.0148,2.5983,0.5847,2.5082,2.6039,3.0493,2.7419,6.0131,6.1397,2.8713,2.5354,4.4339,2.9555,0.11524,2.3981,2.3555,3.7447,1.231,3.0806,4.1016,1.3451,2.3643,3.5283,0.42263,3.099,3.2812,2.3929,2.2084,3.7746,1.2453,1.8502,3.6822,2.4108,2.3271,4.5868,2.5884,2.6531,4.099,1.2517,2.706,4.3628,1.8391,1.9528,3.8689,1.2008,2.7815,3.7232,2.3987,2.4098,5.0254,1.4997,2.6315,3.3218,2.1509,2.2188,4.0943,0.80265,1.9528,3.3856,2.4335,2.3804,3.7703,2.3817,2.3838,3.7287,2.2413,1.9365,4.9604,2.6446,2.2848,4.8142,2.3965,2.2319,3.7927,1.4337,1.5941,3.8712,2.4298,2.6593,4.9429,1.8498,1.9522,3.8808,0.76876,2.1406,4.066,1.6376,1.8318,4.2881,2.3885,2.6444,4.9518,1.4365,2.3931,3.2712,5.8374,2.8649,2.1464,1.8215,1.769,3.5194,1.9894,2.983,4.2861,2.0472,1.9635,4.7794,1.1485,2.594,4.3023,1.9398,2.1472,4.8834,1.6072,1.7953,3.9609,1.6299,1.991,3.3746,1.1239,2.7534,3.6817,0.94238,2.8496,3.816,1.4614,2.4616,3.9052,1.1948,2.7613,3.7033,1.7785,1.7935,4.0875,0.85818,2.4411,2.7765,1.9056,2.0985,4.3783,0.040918,2.7842,2.8421,1.0756,1.9717,4.2921,0.95622,2.2739,3.0722,1.6101,2.395,4.5661,0.96313,2.0837,2.836,0.70687,2.0114,2.7125,1.6041,1.7905,3.962,0.91048,2.4299,2.8291,1.371,1.5912,3.847,2.7767,2.6139,4.6173,1.113,2.1766,3.6309,1.2008,2.7765,3.7092,1.9741,2.0415,4.4639,1.0374,1.9968,4.257,1.8505,1.653,3.4453,1.6535,2.5121,3.9952,2.151,2.5279,4.9203,2.1686,2.3924,3.6482,1.1486,3.039,3.3795,1.4631,1.4571,4.2462,0.58837,3.0213,3.6231,1.6086,1.7389,4.2285,0.73316,2.0159,2.7272,0.66889,2.1898,3.997,2.6858,2.6176,4.5293,2.0734,2.1119,3.4317,1.3535,2.8593,3.5171,1.144,2.2808,3.6406,2.5358,2.0312,4.4502,1.4836,1.7112,4.4297,1.5283,2.5758,3.5637,2.032,2.3385,4.0892,2.6153,2.2725,4.9531,0.479,2.4888,3.026
0.13274,630.39,0.0040509,546.09,782.8,553.15,633.5,646.53,661.88,717.14,646.14,617.41,642.15,859.25,496.91,638.83,735.35,743.53,605.14,639.71,489.78,479.34,677.69,620.08,519.57,683.85,517.0,589.44,629.66,784.89,402.2,719.19,569.67,597.98,452.32,761.74,665.64,785.81,689.87,570.49,665.96,774.4,687.0,499.73,797.06,481.92,653.95,609.67,688.87,689.62,735.98,629.24,658.17,610.87,771.1,710.49,723.72,585.36,702.93,644.97,564.84,823.26,729.71,689.42,785.71,483.2,596.59,560.3,664.11,564.55,738.43,643.98,639.76,580.28,649.89,647.61,533.26,584.01,641.55,612.77,700.07,696.5,641.84,678.68,702.25,542.57,685.02,435.78,720.86,576.18,653.51,586.81,672.44,712.7,575.01,546.49,603.39,540.7,595.47,802.53,521.3,573.21,729.94,739.09,808.49,702.02,671.67,688.72,850.55,664.08,536.22,610.62,722.46,549.27,677.57,717.38,420.96,735.65,624.63,726.82,683.47,651.21,494.4,673.77,726.97,518.38,566.06,579.18,769.55,483.93,670.58,717.74,705.13,634.4,760.07,609.67,561.25,751.81,650.15,630.25,697.76,700.45,639.6,556.65,639.25,738.02,555.72,562.77,794.64,519.7,612.0,739.07,519.76,578.13,876.66,604.06,404.01,692.95,720.35,732.8,625.37,780.7,567.63,561.32,436.28,532.97,543.14,653.5,485.26,686.99,713.91,502.67,590.67,637.79,695.11,546.49,654.43,595.76,580.61,555.45,570.22,816.6,622.29,723.14,807.89,606.72,732.67,599.34,800.32,641.07,571.1,742.45,862.05,648.67,707.6,677.08,630.61,705.36,634.43,674.55,608.94,637.05,585.55,644.94,614.05,650.58,627.9,709.68,650.99,572.09,701.4,730.25,624.28,558.35,497.32,622.33,794.03,591.42,583.08,760.57,595.48,656.59,663.49,640.87,627.55,724.31,727.45,514.26,735.78,543.56,685.41,611.21,681.59,513.08,709.49,721.95,466.6,686.45,625.92,420.56,692.49,515.25,632.03,654.79,497.87,620.49,649.7,502.76,687.0,742.37,642.22,499.24,710.27,582.89,639.44,634.35,484.43,699.27,861.82,571.74,540.01,567.57,773.24,664.06,592.73,710.43,407.55,443.29,553.12,711.83,608.61,574.44,676.27,755.41,564.83,546.94,504.46,705.92,538.55,683.53,631.41,0.0042587,0.0049525,0.003958,0.0039222,0.0042457,0.0041479,0.0043976,0.0043774,0.0041335,0.0043152,0.0050902,0.0035369,0.0041478,0.0045243,0.0049512,0.0039209,0.0041627,0.0035393,0.003174,0.004688,0.0041768,0.0037731,0.0046279,0.0036194,0.0040199,0.0039558,0.0048469,0.0032514,0.0048165,0.0035484,0.003817,0.0031046,0.004553,0.0041321,0.0048792,0.0042597,0.0039565,0.0044239,0.0045144,0.0039857,0.0030403,0.0049781,0.003446,0.0040238,0.0039588,0.0041304,0.0039763,0.0043356,0.0040232,0.0034433,0.0040035,0.0048592,0.0039189,0.0044263,0.0039718,0.0041296,0.0042963,0.0040346,0.0049958,0.00499,0.0042886,0.0049874,0.0038668,0.0043919,0.003823,0.0044526,0.0039778,0.0047065,0.0040213,0.0045007,0.0038629,0.0038502,0.0042096,0.0038014,0.0039955,0.0038656,0.0038635,0.0045625,0.0046444,0.0041908,0.0045394,0.0043496,0.0033225,0.0037504,0.0033278,0.0043379,0.0039008,0.0040499,0.0036935,0.0041885,0.004302,0.0038946,0.003677,0.0037669,0.0035834,0.003612,0.0050073,0.0034578,0.0036581,0.0044041,0.004456,0.0049752,0.0042444,0.0044746,0.0044548,0.0047158,0.0041998,0.0038048,0.003553,0.004749,0.0039024,0.0044906,0.0044423,0.0033716,0.0045544,0.0039726,0.0044026,0.0042151,0.0043414,0.003743,0.0045338,0.0043783,0.003782,0.0037308,0.0039891,0.0049229,0.003462,0.0043712,0.0046179,0.0045642,0.0042044,0.0044709,0.0037582,0.003635,0.004719,0.0045059,0.0039706,0.0042997,0.0045554,0.0039232,0.0036981,0.0034818,0.004468,0.0038614,0.0040412,0.0042206,0.0035354,0.0041881,0.0043878,0.0032578,0.0039498,0.005451,0.0039195,0.003077,0.0041772,0.0042434,0.0046421,0.0043646,0.0046736,0.0035409,0.0035884,0.003086,0.0036795,0.0037245,0.0038899,0.0034078,0.0043024,0.0043999,0.0034282,0.0037331,0.0034319,0.0043407,0.0038681,0.0040316,0.0037546,0.0040239,0.0037296,0.0037375,0.0044274,0.0037738,0.0043691,0.0044368,0.0039911,0.0046797,0.0042354,0.0046249,0.0039449,0.0037511,0.0043184,0.0045153,0.0042732,0.0043104,0.0043138,0.0049875,0.0041858,0.0041888,0.0041029,0.0042051,0.0041532,0.0039581,0.0040464,0.0039621,0.0042327,0.0038528,0.0055587,0.0040786,0.0041456,0.0041861,0.0042269,0.0041272,0.0038207,0.003431,0.0038295,0.0048755,0.0041877,0.0039983,0.0042736,0.0037897,0.0043598,0.0042798,0.0040663,0.003984,0.0043019,0.0044808,0.0035261,0.0046122,0.0036005,0.0040599,0.0042157,0.0037892,0.0034969,0.0039694,0.0046554,0.0032642,0.0042607,0.0036256,0.0036603,0.0043841,0.0034218,0.004076,0.0041479,0.00357,0.0038215,0.0039355,0.0032439,0.0042156,0.00465,0.0044778,0.0034707,0.004541,0.0036647,0.0042108,0.0039259,0.0031162,0.0037923,0.005109,0.0036905,0.0039777,0.0035369,0.0047722,0.0041206,0.0039068,0.0039991,0.0033088,0.0033078,0.003676,0.0045466,0.0038105,0.0040165,0.0046297,0.0042198,0.0037779,0.0032694,0.0034389,0.0041698,0.003747,0.0042283,0.0037491,652860.0,527600.0,4051000.0,2361500.0,1063500.0,5504200.0,2008000.0,2411200.0,2983400.0,2907700.0,715790.0,4946000.0,1272400.0,3886200.0,2497000.0,4962200.0,4006100.0,1313700.0,3439700.0,2457300.0,3280300.0,11623000.0,939160.0,6172800.0,733680.0,8929900.0,1559800.0,1804700.0,799240.0,3153800.0,1663100.0,5695800.0,23134000.0,2470300.0,2681400.0,4250800.0,1211200.0,1483800.0,1623100.0,2037800.0,1036500.0,2054600.0,998900.0,7322600.0,2384900.0,1789300.0,1464100.0,2229500.0,15638000.0,933030.0,7138100.0,3914300.0,695400.0,3830400.0,1057500.0,2604500.0,17325000.0,31464000.0,2325700.0,1698300.0,1501900.0,2783800.0,1015700.0,1887600.0,3336500.0,787200.0,2814400.0,1901400.0,3839200.0,2700300.0,1417200.0,1096800.0,14691000.0,5032200.0,1313700.0,3541200.0,1639800.0,944740.0,2521800.0,3636500.0,1267500.0,875270.0,2074100.0,856130.0,1823800.0,2791600.0,4851100.0,4107200.0,2293000.0,5593500.0,1274600.0,9165300.0,4558400.0,997350.0,1628100.0,875890.0,1738300.0,3439800.0,9756100.0,1694900.0,16185000.0,1389000.0,9707100.0,1601000.0,3111800.0,1248900.0,1595600.0,12279000.0,5012700.0,2131600.0,3788800.0,2346100.0,1178000.0,645020.0,3343500.0,11411000.0,2365500.0,1449300.0,738260.0,1883600.0,722040.0,1169800.0,2174300.0,8636100.0,4069700.0,2575300.0,3026200.0,2316200.0,1468700.0,757990.0,10124000.0,2341800.0,3477500.0,2031800.0,1344300.0,1016600.0,1973900.0,1030900.0,2818800.0,3841500.0,1137500.0,1448700.0,2060900.0,1490700.0,2159300.0,2379200.0,867820.0,6776700.0,1483200.0,9209400.0,6039000.0,796610.0,10241000.0,798180.0,1257100.0,18495000.0,669880.0,11896000.0,704520.0,5463300.0,3620500.0,3728500.0,2594300.0,5128500.0,4299400.0,4138300.0,945220.0,4052400.0,1605800.0,6226400.0,1476500.0,7458600.0,1058700.0,729360.0,3925100.0,2935000.0,1917500.0,8220700.0,2222600.0,929290.0,1207100.0,3637800.0,3493100.0,1909700.0,1445200.0,720570.0,6685600.0,5169700.0,2290100.0,619540.0,17391000.0,3256600.0,5152600.0,1119800.0,17904000.0,5318100.0,1077700.0,8409500.0,1326800.0,1407500.0,3909300.0,5195800.0,785010.0,1609000.0,953500.0,1742800.0,1536400.0,1428600.0,7692300.0,2295200.0,1389900.0,12034000.0,2729100.0,1213300.0,1238200.0,3194500.0,932670.0,4580100.0,1110300.0,1813100.0,7912700.0,4355400.0,685140.0,1393400.0,9817300.0,5161200.0,4960900.0,15079000.0,2942700.0,1891900.0,2294600.0,2933500.0,3129200.0,1844900.0,1714400.0,2219900.0,1469200.0,7074000.0,638180.0,3583000.0,8148600.0,8705300.0,1826300.0,5270900.0,3949100.0,4910800.0,847070.0,1117100.0,5283500.0,1523800.0,6462500.0,3415400.0,6961300.0,1931200.0,1605900.0,1559300.0,1065700.0,1101400.0,2250300.0,1018100.0,5082200.0,3404400.0,3048000.0,2817500.0,2386500.0,1906100.0,15335000.0,13457000.0,3518500.0,3147900.0,1932600.0,4368700.0,3283600.0,640970.0,2021700.0,760960.0,3461100.0,1947300.0,1.5265,1.8214,4.1484,1.3088,2.232,4.2428,1.2023,1.9558,4.2605,2.5283,2.6816,4.3261,0.81007,2.0377,4.266,1.5545,2.5056,3.9131,3.0143,2.8481,5.8642,1.2561,1.9655,4.2549,1.6594,1.724,4.2371,1.309,2.2355,4.2632,0.79216,2.0442,4.1937,2.953,2.8572,4.5552,5.7232,2.7787,1.4917,1.25,2.7583,3.6383,0.89954,2.1605,3.0238,2.4965,2.0773,4.4477,1.483,1.7015,3.8946,0.68246,2.6197,3.8677,1.9878,1.7748,3.4598,1.1072,2.3988,3.1573,0.25817,2.3029,3.5502,1.7272,1.644,3.3912,2.0204,2.7519,4.3335,1.7657,1.6502,3.3887,1.5378,1.6585,3.937,0.36023,2.1485,3.1946,2.0825,2.405,4.4254,1.54,1.6828,3.2326,0.80938,1.9208,2.7712,3.0342,2.8354,5.8617,1.966,1.7578,3.4569,0.98219,2.6994,2.8788,1.7448,2.5731,3.9606,0.63902,1.8852,2.7564,1.0586,2.4315,3.0948,1.8908,1.9382,4.4782,1.6994,1.6658,3.8987,0.55252,2.1873,3.8456,1.3178,2.4763,3.8546,1.0595,2.1216,3.251,2.597,2.3205,4.2976,2.0965,2.1937,4.6895,1.4721,1.6665,3.9214,1.8829,1.9663,4.4799,1.4968,2.1747,3.2524,0.82399,2.1657,3.1383,2.4178,2.4045,4.3417,1.9845,2.555,4.8841,2.0056,2.6053,4.8783,2.5909,2.3133,4.286,1.3519,2.5097,3.9306,1.7299,2.2699,4.3329,2.3521,3.0256,4.2666,0.56432,2.4245,2.5604,1.5245,2.0201,4.602,2.0291,3.0485,3.9503,0.3599,2.3748,3.3909,1.6482,1.6249,4.0866,0.75194,2.1035,3.0814,2.2342,2.2908,4.6724,0.64147,2.5073,3.0547,0.98737,2.1777,3.2405,0.087243,2.899,1.8725,1.9947,2.0776,4.5926,2.5886,2.3401,4.2559,2.528,2.3137,5.1474,2.0245,2.7448,4.3012,1.1704,1.8534,3.9818,4.6567,2.926,0.57095,0.89556,2.1617,3.033,1.3615,2.0987,4.2747,1.1167,2.1619,3.5214,2.1842,2.7181,4.4557,1.6632,1.5971,4.1514,1.1504,2.5304,3.0826,0.72317,2.4458,3.7591,2.1239,1.8798,3.7022,1.5453,2.4767,3.4796,1.5884,2.5778,3.5919,1.6049,1.6556,4.2758,2.0407,2.7543,4.5269,2.1118,2.7481,4.6077,3.2837,2.8018,6.072,1.7091,1.6177,4.1848,1.7586,1.9643,3.418,2.2973,2.9457,5.1142,1.1468,2.5483,3.0862,2.6145,2.4265,4.9903,1.0055,2.6448,4.1139,1.5493,2.4661,3.504,1.1321,1.8764,4.1012,1.6667,1.6177,4.082,1.7301,1.9573,3.4302,6.2609,2.9272,3.0696,2.9118,2.2671,4.5905,1.392,1.9566,4.2707,1.259,2.6294,3.364,1.4215,2.4514,3.372,1.7956,1.9485,3.6919,1.9299,2.3959,4.0216,1.0954,2.3236,3.2073,2.5246,2.0015,5.2073,1.1863,2.6541,3.305,1.4199,2.4757,3.3636,0.12394,2.9998,3.1818,0.685,1.8419,2.8551,1.7117,2.0207,4.4769,1.518,1.8515,4.1623,5.3901,2.8782,1.7473,0.81854,2.1558,2.839,0.95108,2.6551,4.0812,2.2906,2.5222,3.6615,2.6333,2.3738,4.9614,2.8698,2.6536,4.5349,2.0724,2.4468,4.5267,2.3568,2.1315,4.1856,0.7693,2.0708,3.3435,0.43979,2.4513,2.975,0.56866,2.1689,3.8187,2.4673,2.4812,4.5082,0.81837,2.4077,2.932,1.2937,1.5741,4.328,1.666,1.9865,3.4706,0.13413,2.6777,2.0986,3.4034,2.9505,0.14312,0.84552,2.3677,2.9583,1.6453,1.6493,4.108,1.5199,1.8067,3.2024,0.7751,2.4153,2.868,2.2054,2.3275,4.9493,1.1703,2.5553,3.1269,1.1361,2.087,3.5551,0.47254,2.0216,3.2717,1.72,1.9686,3.4396,2.4422,2.0891,4.1553,2.1616,2.1539,4.9788,1.3362,1.7458,3.8192,0.74573,1.9901,2.7678,2.1566,2.1552,4.9907,2.265,2.2175,4.4892,1.5592,2.3609,3.9767,4.1913,2.9715,0.10229,1.9204,2.4001,4.0032,0.76807,1.9739,4.1302,1.1911,2.6141,4.2334,3.4778,2.8347,6.0863,1.5964,1.5974,3.2748,0.27965,2.3401,3.4106,5.0394,2.9805,0.89543,0.52351,2.7983,3.2655,1.2364,2.5206,3.009,2.1947,2.1295,4.958,1.5385,2.0874,4.3844,1.574,1.6265,3.3385,1.4372,2.9155,3.3209,0.58355,2.401,2.8046,0.88838,2.4291,2.9989,0.21906,2.6385,3.3422,1.6863,2.3377,4.1934,0.54012,2.4179,2.7658,1.0578,2.2414,3.6361,1.3659,1.7889,4.3011,0.28578,2.3342,3.4182,1.5649,1.6014,3.2823,0.59526,2.3901,2.7971,2.9955,2.865,5.9594,1.9191,2.5713,4.002,2.0306,2.2147,4.6141,2.4774,2.7273,5.197,1.8217,1.9592,3.8659,1.3493,1.8043,3.7238,2.2295,2.1406,4.9917,1.4483,2.6166,4.0066,0.73364,3.0464,2.5174,4.5954,2.9567,0.3188,1.2362,2.7374,4.2854,1.8784,1.9517,3.8932,1.213,2.6466,2.8433,0.3376,2.7911,2.9601,1.0099,2.9012,4.1847,0.54344,2.4937,2.5956,0.72148,1.9861,2.9182,0.57154,2.4398,3.4173,1.6532,2.1908,4.2915,1.2268,2.7466,4.3479,0.62416,1.9895,3.0667,2.0006,1.8559,3.7816,1.2475,1.8575,3.6763,2.376,2.6626,4.8797,1.4148,1.5546,4.1989,1.3515,2.1438,3.1985,0.67154,2.0126,3.0543,0.59928,2.365,2.6287,1.7049,2.327,4.164,2.3576,2.6642,4.926,0.60069,2.0067,3.0448,1.5944,1.7137,3.3269,0.76773,3.0132,2.6064,0.58563,2.5078,2.6054,3.0591,2.7412,6.0226,6.1365,2.872,2.5352,4.4187,2.9525,0.097051,2.4019,2.3509,3.7436,1.2588,3.0803,4.1361,1.3388,2.3715,3.5263,0.38534,3.1004,3.2501,2.394,2.2057,3.7717,1.2482,1.8502,3.6851,2.4092,2.3265,4.5889,2.5887,2.6555,4.1048,1.2512,2.7075,4.365,1.8354,1.9517,3.8661,1.2071,2.7799,3.729,2.3954,2.4044,5.0208,1.4928,2.6311,3.3246,2.1493,2.2218,4.0941,0.80229,1.9562,3.3865,2.4382,2.3775,3.7713,2.3836,2.3813,3.727,2.2458,1.9404,4.9657,2.6435,2.2842,4.8158,2.399,2.2311,3.791,1.4373,1.5947,3.874,2.4274,2.6543,4.9398,1.8469,1.9514,3.879,0.76814,2.1403,4.0736,1.6395,1.832,4.2904,2.3838,2.6383,4.9499,1.4355,2.3934,3.2723,5.8295,2.8634,2.1413,1.8185,1.7669,3.5226,1.9879,2.9791,4.2827,2.0499,1.9649,4.7812,1.1529,2.5957,4.3051,1.9453,2.1473,4.8855,1.6062,1.7945,3.9606,1.6322,1.9892,3.3731,1.1324,2.7515,3.6903,0.94423,2.8509,3.8166,1.4674,2.4657,3.9104,1.2006,2.758,3.707,1.7746,1.7927,4.0871,0.85508,2.4397,2.7775,1.9056,2.1009,4.3787,0.038558,2.7834,2.8427,1.0746,1.9728,4.2945,0.95703,2.2697,3.076,1.6086,2.3949,4.5647,0.96145,2.0835,2.8362,0.70461,2.0122,2.7109,1.6036,1.7891,3.9617,0.91023,2.4277,2.8333,1.3705,1.5912,3.8479,2.7778,2.6155,4.6161,1.1157,2.1797,3.6313,1.2077,2.7745,3.7149,1.9743,2.0462,4.4633,1.0341,1.9994,4.2572,1.85,1.6532,3.4454,1.653,2.514,3.9953,2.1539,2.5255,4.9202,2.1699,2.3929,3.6441,1.149,3.0359,3.3799,1.464,1.4569,4.2474,0.58893,3.023,3.6266,1.6077,1.7375,4.2285,0.73258,2.0169,2.7265,0.66772,2.1895,4.001,2.6857,2.6185,4.5286,2.0791,2.1111,3.4315,1.3529,2.854,3.5166,1.1492,2.2879,3.6412,2.5366,2.0336,4.4488,1.4832,1.7091,4.4307,1.5224,2.574,3.5629,2.0296,2.3423,4.0912,2.6096,2.2655,4.9511,0.48114,2.4867,3.0305
0.14637,656.55,0.0042183,567.61,820.71,578.93,659.15,675.89,688.99,744.52,671.35,642.36,668.09,901.02,514.12,662.4,768.14,784.67,628.03,666.78,509.88,495.62,710.15,646.15,540.74,710.48,536.6,614.95,654.71,823.74,417.44,752.0,591.75,619.46,465.52,795.49,694.21,821.77,718.93,592.88,699.86,810.49,710.92,519.57,831.47,498.87,681.31,636.32,717.99,719.47,767.38,654.5,683.13,636.45,807.83,739.87,758.2,608.11,732.49,671.4,588.18,860.96,765.08,724.19,824.82,497.51,619.36,582.85,693.31,587.43,760.71,673.31,667.81,598.95,678.89,676.18,554.58,609.07,663.19,640.02,730.56,726.98,666.62,707.04,728.96,562.07,714.9,451.76,751.1,599.58,680.47,611.94,701.21,742.67,596.74,566.32,630.15,562.07,616.65,837.25,543.64,595.95,765.27,771.87,847.91,731.13,704.12,717.45,891.39,694.63,558.09,634.32,752.14,571.7,708.28,744.09,435.57,767.98,650.4,759.97,712.36,676.08,518.13,703.27,754.73,543.19,589.96,601.14,810.94,504.76,695.91,751.63,740.13,660.84,795.71,633.71,583.59,784.54,676.08,655.68,726.77,728.45,666.87,580.26,664.45,774.2,578.96,585.56,824.86,543.74,638.89,770.2,539.46,602.58,918.91,628.42,419.55,718.25,753.95,765.54,649.05,817.12,587.08,584.88,451.16,550.11,564.79,682.08,504.9,717.09,742.16,519.83,613.74,661.46,724.74,564.0,680.0,620.19,603.91,575.91,590.88,848.1,647.19,753.2,848.44,631.0,766.59,622.92,836.15,669.9,594.74,774.97,903.31,676.41,739.18,703.62,667.01,736.05,662.26,701.45,632.4,661.31,611.54,673.09,638.83,679.75,655.31,752.21,677.86,596.21,729.27,763.3,651.17,575.99,517.09,647.05,832.38,622.5,608.12,788.34,620.54,686.94,689.66,668.03,651.55,754.29,756.42,534.27,767.5,565.03,714.32,635.94,704.22,531.71,740.42,753.32,483.13,715.78,650.37,434.62,721.25,532.78,656.62,678.53,516.37,646.03,676.05,519.37,720.67,773.87,670.04,517.51,739.07,604.46,667.3,660.48,502.79,728.41,883.18,595.77,551.57,588.1,804.89,691.0,619.04,742.27,422.07,458.1,574.58,740.01,635.23,599.41,704.97,773.85,590.54,566.07,521.91,741.13,556.34,714.12,653.16,0.0044406,0.0051902,0.0041257,0.0040854,0.0044283,0.004316,0.0045834,0.0045603,0.00432,0.0044997,0.0053354,0.003663,0.0043159,0.0047329,0.0051997,0.0040691,0.004331,0.0036837,0.0032787,0.0049017,0.0043563,0.0039319,0.0048192,0.0037618,0.0041993,0.0041235,0.0050772,0.0033739,0.0050265,0.0036882,0.0039627,0.0031945,0.0047567,0.0043061,0.0051002,0.0044456,0.0041037,0.0046275,0.0047246,0.0041327,0.0031426,0.0051979,0.0035775,0.0041938,0.0041282,0.0043077,0.0041463,0.0045194,0.0041829,0.0035614,0.0041621,0.0050806,0.0040775,0.0046269,0.0041245,0.004304,0.0044703,0.0042001,0.005235,0.005219,0.004488,0.0052211,0.0039965,0.0045621,0.0039739,0.0046609,0.0041353,0.0048796,0.0041886,0.0046883,0.0039969,0.0040137,0.0043853,0.0039504,0.0041541,0.0040038,0.0040277,0.0047623,0.0048395,0.004363,0.0047269,0.0045226,0.0034427,0.0038945,0.0034481,0.0045172,0.0040543,0.0042098,0.0038511,0.004367,0.0044693,0.0040455,0.0038178,0.0039303,0.0037286,0.0037566,0.0052305,0.0035977,0.0038072,0.00462,0.0046486,0.0052103,0.004419,0.0046799,0.0046289,0.0049424,0.004391,0.003961,0.0036981,0.004927,0.0040645,0.0046813,0.0046196,0.0034857,0.0047538,0.0041426,0.0045975,0.0043977,0.0045071,0.0039077,0.0047228,0.0045703,0.0039515,0.0038939,0.0041497,0.0051751,0.0036091,0.0045457,0.0048268,0.0047772,0.0043796,0.0046874,0.0039183,0.0037851,0.0049445,0.0046899,0.0041349,0.004479,0.0047279,0.004085,0.003846,0.0036194,0.0046848,0.0040237,0.0042021,0.0043937,0.0036863,0.0043768,0.0045866,0.0033877,0.0041145,0.0057009,0.004083,0.0031846,0.0043604,0.0044398,0.0048452,0.0045306,0.0048925,0.0036617,0.0037349,0.0031971,0.0038135,0.0038841,0.0040582,0.0035509,0.0044867,0.0045689,0.0035559,0.0038875,0.0035722,0.0045249,0.0039982,0.0041991,0.0039031,0.0041925,0.0038694,0.0038747,0.0046038,0.0039249,0.0045492,0.0046636,0.0041505,0.0049009,0.0044088,0.0048426,0.0041165,0.0039045,0.0044991,0.0047329,0.004455,0.0044993,0.0044996,0.0052217,0.0043689,0.0043666,0.0040572,0.0043817,0.004309,0.0041317,0.0042258,0.0041262,0.004418,0.0040177,0.00585,0.0042397,0.0043104,0.0043649,0.0044059,0.0043058,0.0039517,0.0035656,0.0039725,0.0051031,0.0043779,0.004168,0.0044361,0.0039418,0.0045504,0.0044541,0.0042327,0.0041342,0.0044918,0.0046615,0.0036634,0.004817,0.0037458,0.0042313,0.0043826,0.0039208,0.0036175,0.0041383,0.0048614,0.0033739,0.0044398,0.0037578,0.0037977,0.0045732,0.0035476,0.0042334,0.0043138,0.0037123,0.0039707,0.0040881,0.0033432,0.0044064,0.0048405,0.004666,0.0035921,0.0047279,0.0038023,0.0043868,0.0040195,0.0032303,0.0039535,0.0053168,0.0038444,0.0040914,0.0036612,0.0049606,0.0042824,0.0040712,0.0041868,0.0034431,0.00342,0.0038262,0.0047314,0.0039731,0.004199,0.0048302,0.0043359,0.0039459,0.0033883,0.0035824,0.0043745,0.0038763,0.004411,0.0038846,652860.0,527600.0,4051000.0,2361500.0,1063500.0,5504200.0,2008000.0,2411200.0,2983400.0,2907700.0,715790.0,4946000.0,1272400.0,3886200.0,2497000.0,4962200.0,4006100.0,1313700.0,3439700.0,2457300.0,3280300.0,11623000.0,939160.0,6172800.0,733680.0,8929900.0,1559800.0,1804700.0,799240.0,3153800.0,1663100.0,5695800.0,23134000.0,2470300.0,2681400.0,4250800.0,1211200.0,1483800.0,1623100.0,2037800.0,1036500.0,2054600.0,998900.0,7322600.0,2384900.0,1789300.0,1464100.0,2229500.0,15638000.0,933030.0,7138100.0,3914300.0,695400.0,3830400.0,1057500.0,2604500.0,17325000.0,31464000.0,2325700.0,1698300.0,1501900.0,2783800.0,1015700.0,1887600.0,3336500.0,787200.0,2814400.0,1901400.0,3839200.0,2700300.0,1417200.0,1096800.0,14691000.0,5032200.0,1313700.0,3541200.0,1639800.0,944740.0,2521800.0,3636500.0,1267500.0,875270.0,2074100.0,856130.0,1823800.0,2791600.0,4851100.0,4107200.0,2293000.0,5593500.0,1274600.0,9165300.0,4558400.0,997350.0,1628100.0,875890.0,1738300.0,3439800.0,9756100.0,1694900.0,16185000.0,1389000.0,9707100.0,1601000.0,3111800.0,1248900.0,1595600.0,12279000.0,5012700.0,2131600.0,3788800.0,2346100.0,1178000.0,645020.0,3343500.0,11411000.0,2365500.0,1449300.0,738260.0,1883600.0,722040.0,1169800.0,2174300.0,8636100.0,4069700.0,2575300.0,3026200.0,2316200.0,1468700.0,757990.0,10124000.0,2341800.0,3477500.0,2031800.0,1344300.0,1016600.0,1973900.0,1030900.0,2818800.0,3841500.0,1137500.0,1448700.0,2060900.0,1490700.0,2159300.0,2379200.0,867820.0,6776700.0,1483200.0,9209400.0,6039000.0,796610.0,10241000.0,798180.0,1257100.0,18495000.0,669880.0,11896000.0,704520.0,5463300.0,3620500.0,3728500.0,2594300.0,5128500.0,4299400.0,4138300.0,945220.0,4052400.0,1605800.0,6226400.0,1476500.0,7458600.0,1058700.0,729360.0,3925100.0,2935000.0,1917500.0,8220700.0,2222600.0,929290.0,1207100.0,3637800.0,3493100.0,1909700.0,1445200.0,720570.0,6685600.0,5169700.0,2290100.0,619540.0,17391000.0,3256600.0,5152600.0,1119800.0,17904000.0,5318100.0,1077700.0,8409500.0,1326800.0,1407500.0,3909300.0,5195800.0,785010.0,1609000.0,953500.0,1742800.0,1536400.0,1428600.0,7692300.0,2295200.0,1389900.0,12034000.0,2729100.0,1213300.0,1238200.0,3194500.0,932670.0,4580100.0,1110300.0,1813100.0,7912700.0,4355400.0,685140.0,1393400.0,9817300.0,5161200.0,4960900.0,15079000.0,2942700.0,1891900.0,2294600.0,2933500.0,3129200.0,1844900.0,1714400.0,2219900.0,1469200.0,7074000.0,638180.0,3583000.0,8148600.0,8705300.0,1826300.0,5270900.0,3949100.0,4910800.0,847070.0,1117100.0,5283500.0,1523800.0,6462500.0,3415400.0,6961300.0,1931200.0,1605900.0,1559300.0,1065700.0,1101400.0,2250300.0,1018100.0,5082200.0,3404400.0,3048000.0,2817500.0,2386500.0,1906100.0,15335000.0,13457000.0,3518500.0,3147900.0,1932600.0,4368700.0,3283600.0,640970.0,2021700.0,760960.0,3461100.0,1947300.0,1.5274,1.8192,4.1465,1.3132,2.2333,4.245,1.1988,1.9529,4.263,2.532,2.6838,4.3286,0.80554,2.0362,4.2701,1.5571,2.5076,3.9148,3.014,2.8491,5.8684,1.2595,1.9625,4.2575,1.6506,1.7238,4.2358,1.3119,2.2361,4.267,0.78522,2.0422,4.1931,2.9598,2.8593,4.561,5.7241,2.7788,1.4937,1.2514,2.7489,3.6402,0.89451,2.1623,3.0236,2.4982,2.0805,4.4487,1.4831,1.7032,3.8936,0.68473,2.6257,3.8657,1.9865,1.7761,3.4583,1.1096,2.3943,3.1669,0.25573,2.3048,3.5479,1.7217,1.6413,3.3919,2.0117,2.7443,4.3252,1.763,1.6485,3.3888,1.543,1.657,3.9397,0.35653,2.1502,3.1936,2.0874,2.4094,4.4295,1.5454,1.684,3.236,0.80795,1.9252,2.771,3.0377,2.8347,5.8674,1.962,1.7571,3.4551,0.98036,2.6978,2.8782,1.7381,2.5717,3.9569,0.64028,1.8869,2.7525,1.0567,2.4304,3.0983,1.8899,1.941,4.4765,1.7008,1.6634,3.8993,0.55753,2.1846,3.8573,1.3307,2.481,3.8627,1.0636,2.1277,3.2494,2.6031,2.3232,4.2987,2.1001,2.1978,4.6908,1.4719,1.6653,3.9225,1.8819,1.9716,4.4782,1.4986,2.1753,3.2505,0.82319,2.1746,3.1319,2.4179,2.4084,4.3443,1.9885,2.5504,4.8829,2.012,2.6055,4.8778,2.5968,2.3158,4.2862,1.3587,2.5113,3.9294,1.7349,2.2737,4.337,2.3723,3.0218,4.284,0.57082,2.4193,2.5699,1.5243,2.0163,4.6018,2.0232,3.0465,3.9413,0.35662,2.3745,3.3858,1.647,1.6242,4.087,0.75708,2.1115,3.0799,2.234,2.2942,4.6748,0.64334,2.4972,3.0598,0.98428,2.187,3.2367,0.083577,2.8999,1.8626,1.9953,2.0867,4.5938,2.5923,2.3439,4.2525,2.5126,2.3103,5.1411,2.0135,2.7365,4.2881,1.1799,1.8531,3.9856,4.6556,2.9169,0.57303,0.89603,2.1646,3.0311,1.3679,2.0986,4.2763,1.1226,2.1695,3.5244,2.1712,2.7134,4.4429,1.6599,1.5964,4.1507,1.1512,2.5279,3.0853,0.71998,2.4483,3.7586,2.1317,1.8748,3.6991,1.5395,2.481,3.4804,1.5798,2.5824,3.5903,1.599,1.6527,4.2783,2.0339,2.748,4.5213,2.1097,2.7417,4.6087,3.2764,2.8032,6.0688,1.7102,1.6193,4.1872,1.7656,1.9601,3.4145,2.3156,2.9449,5.1349,1.1456,2.548,3.0874,2.6115,2.4243,4.9904,1.0048,2.6496,4.1191,1.5429,2.469,3.5076,1.1256,1.884,4.102,1.6673,1.6168,4.0816,1.7332,1.9529,3.4284,6.2348,2.925,3.0483,2.9147,2.2639,4.5942,1.4,1.9561,4.278,1.2598,2.6242,3.369,1.4173,2.4513,3.375,1.7916,1.9444,3.6888,1.9275,2.4026,4.0259,1.0953,2.3276,3.2095,2.5239,1.9955,5.2135,1.1815,2.6497,3.3054,1.4148,2.478,3.366,0.10435,3.0053,3.1633,0.68457,1.8465,2.8487,1.7129,2.0188,4.4838,1.5216,1.8494,4.1669,5.375,2.8746,1.7365,0.81926,2.1599,2.8446,0.94448,2.661,4.0831,2.3029,2.5196,3.6657,2.6336,2.3656,4.9587,2.8759,2.6485,4.5367,2.0667,2.4401,4.5287,2.3578,2.135,4.1859,0.77024,2.0808,3.3426,0.4519,2.4488,2.9845,0.56603,2.1717,3.8295,2.4751,2.4776,4.5162,0.82321,2.4038,2.9385,1.2989,1.5733,4.3319,1.6627,1.9843,3.4734,0.14618,2.6765,2.1028,3.4225,2.9505,0.16569,0.853,2.3593,2.9683,1.644,1.6508,4.1109,1.5222,1.8025,3.2045,0.77613,2.4116,2.8686,2.2097,2.3247,4.9492,1.1737,2.5553,3.1331,1.1482,2.101,3.5607,0.46464,2.0272,3.2741,1.722,1.9645,3.4388,2.4484,2.091,4.1501,2.1635,2.1537,4.9794,1.3416,1.7454,3.8217,0.7505,1.9925,2.7694,2.158,2.1557,4.9927,2.2591,2.221,4.4926,1.5593,2.368,3.979,4.1879,2.9667,0.095798,1.9156,2.4067,4.0037,0.76174,1.9747,4.1323,1.1938,2.619,4.2361,3.4721,2.8328,6.0866,1.6022,1.5962,3.2742,0.27466,2.3446,3.4096,5.0262,2.9797,0.87485,0.52112,2.7997,3.2687,1.2344,2.5221,3.0129,2.1983,2.1275,4.9562,1.5453,2.0864,4.3888,1.5774,1.627,3.3442,1.4452,2.9156,3.3183,0.59559,2.3962,2.813,0.88558,2.4253,2.9998,0.21875,2.6408,3.3421,1.6966,2.3472,4.2012,0.55008,2.4152,2.7712,1.0588,2.2491,3.6331,1.3642,1.7867,4.3019,0.28233,2.3375,3.4194,1.5681,1.6002,3.2821,0.60916,2.3839,2.8045,2.9949,2.8645,5.9638,1.9083,2.5678,3.998,2.0365,2.2182,4.6169,2.4601,2.7219,5.1875,1.8146,1.9582,3.8616,1.355,1.8016,3.7276,2.2362,2.1393,4.9926,1.4507,2.6123,4.0049,0.70918,3.043,2.487,4.5897,2.9536,0.3137,1.2342,2.7437,4.2806,1.8752,1.9521,3.894,1.2088,2.6486,2.8405,0.33497,2.7921,2.9613,1.0158,2.9027,4.1889,0.54184,2.4901,2.5983,0.72373,1.9926,2.9105,0.57421,2.4439,3.4164,1.6631,2.1926,4.2982,1.2234,2.753,4.3492,0.62333,1.9937,3.0598,2.0032,1.8521,3.7778,1.2536,1.8591,3.6798,2.3644,2.6557,4.8668,1.4204,1.5573,4.2011,1.3476,2.1426,3.2007,0.67532,2.02,3.0478,0.60925,2.3569,2.633,1.7118,2.3333,4.1676,2.3476,2.6578,4.92,0.5972,2.0123,3.0368,1.597,1.7145,3.327,0.78449,3.0108,2.6163,0.58678,2.5073,2.6072,3.0732,2.7402,6.0367,6.1321,2.8728,2.5356,4.3982,2.948,0.072092,2.4075,2.3441,3.7418,1.2944,3.0798,4.1817,1.3296,2.3816,3.5232,0.32688,3.1021,3.2009,2.3956,2.2018,3.7674,1.252,1.8503,3.6891,2.4067,2.3257,4.5919,2.5888,2.6594,4.1133,1.2496,2.7096,4.3675,1.8298,1.9501,3.8619,1.2157,2.7774,3.7369,2.3905,2.3967,5.014,1.4823,2.6303,3.3282,2.1464,2.2265,4.0936,0.80109,1.961,3.3874,2.4448,2.3733,3.7726,2.3864,2.3778,3.7244,2.2525,1.9461,4.9734,2.6416,2.2836,4.818,2.4026,2.2302,3.7885,1.4425,1.5954,3.8779,2.4238,2.6472,4.9352,1.8426,1.9502,3.8763,0.76707,2.1398,4.0842,1.642,1.8324,4.2936,2.3769,2.6295,4.947,1.4335,2.394,3.2735,5.8179,2.8607,2.1339,1.814,1.764,3.5269,1.9838,2.9732,4.276,2.0537,1.9671,4.7834,1.1594,2.5983,4.3089,1.9535,2.1476,4.8883,1.6043,1.7933,3.9599,1.6352,1.9866,3.3706,1.1439,2.7487,3.7022,0.94594,2.8527,3.8166,1.4756,2.4712,3.9176,1.2084,2.7531,3.7117,1.7689,1.7914,4.0862,0.85053,2.4376,2.7787,1.9057,2.1047,4.379,0.03512,2.782,2.8437,1.0732,1.9745,4.2978,0.95832,2.2635,3.0812,1.6062,2.3949,4.5622,0.95869,2.083,2.8362,0.70131,2.0131,2.7083,1.6028,1.787,3.9612,0.90955,2.4245,2.8393,1.3699,1.5911,3.8491,2.7794,2.6181,4.6143,1.1197,2.1844,3.6315,1.2168,2.7718,3.7232,1.9745,2.0535,4.4622,1.0297,2.0031,4.2577,1.849,1.6536,3.4452,1.6519,2.5166,3.995,2.1579,2.5221,4.9198,2.1717,2.3936,3.6379,1.1477,3.0312,3.3785,1.4651,1.4566,4.249,0.58872,3.0252,3.6306,1.6063,1.7353,4.2284,0.73167,2.0182,2.7254,0.666,2.189,4.0066,2.6855,2.62,4.5275,2.087,2.11,3.4307,1.3519,2.8465,3.5159,1.1569,2.2984,3.642,2.5379,2.0374,4.4466,1.4825,1.7059,4.4321,1.5132,2.5712,3.5614,2.026,2.3481,4.094,2.6016,2.2557,4.9486,0.48391,2.4837,3.0367
0.15313,670.39,0.0043065,578.44,840.79,594.63,671.81,694.09,702.76,756.96,683.9,653.83,680.76,924.15,522.54,673.0,786.43,808.22,639.15,682.16,520.89,504.76,728.21,659.84,551.54,723.81,547.01,628.56,666.6,844.74,425.28,769.37,602.16,630.21,472.2,813.61,709.3,841.12,734.21,604.52,720.32,829.83,722.12,529.29,849.32,507.22,696.15,650.39,733.34,735.66,784.5,668.5,695.66,649.73,827.44,753.34,778.12,620.12,747.98,685.59,600.07,881.18,785.21,741.7,845.96,503.53,631.43,594.37,707.94,599.11,769.45,687.14,682.52,607.51,695.56,691.93,565.38,623.0,673.51,656.6,747.43,743.72,678.3,720.92,740.45,571.12,731.2,460.95,767.13,611.85,695.48,624.83,717.39,759.13,607.48,575.83,645.5,572.9,627.89,855.93,556.29,607.22,783.92,789.46,869.14,747.45,721.96,733.54,914.6,710.63,569.11,645.84,768.81,584.22,724.32,758.73,443.58,785.09,664.04,777.31,727.44,690.76,530.96,719.68,768.79,556.55,601.68,612.48,835.83,516.19,709.03,770.76,759.77,674.8,817.42,645.53,595.47,800.95,688.39,669.03,741.15,741.56,681.17,594.24,676.83,795.42,590.65,596.22,837.12,556.72,652.84,783.88,549.11,615.96,943.3,641.11,426.59,726.91,772.59,783.09,661.96,837.71,597.29,597.89,458.04,558.66,576.08,697.46,515.09,732.88,757.81,527.71,625.71,672.78,740.52,572.99,692.75,632.73,616.07,586.15,601.96,863.64,660.52,769.33,870.66,642.88,785.44,635.94,855.21,686.1,605.93,791.86,923.95,691.59,756.64,719.23,688.83,752.64,676.64,719.95,643.95,673.89,624.95,685.63,651.04,694.09,669.23,779.49,692.08,610.06,741.63,781.26,665.62,583.98,527.14,659.92,852.97,641.06,621.33,800.02,633.3,703.95,704.37,682.1,665.03,769.9,770.24,544.74,788.67,576.02,729.68,648.79,714.75,542.42,756.42,770.03,490.38,730.58,663.08,443.06,736.23,541.57,671.6,693.66,525.26,659.88,689.36,526.56,737.51,790.19,683.35,527.36,753.95,615.77,681.65,675.13,511.3,742.03,898.12,610.08,558.99,598.49,821.6,707.23,633.13,756.69,427.99,465.02,585.44,754.01,649.77,611.84,722.53,783.5,606.42,573.71,530.2,760.5,565.97,733.27,665.19,0.0045319,0.0053151,0.0042216,0.0041633,0.0045337,0.0044001,0.0046719,0.0046492,0.0044107,0.0045901,0.005467,0.0037297,0.0043972,0.0048538,0.0053346,0.0041414,0.0044289,0.0037553,0.0033359,0.0050196,0.0044476,0.0040128,0.0049221,0.0038336,0.0042925,0.0042037,0.0051971,0.0034366,0.005139,0.0037565,0.0040322,0.0032401,0.0048665,0.0044005,0.0052171,0.0045458,0.0041808,0.0047521,0.004842,0.0042112,0.0031882,0.0053121,0.0036426,0.0042893,0.0042166,0.0044089,0.0042372,0.0046226,0.0042705,0.0036145,0.0042479,0.0051982,0.0041485,0.0047434,0.0041978,0.0043909,0.0045634,0.0042838,0.0053657,0.0053399,0.0045897,0.0053516,0.0040502,0.004653,0.0040493,0.0047696,0.0042193,0.0049514,0.0042718,0.0047846,0.0040602,0.0041102,0.0044815,0.004023,0.0042416,0.0040697,0.0041254,0.0048677,0.0049444,0.0044491,0.004828,0.0046102,0.0034983,0.0039743,0.003516,0.0046107,0.0041338,0.0043005,0.0039342,0.004469,0.0045755,0.00412,0.0038868,0.0040196,0.0038038,0.003833,0.0053534,0.0036749,0.0038819,0.0047343,0.0047525,0.0053377,0.0045169,0.0047858,0.0047295,0.0050743,0.0044892,0.0040383,0.0037725,0.0050224,0.0041459,0.0047822,0.0047137,0.0035413,0.0048614,0.00423,0.0047019,0.0044932,0.0046047,0.0039888,0.004824,0.0046634,0.0040377,0.0039732,0.0042289,0.0053219,0.0036878,0.0046327,0.0049388,0.004893,0.0044714,0.0048242,0.0039972,0.0038615,0.0050592,0.0047761,0.0042155,0.0045689,0.0048077,0.0041738,0.0039309,0.0036893,0.0048099,0.0041123,0.0042729,0.0044669,0.0037626,0.0044739,0.0046783,0.0034514,0.0042016,0.0058368,0.0041655,0.0032349,0.0044336,0.0045516,0.0049496,0.0046197,0.0050175,0.0037274,0.0038153,0.0032487,0.0038828,0.0039652,0.0041522,0.003625,0.0045856,0.0046644,0.0036181,0.0039677,0.003642,0.0046225,0.0040702,0.0042845,0.0039771,0.0042731,0.0039371,0.0039436,0.0046904,0.0040049,0.0046471,0.0047958,0.0042294,0.0050194,0.0044976,0.0049611,0.004211,0.0039779,0.0045961,0.0048363,0.0045514,0.0046079,0.0046047,0.0053532,0.00447,0.00446,0.0040954,0.0044694,0.0043837,0.0042174,0.0043086,0.0042058,0.0045152,0.0040974,0.0060192,0.0043208,0.0043992,0.0044481,0.0045024,0.0043955,0.0040135,0.0036304,0.004047,0.0052304,0.0044901,0.0042576,0.0045109,0.0040181,0.0046514,0.0045573,0.0043214,0.004217,0.0045882,0.0047508,0.0037304,0.004949,0.0038197,0.0043253,0.0044674,0.0039832,0.0036795,0.0042246,0.0049702,0.0034214,0.0045287,0.0038244,0.0038658,0.0046718,0.0036096,0.0043294,0.0044116,0.0037815,0.0040493,0.0041652,0.0033853,0.0045033,0.004938,0.0047572,0.0036555,0.004824,0.0038723,0.0044764,0.0040872,0.0032822,0.004035,0.0054323,0.0039338,0.0041567,0.0037224,0.0050572,0.0043787,0.0041572,0.0042739,0.0035037,0.0034737,0.0039011,0.0048247,0.0040614,0.0042872,0.0049445,0.0044043,0.0040486,0.0034374,0.0036494,0.0044887,0.0039498,0.0045258,0.0039602,652860.0,527600.0,4051000.0,2361500.0,1063500.0,5504200.0,2008000.0,2411200.0,2983400.0,2907700.0,715790.0,4946000.0,1272400.0,3886200.0,2497000.0,4962200.0,4006100.0,1313700.0,3439700.0,2457300.0,3280300.0,11623000.0,939160.0,6172800.0,733680.0,8929900.0,1559800.0,1804700.0,799240.0,3153800.0,1663100.0,5695800.0,23134000.0,2470300.0,2681400.0,4250800.0,1211200.0,1483800.0,1623100.0,2037800.0,1036500.0,2054600.0,998900.0,7322600.0,2384900.0,1789300.0,1464100.0,2229500.0,15638000.0,933030.0,7138100.0,3914300.0,695400.0,3830400.0,1057500.0,2604500.0,17325000.0,31464000.0,2325700.0,1698300.0,1501900.0,2783800.0,1015700.0,1887600.0,3336500.0,787200.0,2814400.0,1901400.0,3839200.0,2700300.0,1417200.0,1096800.0,14691000.0,5032200.0,1313700.0,3541200.0,1639800.0,944740.0,2521800.0,3636500.0,1267500.0,875270.0,2074100.0,856130.0,1823800.0,2791600.0,4851100.0,4107200.0,2293000.0,5593500.0,1274600.0,9165300.0,4558400.0,997350.0,1628100.0,875890.0,1738300.0,3439800.0,9756100.0,1694900.0,16185000.0,1389000.0,9707100.0,1601000.0,3111800.0,1248900.0,1595600.0,12279000.0,5012700.0,2131600.0,3788800.0,2346100.0,1178000.0,645020.0,3343500.0,11411000.0,2365500.0,1449300.0,738260.0,1883600.0,722040.0,1169800.0,2174300.0,8636100.0,4069700.0,2575300.0,3026200.0,2316200.0,1468700.0,757990.0,10124000.0,2341800.0,3477500.0,2031800.0,1344300.0,1016600.0,1973900.0,1030900.0,2818800.0,3841500.0,1137500.0,1448700.0,2060900.0,1490700.0,2159300.0,2379200.0,867820.0,6776700.0,1483200.0,9209400.0,6039000.0,796610.0,10241000.0,798180.0,1257100.0,18495000.0,669880.0,11896000.0,704520.0,5463300.0,3620500.0,3728500.0,2594300.0,5128500.0,4299400.0,4138300.0,945220.0,4052400.0,1605800.0,6226400.0,1476500.0,7458600.0,1058700.0,729360.0,3925100.0,2935000.0,1917500.0,8220700.0,2222600.0,929290.0,1207100.0,3637800.0,3493100.0,1909700.0,1445200.0,720570.0,6685600.0,5169700.0,2290100.0,619540.0,17391000.0,3256600.0,5152600.0,1119800.0,17904000.0,5318100.0,1077700.0,8409500.0,1326800.0,1407500.0,3909300.0,5195800.0,785010.0,1609000.0,953500.0,1742800.0,1536400.0,1428600.0,7692300.0,2295200.0,1389900.0,12034000.0,2729100.0,1213300.0,1238200.0,3194500.0,932670.0,4580100.0,1110300.0,1813100.0,7912700.0,4355400.0,685140.0,1393400.0,9817300.0,5161200.0,4960900.0,15079000.0,2942700.0,1891900.0,2294600.0,2933500.0,3129200.0,1844900.0,1714400.0,2219900.0,1469200.0,7074000.0,638180.0,3583000.0,8148600.0,8705300.0,1826300.0,5270900.0,3949100.0,4910800.0,847070.0,1117100.0,5283500.0,1523800.0,6462500.0,3415400.0,6961300.0,1931200.0,1605900.0,1559300.0,1065700.0,1101400.0,2250300.0,1018100.0,5082200.0,3404400.0,3048000.0,2817500.0,2386500.0,1906100.0,15335000.0,13457000.0,3518500.0,3147900.0,1932600.0,4368700.0,3283600.0,640970.0,2021700.0,760960.0,3461100.0,1947300.0,1.5278,1.818,4.1453,1.3152,2.2339,4.2456,1.1969,1.9513,4.2637,2.5335,2.6853,4.3294,0.80328,2.0354,4.2716,1.558,2.5084,3.9153,3.0135,2.8499,5.8701,1.261,1.9608,4.2583,1.6462,1.7237,4.2348,1.313,2.2362,4.2684,0.78173,2.041,4.1926,2.9636,2.8605,4.5643,5.7249,2.7785,1.4951,1.2512,2.7442,3.6401,0.89193,2.163,3.0231,2.4988,2.0824,4.4488,1.4831,1.704,3.8926,0.68537,2.6284,3.8641,1.9859,1.777,3.4573,1.1103,2.3918,3.1711,0.25454,2.3054,3.5468,1.7189,1.6399,3.3919,2.0064,2.7405,4.3201,1.7616,1.6475,3.3886,1.5455,1.6562,3.9406,0.35463,2.1506,3.1929,2.0895,2.4118,4.431,1.5479,1.6847,3.2372,0.80723,1.9269,2.7709,3.039,2.8348,5.8698,1.96,1.757,3.4539,0.97864,2.6971,2.8769,1.7343,2.5713,3.9545,0.64087,1.8872,2.7504,1.0553,2.4295,3.0993,1.8893,1.9425,4.4752,1.7013,1.662,3.8991,0.5599,2.1827,3.8629,1.3365,2.483,3.8659,1.0651,2.1305,3.2481,2.606,2.325,4.299,2.1017,2.2002,4.6912,1.4718,1.6645,3.9226,1.8813,1.9744,4.4768,1.4993,2.1758,3.2489,0.82251,2.1785,3.1284,2.4175,2.4107,4.3449,1.9897,2.5483,4.8813,2.0144,2.6057,4.8767,2.5998,2.3176,4.2861,1.3613,2.512,3.928,1.7369,2.2756,4.3383,2.3783,3.0203,4.2885,0.57378,2.4162,2.5743,1.5241,2.0146,4.6011,2.0145,3.0457,3.9309,0.35458,2.374,3.3826,1.6463,1.6238,4.0866,0.7595,2.1148,3.0789,2.2336,2.296,4.6753,0.64356,2.492,3.0614,0.98224,2.1913,3.2341,0.082287,2.8997,1.8582,1.9954,2.0913,4.5937,2.594,2.3463,4.2506,2.5052,2.3095,5.138,2.0066,2.7325,4.2801,1.1845,1.8529,3.9868,4.6574,2.912,0.57659,0.89581,2.1658,3.0294,1.3709,2.0983,4.2764,1.1251,2.1729,3.5253,2.1638,2.7115,4.4356,1.6584,1.5962,4.1498,1.1508,2.5263,3.0857,0.718,2.4491,3.7578,2.1354,1.8728,3.6972,1.5359,2.4831,3.4797,1.5745,2.5848,3.5883,1.596,1.6515,4.2788,2.0294,2.7452,4.5172,2.1076,2.739,4.6079,3.2726,2.8046,6.067,1.7108,1.6201,4.1876,1.7689,1.9581,3.4121,2.3226,2.945,5.1431,1.1442,2.5474,3.087,2.6095,2.4236,4.9898,1.0032,2.6517,4.1202,1.5388,2.4704,3.5083,1.122,1.8875,4.1017,1.6676,1.6161,4.0807,1.7345,1.9508,3.4267,6.2231,2.9232,3.0387,2.916,2.263,4.5958,1.4037,1.9557,4.2808,1.2588,2.6217,3.3699,1.4145,2.451,3.3754,1.7895,1.9426,3.6866,1.9256,2.4062,4.0271,1.0947,2.3292,3.2099,2.5236,1.9932,5.2162,1.1778,2.6476,3.304,1.4115,2.4788,3.366,0.095044,3.0072,3.1545,0.68418,1.8483,2.8451,1.7131,2.0181,4.4864,1.5231,1.8486,4.1684,5.3704,2.8725,1.734,0.81933,2.1614,2.8467,0.94007,2.6635,4.0827,2.3081,2.5188,3.6668,2.6335,2.3622,4.9568,2.8785,2.6468,4.5371,2.0635,2.4373,4.5288,2.358,2.1373,4.1855,0.77043,2.0852,3.3414,0.45769,2.4468,2.9888,0.56464,2.1723,3.8342,2.4785,2.4766,4.5195,0.82476,2.4015,2.9407,1.3015,1.5729,4.333,1.6608,1.9831,3.474,0.15214,2.6752,2.1048,3.4331,2.9511,0.178,0.85577,2.355,2.9721,1.6433,1.6513,4.1115,1.5231,1.8005,3.2048,0.77588,2.4094,2.8679,2.2111,2.3237,4.9481,1.1744,2.5549,3.1349,1.1535,2.1075,3.5625,0.46043,2.0293,3.2748,1.7226,1.9624,3.4376,2.4513,2.0926,4.1468,2.164,2.154,4.9788,1.3441,1.7451,3.822,0.75256,1.993,2.7697,2.1583,2.1564,4.993,2.2557,2.2233,4.4935,1.5585,2.3713,3.9789,4.1898,2.9648,0.096136,1.9124,2.4101,4.0026,0.75853,1.9743,4.1328,1.1938,2.6211,4.2358,3.4698,2.8326,6.0873,1.605,1.5958,3.273,0.27205,2.3459,3.4088,5.0248,2.9791,0.86994,0.51913,2.7996,3.2694,1.2323,2.5225,3.0135,2.1995,2.1271,4.9545,1.5481,2.0859,4.39,1.579,1.6273,3.3461,1.4455,2.9158,3.3132,0.60076,2.3932,2.8162,0.88362,2.4227,2.9993,0.21827,2.641,3.3417,1.7009,2.3521,4.2038,0.55428,2.4132,2.7729,1.0587,2.2522,3.6307,1.3633,1.7854,4.3015,0.28046,2.3383,3.4196,1.5697,1.5996,3.2811,0.61525,2.3802,2.8072,2.9935,2.8652,5.9648,1.9016,2.5661,3.9943,2.0388,2.2203,4.6173,2.4502,2.7199,5.1811,1.8107,1.9578,3.8585,1.3576,1.7999,3.7285,2.239,2.1393,4.9921,1.4504,2.6101,4.0022,0.69112,3.0407,2.466,4.5918,2.9524,0.31625,1.2312,2.7466,4.2759,1.8733,1.9527,3.8936,1.205,2.6493,2.8372,0.33291,2.7916,2.9611,1.0154,2.903,4.1876,0.54055,2.4874,2.5989,0.72465,1.9952,2.9061,0.57512,2.445,3.4154,1.6675,2.1936,4.3004,1.2194,2.7559,4.3474,0.62282,1.9951,3.0557,2.0043,1.8506,3.7751,1.2564,1.8598,3.6805,2.3574,2.653,4.859,1.4234,1.5584,4.2012,1.3451,2.1418,3.2007,0.67702,2.0228,3.0441,0.61324,2.3524,2.6341,1.7143,2.3365,4.1681,2.3416,2.6553,4.9156,0.59537,2.0142,3.0323,1.5981,1.715,3.3262,0.78714,3.009,2.6156,0.58664,2.5063,2.6071,3.08,2.7406,6.0435,6.1305,2.8723,2.5364,4.393,2.9462,0.064802,2.4095,2.3414,3.7398,1.2964,3.0792,4.1886,1.3242,2.3861,3.5205,0.28943,3.102,3.1681,2.3957,2.2005,3.7645,1.2535,1.85,3.6901,2.4049,2.3261,4.5924,2.5879,2.6621,4.1164,1.2469,2.7103,4.3665,1.8267,1.9495,3.8587,1.2175,2.7758,3.7383,2.3874,2.3937,5.0098,1.4754,2.6297,3.328,2.1444,2.2294,4.0924,0.80006,1.9626,3.3871,2.4471,2.3718,3.7721,2.3868,2.3768,3.722,2.2554,1.9494,4.9763,2.6402,2.2842,4.8185,2.4039,2.2304,3.7863,1.445,1.5957,3.8788,2.4206,2.6444,4.9314,1.8401,1.9499,3.8739,0.76618,2.1388,4.0884,1.6429,1.8327,4.2941,2.3724,2.6258,4.9443,1.4314,2.3942,3.2727,5.8135,2.8585,2.1317,1.8117,1.7628,3.528,1.9764,2.9706,4.2673,2.0552,1.9687,4.7834,1.1611,2.5991,4.309,1.9571,2.1481,4.8886,1.6032,1.7929,3.9585,1.6363,1.9853,3.3682,1.1473,2.747,3.7055,0.94402,2.853,3.8137,1.4784,2.4737,3.9196,1.21,2.7502,3.7115,1.7659,1.7909,4.0848,0.84753,2.4359,2.7781,1.9052,2.1068,4.3781,0.033428,2.7803,2.8442,1.0721,1.9748,4.2985,0.95823,2.26,3.0824,1.604,2.3948,4.5596,0.95686,2.0822,2.8353,0.69951,2.0128,2.7064,1.6022,1.7859,3.9599,0.90828,2.4223,2.841,1.3696,1.5908,3.8487,2.7797,2.6203,4.6127,1.121,2.1862,3.6305,1.2188,2.7701,3.7247,1.9742,2.0575,4.4607,1.0271,2.0044,4.257,1.8484,1.6541,3.4442,1.6501,2.518,3.9933,2.1588,2.5209,4.9182,2.1717,2.3944,3.6336,1.139,3.0283,3.3697,1.4657,1.4564,4.2487,0.58415,3.0256,3.6281,1.6056,1.7343,4.2274,0.73095,2.0181,2.7242,0.66481,2.1878,4.0086,2.6847,2.6216,4.5261,2.0902,2.1101,3.4293,1.3484,2.8426,3.5122,1.1599,2.303,3.6411,2.5383,2.04,4.4449,1.4821,1.7041,4.4318,1.5073,2.5697,3.5589,2.0233,2.3514,4.0942,2.5975,2.2519,4.947,0.48461,2.4815,3.0389
0.15985,683.5,0.0043909,588.81,859.84,608.78,684.3,710.08,716.61,769.36,695.91,665.51,693.53,945.84,531.78,683.85,803.49,829.95,650.07,696.27,531.24,512.81,745.36,672.7,562.18,736.48,556.03,641.32,678.58,864.85,432.78,785.84,612.65,640.48,479.24,830.87,723.7,859.42,748.45,615.5,739.08,848.43,733.35,538.97,866.96,515.3,710.09,663.86,747.86,750.81,800.73,681.55,707.87,662.68,845.97,767.09,796.45,631.41,762.67,699.52,611.46,900.21,803.79,758.91,865.87,509.91,642.62,605.41,721.63,610.25,779.37,700.84,696.82,616.08,711.09,706.74,575.92,635.79,683.42,671.63,763.02,759.37,689.99,734.68,752.58,580.09,746.49,469.34,782.57,623.43,709.65,637.46,732.35,774.99,617.79,585.2,659.61,582.96,638.34,873.74,567.84,618.2,801.57,806.2,889.77,762.75,738.87,748.63,936.02,726.41,580.27,657.11,784.22,595.95,739.53,773.01,450.99,801.32,677.02,794.24,741.78,704.22,543.35,734.96,782.5,569.34,613.3,623.38,858.11,526.72,721.52,788.67,778.24,687.85,837.08,657.23,606.64,816.33,700.83,681.8,755.64,754.99,694.72,606.52,689.42,814.66,602.33,607.0,850.48,569.15,665.98,797.77,558.6,628.49,965.96,653.27,433.96,736.75,789.8,799.88,674.36,856.65,606.71,610.01,465.1,567.04,586.81,711.84,524.81,747.87,772.39,535.95,637.03,684.07,755.54,581.54,704.68,644.68,627.52,595.95,612.22,878.94,673.11,784.64,891.01,654.45,802.97,647.57,873.63,700.97,617.01,808.17,943.75,705.68,772.88,732.87,708.35,768.28,690.68,735.42,654.81,685.59,637.55,698.22,662.87,708.45,682.7,803.39,705.24,622.84,753.77,798.14,679.3,591.86,536.8,672.15,872.26,657.97,633.45,812.02,645.68,719.69,717.89,695.27,677.4,784.19,783.69,554.65,806.43,586.32,744.25,660.86,724.71,552.01,771.6,785.5,497.63,744.73,674.88,450.72,750.15,549.75,684.31,707.25,533.74,672.5,702.18,533.88,753.56,805.33,696.14,536.38,767.96,626.15,695.31,688.47,519.64,755.92,912.46,622.57,565.76,608.28,837.15,721.17,646.22,771.06,434.16,471.82,595.61,767.36,663.27,623.85,738.22,793.02,620.26,581.38,538.18,778.25,574.7,749.57,675.71,0.00462,0.0054341,0.004309,0.004242,0.0046311,0.0044867,0.00476,0.0047361,0.0045019,0.0046812,0.0055931,0.0037916,0.0044783,0.0049638,0.0054616,0.0042119,0.0045209,0.0038258,0.0033885,0.0051304,0.0045355,0.0040915,0.0050179,0.0039043,0.0043807,0.0042852,0.0053132,0.0034964,0.0052425,0.0038253,0.0041017,0.0032883,0.0049705,0.0044901,0.0053284,0.0046387,0.0042548,0.0048633,0.0049534,0.0042854,0.0032356,0.005426,0.0037072,0.0043779,0.0043022,0.0045012,0.0043235,0.004719,0.004352,0.0036694,0.0043296,0.0053099,0.0042239,0.0048507,0.0042718,0.0044767,0.0046567,0.0043646,0.0054886,0.0054549,0.004689,0.0054734,0.0041089,0.0047371,0.0041233,0.0048695,0.0042985,0.0050318,0.0043542,0.0048777,0.0041225,0.0041989,0.0045721,0.0040951,0.0043223,0.0041347,0.004215,0.0049682,0.0050432,0.0045355,0.0049228,0.0046961,0.0035546,0.00405,0.0035777,0.004702,0.0042098,0.0043844,0.004014,0.0045636,0.0046727,0.0041918,0.0039542,0.0041036,0.0038746,0.0039058,0.0054677,0.0037469,0.0039557,0.0048439,0.0048513,0.0054595,0.0046088,0.0048889,0.0048253,0.0051953,0.0045869,0.0041172,0.0038439,0.0051121,0.0042266,0.004878,0.0048033,0.0035943,0.0049627,0.0043148,0.0048026,0.0045837,0.0046927,0.0040713,0.0049197,0.0047595,0.0041227,0.0040532,0.0043075,0.0054557,0.0037619,0.0047181,0.0050463,0.0050032,0.0045588,0.0049454,0.0040773,0.0039366,0.0051696,0.0048636,0.0042966,0.0046583,0.0048903,0.0042569,0.0040077,0.0037586,0.0049254,0.0041956,0.0043469,0.004547,0.0038393,0.0045674,0.0047705,0.0035155,0.0042857,0.005966,0.0042464,0.003287,0.0045145,0.0046544,0.0050515,0.0047076,0.0051325,0.0037879,0.0038905,0.0033027,0.0039499,0.0040446,0.0042396,0.0036964,0.0046802,0.0047529,0.003682,0.0040451,0.0037126,0.004716,0.0041355,0.0043663,0.0040494,0.0043531,0.0040038,0.0040102,0.0047768,0.0040822,0.0047399,0.0049147,0.0043067,0.0051322,0.0045806,0.0050743,0.0042994,0.0040505,0.004689,0.0049438,0.0046425,0.004708,0.0046966,0.0054721,0.004565,0.0045498,0.0041263,0.0045534,0.0044569,0.0043009,0.0043927,0.0042846,0.0046087,0.0041779,0.0061724,0.004398,0.004484,0.0045299,0.0045938,0.0044842,0.0040739,0.0036957,0.0041185,0.0053462,0.0045915,0.0043411,0.0045847,0.0040934,0.0047478,0.0046503,0.0044035,0.004295,0.0046808,0.0048374,0.0037972,0.0050597,0.0038909,0.0044139,0.0045475,0.0040428,0.0037378,0.0043076,0.0050722,0.003471,0.0046159,0.0038881,0.0039329,0.0047636,0.0036691,0.004411,0.0045006,0.0038486,0.0041234,0.0042402,0.0034306,0.0045971,0.0050301,0.0048453,0.0037147,0.0049153,0.0039389,0.0045633,0.0041508,0.0033345,0.0041162,0.0055413,0.004013,0.004216,0.0037812,0.005149,0.0044622,0.0042391,0.0043606,0.0035652,0.0035266,0.003973,0.0049135,0.0041448,0.0043745,0.0050485,0.0044681,0.0041377,0.0034877,0.0037162,0.0045934,0.004016,0.0046231,0.0040277,652860.0,527600.0,4051000.0,2361500.0,1063500.0,5504200.0,2008000.0,2411200.0,2983400.0,2907700.0,715790.0,4946000.0,1272400.0,3886200.0,2497000.0,4962200.0,4006100.0,1313700.0,3439700.0,2457300.0,3280300.0,11623000.0,939160.0,6172800.0,733680.0,8929900.0,1559800.0,1804700.0,799240.0,3153800.0,1663100.0,5695800.0,23134000.0,2470300.0,2681400.0,4250800.0,1211200.0,1483800.0,1623100.0,2037800.0,1036500.0,2054600.0,998900.0,7322600.0,2384900.0,1789300.0,1464100.0,2229500.0,15638000.0,933030.0,7138100.0,3914300.0,695400.0,3830400.0,1057500.0,2604500.0,17325000.0,31464000.0,2325700.0,1698300.0,1501900.0,2783800.0,1015700.0,1887600.0,3336500.0,787200.0,2814400.0,1901400.0,3839200.0,2700300.0,1417200.0,1096800.0,14691000.0,5032200.0,1313700.0,3541200.0,1639800.0,944740.0,2521800.0,3636500.0,1267500.0,875270.0,2074100.0,856130.0,1823800.0,2791600.0,4851100.0,4107200.0,2293000.0,5593500.0,1274600.0,9165300.0,4558400.0,997350.0,1628100.0,875890.0,1738300.0,3439800.0,9756100.0,1694900.0,16185000.0,1389000.0,9707100.0,1601000.0,3111800.0,1248900.0,1595600.0,12279000.0,5012700.0,2131600.0,3788800.0,2346100.0,1178000.0,645020.0,3343500.0,11411000.0,2365500.0,1449300.0,738260.0,1883600.0,722040.0,1169800.0,2174300.0,8636100.0,4069700.0,2575300.0,3026200.0,2316200.0,1468700.0,757990.0,10124000.0,2341800.0,3477500.0,2031800.0,1344300.0,1016600.0,1973900.0,1030900.0,2818800.0,3841500.0,1137500.0,1448700.0,2060900.0,1490700.0,2159300.0,2379200.0,867820.0,6776700.0,1483200.0,9209400.0,6039000.0,796610.0,10241000.0,798180.0,1257100.0,18495000.0,669880.0,11896000.0,704520.0,5463300.0,3620500.0,3728500.0,2594300.0,5128500.0,4299400.0,4138300.0,945220.0,4052400.0,1605800.0,6226400.0,1476500.0,7458600.0,1058700.0,729360.0,3925100.0,2935000.0,1917500.0,8220700.0,2222600.0,929290.0,1207100.0,3637800.0,3493100.0,1909700.0,1445200.0,720570.0,6685600.0,5169700.0,2290100.0,619540.0,17391000.0,3256600.0,5152600.0,1119800.0,17904000.0,5318100.0,1077700.0,8409500.0,1326800.0,1407500.0,3909300.0,5195800.0,785010.0,1609000.0,953500.0,1742800.0,1536400.0,1428600.0,7692300.0,2295200.0,1389900.0,12034000.0,2729100.0,1213300.0,1238200.0,3194500.0,932670.0,4580100.0,1110300.0,1813100.0,7912700.0,4355400.0,685140.0,1393400.0,9817300.0,5161200.0,4960900.0,15079000.0,2942700.0,1891900.0,2294600.0,2933500.0,3129200.0,1844900.0,1714400.0,2219900.0,1469200.0,7074000.0,638180.0,3583000.0,8148600.0,8705300.0,1826300.0,5270900.0,3949100.0,4910800.0,847070.0,1117100.0,5283500.0,1523800.0,6462500.0,3415400.0,6961300.0,1931200.0,1605900.0,1559300.0,1065700.0,1101400.0,2250300.0,1018100.0,5082200.0,3404400.0,3048000.0,2817500.0,2386500.0,1906100.0,15335000.0,13457000.0,3518500.0,3147900.0,1932600.0,4368700.0,3283600.0,640970.0,2021700.0,760960.0,3461100.0,1947300.0,1.5284,1.8169,4.1446,1.3177,2.2347,4.2468,1.1952,1.95,4.265,2.5357,2.6863,4.3308,0.80124,2.0348,4.2735,1.5593,2.5093,3.9162,3.0132,2.8503,5.872,1.2629,1.9592,4.2597,1.6419,1.7235,4.2343,1.3145,2.2365,4.2704,0.77849,2.0401,4.1926,2.9668,2.8614,4.5671,5.7251,2.7787,1.4958,1.2522,2.7398,3.6414,0.88972,2.164,3.0232,2.4997,2.084,4.4494,1.4831,1.7047,3.8922,0.68679,2.6315,3.8635,1.9853,1.7775,3.4566,1.1114,2.3898,3.1758,0.25321,2.3065,3.5455,1.7162,1.6386,3.3925,2.0028,2.7369,4.3168,1.7602,1.6468,3.3888,1.5479,1.6556,3.942,0.35294,2.1515,3.1926,2.0921,2.4137,4.4332,1.5505,1.6852,3.239,0.80661,1.9292,2.7709,3.041,2.8344,5.8729,1.9581,1.7564,3.4531,0.97819,2.6964,2.877,1.7314,2.5706,3.953,0.64151,1.8882,2.7485,1.0545,2.4291,3.1011,1.8889,1.9439,4.4745,1.7019,1.6609,3.8996,0.56246,2.1814,3.8688,1.343,2.4852,3.8703,1.067,2.1334,3.2475,2.6091,2.3261,4.2997,2.1036,2.2019,4.692,1.4717,1.664,3.9233,1.8809,1.9771,4.4762,1.5006,2.1761,3.2481,0.82207,2.1829,3.1253,2.4178,2.4126,4.3464,1.992,2.5459,4.881,2.0177,2.6056,4.8768,2.6031,2.3187,4.2864,1.3648,2.5127,3.9278,1.7396,2.2775,4.3405,2.3887,3.0183,4.2976,0.57715,2.4137,2.5793,1.5244,2.0127,4.6013,2.0137,3.0446,3.9285,0.35317,2.374,3.3804,1.6457,1.6235,4.087,0.76219,2.1188,3.0784,2.2337,2.2973,4.6767,0.6446,2.4875,3.0639,0.98072,2.1956,3.2325,0.080424,2.9003,1.8533,1.996,2.0957,4.5946,2.5958,2.3479,4.249,2.4981,2.3077,5.1351,2.002,2.7285,4.2746,1.1892,1.8527,3.9888,4.6557,2.9074,0.57649,0.89615,2.1672,3.0288,1.3743,2.0984,4.2775,1.1281,2.1767,3.527,2.158,2.709,4.4299,1.6569,1.5957,4.1497,1.1515,2.5252,3.0874,0.71656,2.4506,3.7577,2.1393,1.8704,3.6962,1.5334,2.4852,3.4804,1.5706,2.5868,3.5879,1.5932,1.6499,4.2802,2.0267,2.7419,4.515,2.107,2.7357,4.6089,3.2691,2.805,6.0656,1.7114,1.6208,4.1889,1.7726,1.9561,3.4107,2.3323,2.9442,5.1539,1.1439,2.5475,3.0878,2.6083,2.4223,4.9902,1.0034,2.6542,4.1233,1.536,2.4718,3.5105,1.1188,1.8912,4.1025,1.668,1.6158,4.0808,1.7361,1.9487,3.4261,6.2111,2.9223,3.0289,2.9175,2.2611,4.5978,1.4078,1.9554,4.2847,1.2596,2.6193,3.3729,1.4127,2.4512,3.3772,1.7877,1.9404,3.6853,1.9248,2.4094,4.0297,1.0948,2.3313,3.2113,2.5234,1.9899,5.2194,1.176,2.6454,3.3048,1.4095,2.4801,3.3676,0.085391,3.0101,3.1453,0.68391,1.8508,2.8421,1.7138,2.017,4.4902,1.5248,1.8475,4.1709,5.3623,2.8708,1.7278,0.81992,2.1637,2.8496,0.93742,2.6666,4.0842,2.314,2.5169,3.669,2.6343,2.358,4.956,2.8817,2.644,4.5383,2.0615,2.4342,4.5305,2.3586,2.1389,4.186,0.77115,2.0904,3.3413,0.46384,2.4458,2.9935,0.56373,2.1739,3.8396,2.4825,2.4745,4.5235,0.82717,2.4,2.9441,1.3042,1.5725,4.3353,1.6594,1.982,3.4758,0.15783,2.6749,2.1067,3.4414,2.9507,0.18796,0.85936,2.3513,2.9771,1.6427,1.6521,4.1133,1.5243,1.7988,3.2062,0.77653,2.408,2.8684,2.2136,2.3222,4.9486,1.1765,2.5552,3.1385,1.1592,2.1145,3.5655,0.45659,2.0324,3.2763,1.7237,1.9604,3.4377,2.4546,2.0934,4.1443,2.165,2.1537,4.9794,1.3468,1.7449,3.8235,0.75481,1.9945,2.7707,2.1591,2.1565,4.9945,2.253,2.2249,4.4955,1.559,2.3748,3.9806,4.1864,2.9621,0.091072,1.9103,2.4132,4.0033,0.75562,1.975,4.1341,1.1957,2.6237,4.2377,3.4666,2.8313,6.0871,1.6077,1.5952,3.273,0.26968,2.3484,3.4083,5.0165,2.9788,0.85799,0.51821,2.8007,3.2713,1.2319,2.5234,3.016,2.2013,2.126,4.954,1.5516,2.0852,4.3926,1.5805,1.6274,3.3492,1.4511,2.9161,3.3136,0.60663,2.3911,2.8205,0.88266,2.421,3.0001,0.21826,2.6425,3.3418,1.7065,2.3566,4.208,0.55937,2.4122,2.7758,1.0594,2.2562,3.6295,1.3626,1.7845,4.3022,0.27891,2.3402,3.4203,1.5712,1.599,3.2814,0.6221,2.3774,2.8111,2.9936,2.8646,5.9674,1.8968,2.5643,3.9931,2.0418,2.2218,4.619,2.4425,2.7169,5.1772,1.8074,1.9573,3.8567,1.3605,1.7985,3.7307,2.2423,2.1385,4.9929,1.4521,2.6081,4.0019,0.68328,3.0394,2.4554,4.5872,2.9507,0.312,1.2311,2.7498,4.2744,1.8718,1.9529,3.8944,1.2035,2.6504,2.8365,0.3318,2.7924,2.9619,1.0195,2.904,4.191,0.54008,2.4859,2.6006,0.72597,1.9986,2.9028,0.57669,2.4474,3.4153,1.6728,2.1945,4.3041,1.2185,2.7591,4.3488,0.62271,1.9975,3.0525,2.0058,1.8487,3.7737,1.2597,1.8607,3.6827,2.3522,2.6493,4.8533,1.4264,1.5597,4.2025,1.3435,2.1413,3.2022,0.67909,2.0267,3.0413,0.6179,2.3489,2.6364,1.7179,2.3393,4.1704,2.3375,2.6519,4.9135,0.59393,2.0172,3.0287,1.5995,1.7154,3.3266,0.79689,3.0082,2.6222,0.58741,2.5065,2.6083,3.0867,2.7397,6.0502,6.1286,2.8731,2.5368,4.3816,2.9438,0.051212,2.4126,2.3377,3.7393,1.3187,3.0791,4.2158,1.3204,2.3907,3.5199,0.2628,3.1031,3.146,2.3966,2.1983,3.7627,1.2553,1.8501,3.6924,2.4039,2.3255,4.5942,2.5883,2.6637,4.121,1.2471,2.7114,4.3686,1.8242,1.9486,3.8571,1.2226,2.7746,3.7431,2.3855,2.3897,5.0071,1.471,2.6291,3.3306,2.1432,2.2316,4.0925,0.79934,1.9651,3.3879,2.4504,2.3693,3.7731,2.3884,2.3747,3.7212,2.2587,1.9518,4.9804,2.6392,2.2835,4.8198,2.4059,2.2296,3.7854,1.4474,1.5961,3.8811,2.4194,2.6406,4.9299,1.8381,1.9493,3.8729,0.76595,2.1388,4.0938,1.6441,1.8329,4.2962,2.3698,2.6213,4.9437,1.4308,2.3945,3.2738,5.8072,2.8574,2.1275,1.8096,1.7614,3.5304,1.9762,2.9674,4.2658,2.0572,1.9697,4.7848,1.165,2.6006,4.3116,1.9615,2.1481,4.8904,1.6023,1.7923,3.9586,1.6379,1.9839,3.3673,1.1536,2.7458,3.712,0.9458,2.8541,3.8147,1.4828,2.4761,3.9238,1.2147,2.7479,3.7146,1.7633,1.7901,4.0848,0.84587,2.4351,2.7793,1.9055,2.1085,4.3789,0.031757,2.78,2.8447,1.0715,1.9759,4.3005,0.95909,2.2575,3.0851,1.6033,2.3948,4.559,0.95567,2.0823,2.8357,0.69819,2.0135,2.7056,1.6019,1.7848,3.9601,0.90829,2.421,2.8443,1.3693,1.5908,3.8496,2.7809,2.6212,4.6122,1.1232,2.1887,3.6311,1.2242,2.7689,3.73,1.9747,2.061,4.4607,1.0251,2.0064,4.2577,1.8479,1.6542,3.4446,1.6502,2.5191,3.9939,2.1612,2.5189,4.9186,2.1731,2.3944,3.6312,1.1421,3.026,3.3728,1.4661,1.4564,4.25,0.58629,3.027,3.6323,1.6051,1.7332,4.2278,0.73069,2.019,2.7241,0.66428,2.1879,4.0116,2.685,2.622,4.5259,2.0942,2.1094,3.4294,1.3494,2.839,3.5135,1.164,2.3082,3.642,2.5392,2.0415,4.444,1.482,1.7026,4.433,1.5036,2.5683,3.559,2.0218,2.354,4.0962,2.5941,2.247,4.9465,0.48609,2.4807,3.0421
0.16982,702.34,0.0045113,603.94,887.17,628.23,702.4,731.57,736.14,788.24,713.5,683.19,711.93,976.75,543.98,699.98,827.59,860.7,666.34,715.77,545.94,524.24,769.7,691.43,577.51,755.39,570.18,659.45,696.32,893.65,443.51,809.64,628.35,655.57,488.32,855.24,744.84,885.61,769.01,631.48,764.67,874.7,750.19,553.16,891.48,527.2,729.93,683.36,768.96,772.84,823.27,699.9,725.55,681.27,872.94,788.12,822.03,647.25,784.08,718.46,628.2,927.62,829.93,784.48,894.27,519.84,658.87,621.71,740.87,626.64,794.52,721.44,716.93,629.15,732.62,727.71,591.33,654.12,698.0,692.37,785.18,781.65,706.46,754.9,770.62,593.73,768.38,481.03,803.78,640.16,729.29,655.65,753.46,796.22,633.12,599.32,679.45,598.14,653.31,898.61,584.51,634.38,827.65,830.18,918.71,783.74,763.02,768.89,966.39,748.72,596.02,674.25,805.8,612.26,761.62,792.59,461.76,824.64,695.43,818.34,762.49,722.81,560.96,756.49,801.96,587.71,630.84,638.96,889.01,542.14,739.09,813.75,804.71,706.83,863.97,674.49,622.78,839.19,718.86,699.92,776.96,774.41,714.6,624.1,708.24,841.87,619.48,623.43,871.18,587.31,685.31,819.82,572.85,646.31,997.3,670.56,444.47,753.55,814.41,823.75,691.29,883.43,619.99,627.43,475.78,579.0,602.39,732.3,539.11,769.53,792.78,548.36,653.45,700.68,776.93,593.99,721.58,661.98,644.18,610.65,626.47,901.18,690.81,806.53,921.15,671.44,827.87,665.04,900.24,722.07,634.83,831.64,972.55,725.79,795.88,750.04,736.51,790.5,711.0,750.85,671.59,702.38,657.6,719.91,680.39,729.7,702.39,835.23,724.95,640.36,773.33,822.26,698.82,602.65,550.93,689.76,900.32,682.21,652.21,830.73,663.94,742.12,736.68,715.28,694.37,804.75,804.17,568.93,827.93,601.66,765.02,678.79,739.81,565.16,794.31,807.9,509.4,766.23,692.09,460.55,770.53,562.06,701.56,724.04,547.06,690.77,721.24,545.76,778.52,827.79,716.61,549.63,788.41,641.25,715.54,706.53,533.23,777.12,925.77,640.38,571.55,622.73,859.84,740.47,665.46,794.37,444.55,482.21,610.93,787.3,682.73,642.1,759.05,803.78,638.92,594.35,550.25,804.84,587.27,771.5,690.87,0.0047485,0.0056059,0.0044315,0.0043585,0.0047631,0.004608,0.0048917,0.0048657,0.0046363,0.0048126,0.0057732,0.0038806,0.0045957,0.0051183,0.0056447,0.0043168,0.0046439,0.0039298,0.0034626,0.0052879,0.0046648,0.0042064,0.0051558,0.0040071,0.004509,0.0044055,0.0054823,0.0035829,0.0053942,0.003927,0.0042045,0.0033501,0.0051178,0.004619,0.0054887,0.0047725,0.0043597,0.0050134,0.0051072,0.0043896,0.003308,0.0055833,0.003801,0.0045014,0.0044256,0.0046315,0.0044492,0.0048517,0.004467,0.0037521,0.0044437,0.0054713,0.0043371,0.0049986,0.0043783,0.0046032,0.0047805,0.0044831,0.0056632,0.0056203,0.0048343,0.0056404,0.0041981,0.0048563,0.0042315,0.0050085,0.0044118,0.0051523,0.0044729,0.0050111,0.0042165,0.0043206,0.0047,0.0042004,0.0044372,0.0042304,0.004338,0.0051125,0.0051841,0.0046521,0.0050581,0.0048183,0.0036406,0.0041507,0.0036643,0.0048249,0.0043198,0.0045003,0.0041289,0.004696,0.0047941,0.004298,0.0040547,0.0042228,0.0039795,0.0040104,0.0056268,0.0038504,0.0040634,0.005004,0.0049924,0.0056318,0.0047341,0.005038,0.0049484,0.0053663,0.0047269,0.0042292,0.0039502,0.0052379,0.0043427,0.0050144,0.0049309,0.0036721,0.0051058,0.0044369,0.004945,0.0047147,0.0048131,0.004191,0.0050546,0.0048971,0.0042469,0.0041734,0.0044209,0.0056412,0.0038702,0.0048375,0.0051982,0.0051621,0.004685,0.0051095,0.0041949,0.0040455,0.0053332,0.0049915,0.0044139,0.0047891,0.0050099,0.0043758,0.0041171,0.0038611,0.0050872,0.0043146,0.0044614,0.0046694,0.0039518,0.0047039,0.0049133,0.0036109,0.0044053,0.0061477,0.0043623,0.0033604,0.004645,0.0047993,0.0051977,0.0048262,0.0052949,0.003871,0.003998,0.0033826,0.0040443,0.0041602,0.0043629,0.0038009,0.004813,0.0048744,0.003775,0.0041566,0.0038142,0.0048488,0.004227,0.0044799,0.0041544,0.0044741,0.0041052,0.0041052,0.0049023,0.0041904,0.0048693,0.0050872,0.0044177,0.0052922,0.0047071,0.0052347,0.0044244,0.0041645,0.0048194,0.0051031,0.004773,0.0048467,0.0048206,0.0056433,0.0046976,0.0046774,0.0040195,0.0046785,0.004563,0.0044302,0.0045285,0.0044009,0.0047437,0.0042978,0.0063824,0.004513,0.004601,0.0046604,0.0047229,0.004612,0.0041598,0.0037914,0.0042198,0.0055124,0.0047362,0.0044674,0.0046989,0.0042035,0.0048857,0.0047766,0.0045254,0.0044014,0.0048153,0.0049653,0.0038946,0.0052003,0.0039953,0.0045376,0.0046673,0.0041338,0.0038205,0.0044326,0.0052198,0.0035486,0.0047462,0.0039804,0.0040284,0.0048989,0.0037588,0.004521,0.0046193,0.0039515,0.0042303,0.0043497,0.0035009,0.0047387,0.0051635,0.0049818,0.0038018,0.0050489,0.0040363,0.0046906,0.0042052,0.0034183,0.0042363,0.0056768,0.0041267,0.004282,0.003869,0.0052831,0.0045777,0.0043577,0.0044997,0.0036625,0.0036052,0.0040823,0.0050448,0.0042635,0.0045074,0.0051927,0.0045399,0.0042601,0.0035712,0.0038204,0.0047491,0.0041077,0.0047539,0.0041234,652860.0,527600.0,4051000.0,2361500.0,1063500.0,5504200.0,2008000.0,2411200.0,2983400.0,2907700.0,715790.0,4946000.0,1272400.0,3886200.0,2497000.0,4962200.0,4006100.0,1313700.0,3439700.0,2457300.0,3280300.0,11623000.0,939160.0,6172800.0,733680.0,8929900.0,1559800.0,1804700.0,799240.0,3153800.0,1663100.0,5695800.0,23134000.0,2470300.0,2681400.0,4250800.0,1211200.0,1483800.0,1623100.0,2037800.0,1036500.0,2054600.0,998900.0,7322600.0,2384900.0,1789300.0,1464100.0,2229500.0,15638000.0,933030.0,7138100.0,3914300.0,695400.0,3830400.0,1057500.0,2604500.0,17325000.0,31464000.0,2325700.0,1698300.0,1501900.0,2783800.0,1015700.0,1887600.0,3336500.0,787200.0,2814400.0,1901400.0,3839200.0,2700300.0,1417200.0,1096800.0,14691000.0,5032200.0,1313700.0,3541200.0,1639800.0,944740.0,2521800.0,3636500.0,1267500.0,875270.0,2074100.0,856130.0,1823800.0,2791600.0,4851100.0,4107200.0,2293000.0,5593500.0,1274600.0,9165300.0,4558400.0,997350.0,1628100.0,875890.0,1738300.0,3439800.0,9756100.0,1694900.0,16185000.0,1389000.0,9707100.0,1601000.0,3111800.0,1248900.0,1595600.0,12279000.0,5012700.0,2131600.0,3788800.0,2346100.0,1178000.0,645020.0,3343500.0,11411000.0,2365500.0,1449300.0,738260.0,1883600.0,722040.0,1169800.0,2174300.0,8636100.0,4069700.0,2575300.0,3026200.0,2316200.0,1468700.0,757990.0,10124000.0,2341800.0,3477500.0,2031800.0,1344300.0,1016600.0,1973900.0,1030900.0,2818800.0,3841500.0,1137500.0,1448700.0,2060900.0,1490700.0,2159300.0,2379200.0,867820.0,6776700.0,1483200.0,9209400.0,6039000.0,796610.0,10241000.0,798180.0,1257100.0,18495000.0,669880.0,11896000.0,704520.0,5463300.0,3620500.0,3728500.0,2594300.0,5128500.0,4299400.0,4138300.0,945220.0,4052400.0,1605800.0,6226400.0,1476500.0,7458600.0,1058700.0,729360.0,3925100.0,2935000.0,1917500.0,8220700.0,2222600.0,929290.0,1207100.0,3637800.0,3493100.0,1909700.0,1445200.0,720570.0,6685600.0,5169700.0,2290100.0,619540.0,17391000.0,3256600.0,5152600.0,1119800.0,17904000.0,5318100.0,1077700.0,8409500.0,1326800.0,1407500.0,3909300.0,5195800.0,785010.0,1609000.0,953500.0,1742800.0,1536400.0,1428600.0,7692300.0,2295200.0,1389900.0,12034000.0,2729100.0,1213300.0,1238200.0,3194500.0,932670.0,4580100.0,1110300.0,1813100.0,7912700.0,4355400.0,685140.0,1393400.0,9817300.0,5161200.0,4960900.0,15079000.0,2942700.0,1891900.0,2294600.0,2933500.0,3129200.0,1844900.0,1714400.0,2219900.0,1469200.0,7074000.0,638180.0,3583000.0,8148600.0,8705300.0,1826300.0,5270900.0,3949100.0,4910800.0,847070.0,1117100.0,5283500.0,1523800.0,6462500.0,3415400.0,6961300.0,1931200.0,1605900.0,1559300.0,1065700.0,1101400.0,2250300.0,1018100.0,5082200.0,3404400.0,3048000.0,2817500.0,2386500.0,1906100.0,15335000.0,13457000.0,3518500.0,3147900.0,1932600.0,4368700.0,3283600.0,640970.0,2021700.0,760960.0,3461100.0,1947300.0,1.5292,1.8152,4.1433,1.3215,2.2358,4.2485,1.1925,1.9481,4.2667,2.5388,2.688,4.3327,0.7982,2.0341,4.276,1.5609,2.5106,3.9172,3.0124,2.851,5.8746,1.2655,1.9568,4.2616,1.6357,1.7231,4.2333,1.3165,2.2368,4.2731,0.77365,2.0386,4.1925,2.9718,2.8629,4.5714,5.7257,2.7787,1.4971,1.2531,2.7331,3.6426,0.88638,2.1654,3.023,2.5009,2.0865,4.4502,1.483,1.7058,3.8914,0.68862,2.6359,3.8622,1.9845,1.7785,3.4555,1.1127,2.3867,3.1823,0.25121,2.3078,3.5436,1.7122,1.6366,3.393,1.9971,2.7315,4.3114,1.7582,1.6457,3.3889,1.5514,1.6546,3.9438,0.35042,2.1527,3.1919,2.0957,2.4166,4.4361,1.5542,1.6859,3.2414,0.80574,1.9323,2.7708,3.0437,2.8339,5.8772,1.9554,1.7558,3.4519,0.9771,2.6953,2.8765,1.7269,2.5697,3.9505,0.64244,1.8893,2.7457,1.053,2.4284,3.1033,1.8882,1.9459,4.4732,1.7028,1.6594,3.9001,0.56614,2.1791,3.8773,1.3524,2.4882,3.8763,1.0696,2.1376,3.2464,2.6137,2.3281,4.3005,2.1063,2.2047,4.693,1.4717,1.663,3.9241,1.8803,1.981,4.4749,1.5025,2.1766,3.2467,0.82125,2.189,3.1205,2.4179,2.4155,4.3482,1.995,2.5426,4.8801,2.0224,2.6054,4.8764,2.6079,2.3207,4.2867,1.3696,2.5136,3.9271,1.7433,2.2802,4.3434,2.4016,3.0156,4.3084,0.5819,2.4098,2.5863,1.5248,2.0099,4.6012,2.0092,3.0432,3.9216,0.351,2.3738,3.3768,1.6448,1.6231,4.0873,0.7661,2.1243,3.0775,2.2338,2.2993,4.6784,0.64577,2.4807,3.0672,0.97818,2.2017,3.2296,0.078031,2.9009,1.8464,1.9969,2.1021,4.5957,2.5983,2.3504,4.2466,2.4878,2.3056,5.1309,1.9946,2.7227,4.2658,1.1959,1.8524,3.9915,4.6541,2.9004,0.57764,0.89631,2.1692,3.0275,1.3792,2.0985,4.2787,1.1322,2.1821,3.5292,2.149,2.7055,4.421,1.6548,1.5951,4.1492,1.1521,2.5236,3.0895,0.71421,2.4526,3.7574,2.1451,1.867,3.6944,1.5293,2.4883,3.4809,1.5642,2.5898,3.5866,1.589,1.6479,4.2819,2.0219,2.7372,4.5111,2.1054,2.7312,4.6096,3.2639,2.8059,6.0634,1.7124,1.6218,4.1905,1.7779,1.9531,3.4082,2.3453,2.9432,5.1687,1.1429,2.5474,3.0885,2.6061,2.4205,4.9903,1.0029,2.6578,4.127,1.5313,2.4738,3.5131,1.1138,1.8964,4.1033,1.6685,1.6152,4.0804,1.7385,1.9457,3.4249,6.1943,2.9207,3.0153,2.9196,2.2588,4.6007,1.4137,1.9547,4.29,1.2599,2.6158,3.3763,1.4098,2.4513,3.3792,1.7849,1.9373,3.6831,1.9232,2.4143,4.0331,1.0948,2.334,3.2131,2.5231,1.9853,5.2239,1.1725,2.6422,3.3052,1.4059,2.4818,3.3692,0.071172,3.014,3.1317,0.68333,1.8544,2.8376,1.7147,2.0154,4.4953,1.5271,1.8459,4.1742,5.352,2.868,1.7203,0.82063,2.1668,2.8537,0.93286,2.6709,4.0856,2.3223,2.5144,3.6718,2.6355,2.3521,4.9545,2.8862,2.6403,4.5397,2.0584,2.4299,4.5325,2.3592,2.1415,4.1864,0.77198,2.0978,3.3407,0.47273,2.444,3.0003,0.56238,2.1758,3.8471,2.4882,2.4718,4.5292,0.83017,2.3976,2.9484,1.3081,1.5719,4.338,1.6571,1.9803,3.4781,0.16616,2.6741,2.1093,3.4543,2.9504,0.20329,0.86405,2.3457,2.9839,1.6419,1.6531,4.1155,1.5258,1.7963,3.2078,0.77692,2.4056,2.8686,2.2167,2.3201,4.9487,1.179,2.5554,3.143,1.1671,2.1246,3.5696,0.45069,2.0367,3.2782,1.7251,1.9574,3.4373,2.4594,2.0948,4.1401,2.1662,2.1534,4.9799,1.3507,1.7447,3.8253,0.75787,1.9964,2.772,2.1601,2.1569,4.9962,2.2487,2.2275,4.498,1.5592,2.3797,3.9824,4.1831,2.9584,0.085438,1.9067,2.4179,4.0035,0.75124,1.9756,4.1357,1.1978,2.6273,4.2398,3.462,2.8299,6.0871,1.6118,1.5946,3.2726,0.26604,2.3516,3.4073,5.007,2.9783,0.84341,0.5165,2.8018,3.2738,1.2305,2.5245,3.0188,2.2036,2.1246,4.9528,1.5564,2.0843,4.3959,1.5827,1.6276,3.3534,1.4574,2.9167,3.3121,0.61484,2.3878,2.8262,0.88086,2.4181,3.0008,0.21807,2.6441,3.3417,1.7146,2.3634,4.2136,0.56644,2.4104,2.7795,1.0601,2.2616,3.6273,1.3617,1.7829,4.3028,0.27655,2.3426,3.4212,1.5736,1.5982,3.2813,0.63171,2.373,2.8161,2.9928,2.8643,5.9702,1.8889,2.5617,3.9902,2.0459,2.2242,4.621,2.4302,2.713,5.1702,1.8021,1.9565,3.8536,1.3647,1.7963,3.7334,2.2468,2.1376,4.9934,1.4537,2.605,4.0005,0.66843,3.0372,2.4364,4.5835,2.9485,0.30885,1.2298,2.7545,4.2708,1.8694,1.9535,3.895,1.2004,2.652,2.8343,0.32975,2.7929,2.9628,1.0235,2.9052,4.1938,0.53913,2.4831,2.6027,0.7278,2.0034,2.8976,0.5787,2.4502,3.4149,1.6802,2.1959,4.3088,1.2158,2.7636,4.3494,0.62246,2.0006,3.0472,2.0077,1.8461,3.771,1.2644,1.8619,3.6853,2.3439,2.6443,4.8441,1.4312,1.5613,4.2039,1.3407,2.1404,3.2038,0.68198,2.032,3.0369,0.62413,2.3435,2.6389,1.7226,2.3434,4.1729,2.3308,2.6473,4.9095,0.59166,2.021,3.023,1.6016,1.7157,3.3268,0.80784,3.0066,2.6284,0.58812,2.5064,2.6094,3.0963,2.7387,6.0601,6.1263,2.8738,2.5384,4.3679,2.9405,0.034257,2.4167,2.3326,3.738,1.3416,3.0787,4.246,1.3143,2.3972,3.5182,0.2189,3.1043,3.1089,2.3974,2.1954,3.7597,1.2575,1.85,3.6953,2.402,2.3251,4.5964,2.5882,2.6666,4.1271,1.246,2.7129,4.3704,1.8201,1.9474,3.854,1.2288,2.7727,3.7487,2.3821,2.3844,5.0025,1.4633,2.628,3.3332,2.1409,2.2351,4.0922,0.79772,1.9683,3.3886,2.4546,2.366,3.7739,2.3902,2.3721,3.7194,2.2634,1.9557,4.9859,2.6374,2.2831,4.8213,2.4085,2.2288,3.7835,1.451,1.5965,3.8838,2.417,2.6354,4.9267,1.835,1.9485,3.871,0.76533,2.1384,4.101,1.6457,1.8334,4.2985,2.3655,2.615,4.942,1.429,2.395,3.2747,5.7987,2.8554,2.1223,1.8065,1.7594,3.5333,1.9725,2.9628,4.2602,2.0598,1.9714,4.7861,1.1699,2.6026,4.3145,1.968,2.1484,4.8925,1.6009,1.7915,3.958,1.64,1.9819,3.3654,1.1614,2.7439,3.72,0.94663,2.8554,3.8144,1.4885,2.4794,3.9291,1.2202,2.7442,3.7177,1.7593,1.7891,4.0842,0.84296,2.4337,2.7803,1.9057,2.1113,4.3795,0.029321,2.7791,2.8454,1.0706,1.9772,4.3029,0.96008,2.2534,3.0882,1.6018,2.3948,4.5573,0.95355,2.082,2.8357,0.69611,2.0141,2.704,1.6014,1.7833,3.9597,0.9077,2.4187,2.8485,1.3689,1.5906,3.8504,2.7825,2.623,4.6111,1.1261,2.192,3.6312,1.2302,2.7672,3.7363,1.9751,2.0665,4.4602,1.0223,2.009,4.2582,1.8471,1.6545,3.4446,1.6495,2.5209,3.9939,2.1642,2.5163,4.9184,2.1745,2.3947,3.627,1.142,3.0222,3.3726,1.4666,1.4563,4.2512,0.5866,3.0287,3.6356,1.6043,1.7315,4.2279,0.73012,2.0198,2.7234,0.6633,2.1875,4.0156,2.685,2.623,4.5252,2.0995,2.1088,3.4288,1.3494,2.8339,3.5136,1.1697,2.3156,3.6427,2.5404,2.0442,4.4425,1.4817,1.7001,4.4341,1.4971,2.5661,3.5581,2.0192,2.3581,4.0984,2.5891,2.2405,4.9457,0.4878,2.4791,3.0461
0.17723,716.75,0.0046034,615.09,908.19,644.34,715.82,749.63,750.56,801.49,726.46,695.86,725.56,1001.2,553.3,711.39,846.6,885.13,678.18,731.34,557.52,533.54,788.86,705.49,588.92,769.32,580.85,673.28,709.25,915.92,451.56,827.5,639.6,667.04,495.39,874.27,760.97,905.71,784.63,643.44,785.69,894.87,762.53,563.67,910.5,535.99,745.39,698.45,785.07,789.87,840.84,714.37,738.71,695.56,893.72,803.1,842.59,659.46,800.33,733.32,640.67,948.78,850.78,803.83,916.49,526.56,671.28,634.17,755.4,638.88,804.83,736.59,732.49,638.52,749.92,744.21,602.99,668.57,708.51,709.55,802.8,799.31,718.49,769.83,783.23,603.43,785.69,490.55,820.27,652.89,744.7,669.43,770.43,813.02,644.43,609.67,695.51,609.63,665.09,918.0,597.68,646.5,847.78,848.78,941.36,800.42,781.92,784.94,990.7,765.84,607.91,686.91,823.01,625.23,778.5,807.98,470.34,842.7,709.72,836.86,778.56,738.35,574.7,773.46,816.66,601.83,643.83,650.91,914.32,554.14,752.66,833.6,825.58,721.4,886.48,687.19,635.22,856.47,732.04,713.86,792.93,788.45,729.99,638.24,722.27,864.07,632.37,635.43,885.06,601.46,700.03,835.38,583.42,660.31,1022.5,683.62,451.66,763.97,833.69,842.24,704.62,904.52,629.89,641.11,483.56,587.93,614.24,747.93,550.04,786.08,808.76,557.63,665.93,712.69,793.29,603.42,733.76,675.09,656.63,621.42,637.21,917.49,704.2,823.45,944.4,684.07,847.28,678.66,920.38,738.5,647.47,849.2,993.53,741.4,813.77,763.53,759.09,807.8,726.22,764.38,683.81,715.01,672.71,735.06,693.42,745.47,716.92,861.49,739.92,654.22,786.66,840.83,713.69,609.67,561.52,703.03,921.75,701.72,666.5,842.74,677.78,759.79,751.37,730.21,707.63,820.08,819.03,579.8,846.06,613.19,781.03,692.13,750.19,575.33,811.19,824.92,517.7,782.33,704.8,468.46,785.77,571.09,715.27,738.35,556.67,704.92,735.51,553.96,796.75,844.49,731.5,559.78,803.55,652.36,730.7,720.87,542.72,792.42,938.11,654.8,576.74,633.23,876.91,755.82,680.3,810.83,451.55,489.5,622.17,801.72,697.95,655.69,776.53,811.95,654.41,602.7,558.9,825.41,596.77,789.36,702.36,0.0048426,0.0057376,0.0045296,0.0044435,0.0048702,0.0046968,0.0049863,0.00496,0.0047349,0.00491,0.0059138,0.003951,0.0046818,0.0052428,0.0057868,0.0043933,0.004743,0.004008,0.0035223,0.0054107,0.0047602,0.0042917,0.0052612,0.004083,0.0046058,0.0044938,0.0056113,0.0036487,0.0055091,0.0040015,0.0042809,0.0033984,0.005233,0.0047186,0.0056108,0.0048758,0.0044384,0.005138,0.0052278,0.0044703,0.0033595,0.005705,0.0038701,0.0045993,0.0045211,0.004735,0.0045463,0.0049568,0.0045573,0.003811,0.004533,0.0055953,0.0044169,0.0051181,0.004457,0.0046973,0.0048778,0.0045712,0.0057995,0.005747,0.0049443,0.0057727,0.0042577,0.0049477,0.0043135,0.0051144,0.0044988,0.0052361,0.0045629,0.005113,0.0042847,0.0044201,0.0048006,0.0042785,0.0045276,0.0042997,0.0044394,0.0052245,0.0052949,0.0047397,0.0051636,0.0049112,0.0037022,0.0042311,0.0037343,0.0049197,0.0044032,0.0045927,0.0042178,0.0048036,0.004899,0.0043764,0.0041296,0.0043172,0.00406,0.0040922,0.0057522,0.0039313,0.004145,0.0051281,0.0051025,0.0057671,0.0048339,0.0051513,0.0050482,0.0055061,0.0048338,0.0043133,0.004031,0.0053364,0.0044307,0.0051197,0.0050287,0.0037303,0.0052172,0.0045305,0.0050566,0.0048166,0.0049131,0.0042799,0.005159,0.0049989,0.0043403,0.0042626,0.0045061,0.0057906,0.0039538,0.0049277,0.0053158,0.0052859,0.0047818,0.0052499,0.0042822,0.0041283,0.0054585,0.0050845,0.0045015,0.0048876,0.0050966,0.0044702,0.0042044,0.003939,0.0052183,0.0044072,0.0045426,0.0047538,0.0040369,0.0048079,0.0050167,0.0036822,0.0044979,0.0062901,0.0044486,0.0034116,0.0047329,0.0049148,0.0053088,0.0049191,0.0054239,0.0039344,0.0040826,0.003441,0.0041164,0.0042472,0.0044595,0.0038808,0.0049168,0.0049712,0.0038458,0.004242,0.0038892,0.0049503,0.0042989,0.0045631,0.0042332,0.0045612,0.0041784,0.0041746,0.0049947,0.0042721,0.0049701,0.0052252,0.0045011,0.0054148,0.0048017,0.0053585,0.0045213,0.0042462,0.0049193,0.0052174,0.004873,0.0049574,0.0049162,0.005776,0.0048023,0.0047739,0.0039594,0.0047695,0.0046395,0.0045246,0.004625,0.0044872,0.0048471,0.0043846,0.0065465,0.0045975,0.0046905,0.0047524,0.004822,0.0047064,0.0042185,0.0038617,0.0042963,0.0056416,0.0048532,0.0045635,0.0047766,0.0042866,0.0049919,0.0048778,0.004618,0.0044844,0.0049147,0.0050601,0.0039666,0.0053169,0.0040739,0.0046346,0.0047555,0.0041976,0.0038807,0.0045252,0.0053314,0.0036032,0.0048433,0.004047,0.0040979,0.0050001,0.0038237,0.0046084,0.004716,0.0040258,0.0043123,0.0044319,0.0035491,0.0048431,0.0052619,0.0050811,0.0038672,0.0051477,0.0041072,0.0047859,0.0042571,0.0034765,0.0043269,0.0057819,0.0042173,0.0043348,0.0039318,0.0053825,0.0046693,0.0044486,0.0045993,0.0037309,0.0036611,0.0041619,0.0051405,0.0043565,0.0046048,0.0053084,0.0045987,0.004361,0.0036263,0.0038942,0.0048706,0.004179,0.0048607,0.0041968,652860.0,527600.0,4051000.0,2361500.0,1063500.0,5504200.0,2008000.0,2411200.0,2983400.0,2907700.0,715790.0,4946000.0,1272400.0,3886200.0,2497000.0,4962200.0,4006100.0,1313700.0,3439700.0,2457300.0,3280300.0,11623000.0,939160.0,6172800.0,733680.0,8929900.0,1559800.0,1804700.0,799240.0,3153800.0,1663100.0,5695800.0,23134000.0,2470300.0,2681400.0,4250800.0,1211200.0,1483800.0,1623100.0,2037800.0,1036500.0,2054600.0,998900.0,7322600.0,2384900.0,1789300.0,1464100.0,2229500.0,15638000.0,933030.0,7138100.0,3914300.0,695400.0,3830400.0,1057500.0,2604500.0,17325000.0,31464000.0,2325700.0,1698300.0,1501900.0,2783800.0,1015700.0,1887600.0,3336500.0,787200.0,2814400.0,1901400.0,3839200.0,2700300.0,1417200.0,1096800.0,14691000.0,5032200.0,1313700.0,3541200.0,1639800.0,944740.0,2521800.0,3636500.0,1267500.0,875270.0,2074100.0,856130.0,1823800.0,2791600.0,4851100.0,4107200.0,2293000.0,5593500.0,1274600.0,9165300.0,4558400.0,997350.0,1628100.0,875890.0,1738300.0,3439800.0,9756100.0,1694900.0,16185000.0,1389000.0,9707100.0,1601000.0,3111800.0,1248900.0,1595600.0,12279000.0,5012700.0,2131600.0,3788800.0,2346100.0,1178000.0,645020.0,3343500.0,11411000.0,2365500.0,1449300.0,738260.0,1883600.0,722040.0,1169800.0,2174300.0,8636100.0,4069700.0,2575300.0,3026200.0,2316200.0,1468700.0,757990.0,10124000.0,2341800.0,3477500.0,2031800.0,1344300.0,1016600.0,1973900.0,1030900.0,2818800.0,3841500.0,1137500.0,1448700.0,2060900.0,1490700.0,2159300.0,2379200.0,867820.0,6776700.0,1483200.0,9209400.0,6039000.0,796610.0,10241000.0,798180.0,1257100.0,18495000.0,669880.0,11896000.0,704520.0,5463300.0,3620500.0,3728500.0,2594300.0,5128500.0,4299400.0,4138300.0,945220.0,4052400.0,1605800.0,6226400.0,1476500.0,7458600.0,1058700.0,729360.0,3925100.0,2935000.0,1917500.0,8220700.0,2222600.0,929290.0,1207100.0,3637800.0,3493100.0,1909700.0,1445200.0,720570.0,6685600.0,5169700.0,2290100.0,619540.0,17391000.0,3256600.0,5152600.0,1119800.0,17904000.0,5318100.0,1077700.0,8409500.0,1326800.0,1407500.0,3909300.0,5195800.0,785010.0,1609000.0,953500.0,1742800.0,1536400.0,1428600.0,7692300.0,2295200.0,1389900.0,12034000.0,2729100.0,1213300.0,1238200.0,3194500.0,932670.0,4580100.0,1110300.0,1813100.0,7912700.0,4355400.0,685140.0,1393400.0,9817300.0,5161200.0,4960900.0,15079000.0,2942700.0,1891900.0,2294600.0,2933500.0,3129200.0,1844900.0,1714400.0,2219900.0,1469200.0,7074000.0,638180.0,3583000.0,8148600.0,8705300.0,1826300.0,5270900.0,3949100.0,4910800.0,847070.0,1117100.0,5283500.0,1523800.0,6462500.0,3415400.0,6961300.0,1931200.0,1605900.0,1559300.0,1065700.0,1101400.0,2250300.0,1018100.0,5082200.0,3404400.0,3048000.0,2817500.0,2386500.0,1906100.0,15335000.0,13457000.0,3518500.0,3147900.0,1932600.0,4368700.0,3283600.0,640970.0,2021700.0,760960.0,3461100.0,1947300.0,1.5298,1.8138,4.1423,1.3242,2.2367,4.2494,1.1905,1.9465,4.2677,2.5409,2.6895,4.3339,0.79594,2.0335,4.2776,1.5618,2.5114,3.9178,3.0116,2.8517,5.8761,1.2674,1.9548,4.2628,1.631,1.7228,4.2324,1.3178,2.237,4.2748,0.77004,2.0374,4.1924,2.9757,2.864,4.5749,5.7264,2.7786,1.4983,1.2532,2.7281,3.643,0.88387,2.1663,3.0227,2.5017,2.0886,4.4506,1.4829,1.7064,3.8906,0.68974,2.6391,3.8609,1.9839,1.7793,3.4546,1.1133,2.3843,3.1868,0.24972,2.3086,3.5422,1.7093,1.6352,3.3932,1.9925,2.7275,4.307,1.7566,1.6448,3.3888,1.5538,1.6538,3.9449,0.34852,2.1534,3.1913,2.0982,2.4189,4.4379,1.557,1.6865,3.243,0.80511,1.9344,2.7707,3.0455,2.8339,5.8802,1.9534,1.7554,3.4508,0.97586,2.6945,2.8756,1.7234,2.5692,3.9483,0.64309,1.8899,2.7436,1.0516,2.4277,3.1046,1.8876,1.9475,4.472,1.7033,1.6581,3.9002,0.56879,2.1771,3.8836,1.3589,2.4903,3.8804,1.0712,2.1406,3.2453,2.6171,2.3298,4.3011,2.1082,2.2069,4.6936,1.4716,1.6622,3.9244,1.8798,1.984,4.4737,1.5038,2.1771,3.2452,0.82048,2.1932,3.1167,2.4178,2.4179,4.3492,1.9968,2.5403,4.8789,2.0254,2.6054,4.8757,2.6116,2.3226,4.2868,1.3726,2.5143,3.9261,1.7459,2.2822,4.3452,2.4089,3.0138,4.3141,0.58528,2.4067,2.5913,1.5251,2.0079,4.6009,2.0029,3.0422,3.9134,0.34921,2.3734,3.3739,1.6441,1.6227,4.0872,0.76894,2.128,3.0766,2.2337,2.3008,4.6792,0.64625,2.4756,3.069,0.97599,2.2059,3.2272,0.0766,2.9011,1.8416,1.9974,2.1069,4.5961,2.5999,2.3526,4.2447,2.4803,2.3045,5.1279,1.9885,2.7184,4.2586,1.2008,1.8522,3.9932,4.6541,2.8949,0.57983,0.89616,2.1704,3.0262,1.3827,2.0984,4.2792,1.135,2.1859,3.5305,2.1419,2.7031,4.4139,1.6533,1.5947,4.1485,1.1521,2.5221,3.0905,0.71225,2.4538,3.7569,2.1493,1.8647,3.6929,1.5258,2.4905,3.4807,1.5587,2.592,3.585,1.5859,1.6465,4.2828,2.0176,2.734,4.5074,2.1035,2.728,4.6094,3.2598,2.8069,6.0617,1.7131,1.6225,4.1913,1.7818,1.951,3.406,2.3538,2.9427,5.1784,1.1416,2.5471,3.0884,2.6043,2.4195,4.9899,1.002,2.6603,4.129,1.5273,2.4752,3.5144,1.11,1.9001,4.1036,1.6689,1.6148,4.0798,1.7402,1.9434,3.4235,6.1828,2.9192,3.0061,2.921,2.2573,4.6027,1.4179,1.9541,4.2936,1.2594,2.6133,3.3781,1.4072,2.4512,3.3802,1.7827,1.9351,3.6811,1.9216,2.4181,4.035,1.0944,2.3359,3.214,2.5228,1.9822,5.227,1.1692,2.6398,3.3046,1.4029,2.483,3.3698,0.060884,3.0165,3.1218,0.68277,1.8567,2.8339,1.7151,2.0142,4.4987,1.5287,1.8448,4.1762,5.3459,2.8657,1.7162,0.821,2.1688,2.8563,0.92889,2.6738,4.086,2.3279,2.5127,3.6733,2.6365,2.348,4.9531,2.8892,2.6379,4.5405,2.0559,2.4271,4.5336,2.3595,2.1439,4.1864,0.77245,2.1031,3.3399,0.47918,2.4422,3.005,0.56139,2.1768,3.8524,2.4921,2.4703,4.533,0.8319,2.3956,2.951,1.3111,1.5714,4.3397,1.6553,1.979,3.4793,0.17223,2.6731,2.1112,3.4643,2.9505,0.2151,0.86697,2.3415,2.9883,1.6412,1.6538,4.1167,1.5268,1.7945,3.2086,0.77678,2.4036,2.8683,2.2187,2.3188,4.9483,1.1803,2.5554,3.1457,1.1725,2.1318,3.5721,0.44617,2.0395,3.2793,1.7259,1.9552,3.4366,2.463,2.0962,4.1367,2.1668,2.1534,4.9798,1.3535,1.7444,3.8263,0.75992,1.9976,2.7727,2.1605,2.1574,4.9972,2.2452,2.2297,4.4995,1.5589,2.3833,3.9831,4.1823,2.9558,0.082906,1.9035,2.4214,4.0029,0.74792,1.9757,4.1366,1.1986,2.6299,4.2404,3.4588,2.8292,6.0874,1.6147,1.5942,3.2719,0.26324,2.3535,3.4064,5.0025,2.9778,0.83527,0.51474,2.8022,3.2752,1.2289,2.5252,3.0203,2.205,2.1239,4.9515,1.5597,2.0836,4.3979,1.5842,1.6278,3.3559,1.4603,2.9172,3.3091,0.62046,2.385,2.83,0.8792,2.4157,3.0008,0.21774,2.6448,3.3414,1.7202,2.3684,4.217,0.57128,2.4086,2.7819,1.0603,2.2654,3.6252,1.3609,1.7817,4.3028,0.27472,2.3438,3.4217,1.5752,1.5977,3.2808,0.63836,2.3695,2.8193,2.9918,2.8644,5.9719,1.8824,2.5598,3.9873,2.0486,2.2262,4.6219,2.4205,2.7104,5.1644,1.798,1.956,3.8508,1.3676,1.7944,3.7348,2.2498,2.1373,4.9933,1.454,2.6028,3.9984,0.65508,3.0353,2.42,4.583,2.9469,0.30888,1.2277,2.7579,4.267,1.8675,1.9542,3.8951,1.1972,2.6531,2.8318,0.32781,2.7928,2.963,1.0249,2.9058,4.1943,0.53817,2.4807,2.6039,0.72908,2.0065,2.8934,0.57993,2.4519,3.4142,1.6855,2.1971,4.3117,1.2126,2.7668,4.3486,0.62226,2.0025,3.043,2.0091,1.8444,3.7687,1.2679,1.8627,3.6867,2.3372,2.6409,4.8367,1.4348,1.5625,4.2044,1.3384,2.1397,3.2045,0.68402,2.0355,3.0333,0.62815,2.3392,2.6402,1.7256,2.3464,4.1741,2.3254,2.6442,4.9059,0.58995,2.0233,3.0186,1.6031,1.7158,3.3265,0.81309,3.0051,2.6302,0.58827,2.506,2.6097,3.1032,2.7385,6.0673,6.1252,2.8739,2.5401,4.3599,2.9381,0.024013,2.4194,2.3291,3.7366,1.3507,3.0784,4.2605,1.3095,2.4016,3.5165,0.18319,3.1046,3.0782,2.3978,2.1936,3.7572,1.2588,1.8499,3.6969,2.4003,2.3252,4.5975,2.5876,2.6692,4.1311,1.2442,2.7139,4.3706,1.817,1.9467,3.8513,1.2322,2.7711,3.7517,2.3793,2.3809,4.9988,1.4568,2.6271,3.3341,2.1389,2.2381,4.0914,0.79617,1.9702,3.3887,2.4574,2.3638,3.7742,2.3913,2.3704,3.7177,2.2667,1.9588,4.9896,2.6358,2.2832,4.8221,2.4103,2.2285,3.7817,1.4536,1.5969,3.8854,2.4148,2.6319,4.9239,1.8325,1.9481,3.8691,0.76468,2.1377,4.1058,1.6467,1.8338,4.2998,2.3619,2.6108,4.9403,1.4272,2.3953,3.2747,5.7931,2.8533,2.1191,1.8041,1.7582,3.5349,1.9671,2.9596,4.2536,2.0615,1.973,4.7866,1.173,2.6039,4.3159,1.9725,2.1488,4.8936,1.5997,1.791,3.9572,1.6413,1.9803,3.3635,1.166,2.7424,3.7247,0.94582,2.8561,3.8128,1.492,2.4817,3.9322,1.2232,2.7414,3.7187,1.7562,1.7884,4.0833,0.84054,2.4324,2.7806,1.9058,2.1135,4.3795,0.027473,2.778,2.8459,1.0698,1.9781,4.3043,0.9605,2.2502,3.0899,1.6001,2.3948,4.5554,0.95174,2.0816,2.8353,0.69451,2.0142,2.7025,1.6009,1.7821,3.959,0.90686,2.4168,2.8511,1.3686,1.5904,3.8505,2.7835,2.6248,4.6101,1.128,2.1943,3.6309,1.2334,2.7658,3.74,1.9752,2.0709,4.4593,1.02,2.0107,4.2583,1.8464,1.6549,3.4442,1.6483,2.5222,3.993,2.1658,2.5147,4.9176,2.1753,2.3951,3.6234,1.1389,3.0191,3.3694,1.467,1.4563,4.2517,0.5845,3.0296,3.6356,1.6036,1.7303,4.2275,0.72957,2.0201,2.7226,0.66246,2.1869,4.0183,2.6848,2.6242,4.5243,2.1031,2.1086,3.4279,1.3483,2.8301,3.5126,1.1736,2.3208,3.6427,2.5412,2.0465,4.441,1.4815,1.6982,4.4345,1.4917,2.5644,3.5567,2.0168,2.3614,4.0994,2.5853,2.2363,4.945,0.48871,2.4776,3.0487
0.18217,726.51,0.0046659,622.65,922.29,655.78,724.68,761.59,760.86,810.23,735.21,704.12,734.59,1017.6,559.58,718.72,859.77,901.79,686.15,742.21,565.34,539.26,802.38,715.19,596.93,778.79,587.78,682.8,717.72,930.76,456.8,839.89,647.15,674.25,500.08,886.85,772.05,919.5,795.16,651.71,800.7,908.71,770.67,570.57,923.06,541.95,756.02,708.42,796.0,801.51,852.98,724.3,747.28,705.07,907.78,812.89,856.83,667.53,811.31,743.31,649.16,963.08,865.07,816.42,931.12,530.99,679.63,642.27,764.67,647.15,811.36,746.12,742.87,644.73,761.93,755.46,610.74,678.37,715.33,721.42,814.72,811.16,726.23,779.41,791.15,609.69,797.38,497.16,831.42,661.52,755.23,678.52,781.89,824.59,651.92,616.45,706.48,617.09,672.92,930.99,606.74,654.31,861.14,861.22,956.78,811.62,794.81,795.99,1007.0,777.35,615.84,695.24,834.76,633.95,789.67,818.53,476.21,854.59,719.22,849.32,789.32,749.04,584.12,784.83,826.6,611.33,652.35,658.8,931.6,562.25,761.74,847.16,839.86,731.03,902.03,695.63,643.47,867.61,740.62,723.27,803.66,797.47,740.17,647.82,731.64,879.26,640.96,643.17,893.55,610.92,709.73,845.18,590.32,669.78,1039.8,692.54,456.63,770.05,846.77,854.61,713.76,918.92,636.79,650.24,488.58,593.94,622.22,758.71,557.25,796.93,819.74,563.64,674.21,720.81,804.47,609.86,742.31,683.61,665.13,628.83,644.85,928.39,713.61,835.13,960.16,692.21,860.81,688.1,934.42,750.07,655.89,861.35,1007.8,752.12,826.19,773.54,774.92,819.55,736.77,776.16,692.21,723.63,682.86,744.73,701.79,755.95,726.98,880.3,750.19,664.01,795.3,853.76,724.06,614.83,568.44,712.14,936.61,715.51,676.26,850.52,686.76,771.73,761.76,740.37,716.93,830.59,828.61,587.06,860.02,620.76,792.01,701.36,757.25,582.87,822.8,836.61,522.84,792.88,713.68,474.25,796.17,577.24,725.31,749.05,563.03,714.25,744.92,559.13,808.52,855.62,741.12,566.77,814.04,660.24,740.74,731.18,548.85,802.38,948.8,664.84,581.28,640.52,888.92,766.95,690.11,821.29,455.94,494.56,629.66,811.62,708.01,664.49,788.88,818.18,665.35,607.77,564.69,839.37,603.57,802.23,710.49,0.0049066,0.005826,0.0045981,0.0044993,0.0049415,0.004761,0.0050499,0.0050232,0.0048004,0.0049746,0.0060081,0.0039936,0.0047383,0.0053292,0.0058826,0.0044448,0.0048137,0.0040592,0.0035597,0.0054963,0.004826,0.0043508,0.0053345,0.004136,0.0046713,0.004552,0.0056961,0.0036911,0.0055877,0.0040525,0.0043288,0.0034307,0.005309,0.004788,0.0056941,0.0049459,0.0044938,0.0052268,0.0053117,0.0045246,0.0033925,0.0057858,0.0039174,0.0046672,0.0045843,0.0048063,0.0046131,0.0050297,0.0046188,0.0038484,0.0045927,0.0056794,0.0044695,0.0052013,0.0045086,0.0047607,0.0049437,0.0046312,0.0058921,0.0058318,0.0050157,0.0058608,0.0042969,0.0050092,0.004367,0.0051818,0.0045584,0.0052898,0.0046211,0.0051794,0.0043294,0.0044892,0.0048689,0.0043293,0.0045885,0.0043451,0.004509,0.0052988,0.0053685,0.0047978,0.0052326,0.0049719,0.003742,0.0042866,0.003782,0.0049837,0.0044593,0.0046555,0.004276,0.0048765,0.0049739,0.0044281,0.0041782,0.0043807,0.0041125,0.0041461,0.0058356,0.0039869,0.004198,0.005211,0.0051762,0.0058578,0.0049008,0.0052272,0.0051182,0.0056002,0.0049048,0.0043688,0.0040846,0.0054023,0.0044882,0.0051897,0.0050926,0.0037678,0.0052903,0.0045919,0.0051319,0.0048839,0.0049809,0.0043397,0.0052278,0.0050675,0.0044022,0.004321,0.0045613,0.0058917,0.00401,0.0049875,0.0053946,0.0053698,0.0048456,0.0053466,0.004341,0.0041831,0.0055403,0.0051441,0.0045598,0.0049531,0.0051523,0.0045333,0.0042634,0.0039909,0.0053081,0.0044693,0.0045939,0.0048069,0.0040935,0.0048763,0.0050825,0.0037289,0.0045601,0.0063865,0.0045072,0.0034472,0.0047877,0.0049934,0.0053821,0.0049827,0.0055123,0.003979,0.0041387,0.0034787,0.0041647,0.0043053,0.0045265,0.0039335,0.0049857,0.005038,0.0038921,0.0042991,0.0039406,0.0050195,0.0043483,0.0046224,0.0042842,0.0046195,0.0042283,0.0042231,0.0050568,0.0043294,0.0050403,0.0053203,0.0045549,0.0054997,0.0048668,0.0054456,0.0045899,0.0043018,0.0049895,0.0052965,0.004941,0.0050353,0.0049839,0.005869,0.0048737,0.0048411,0.0039613,0.0048327,0.0046912,0.0045886,0.0046891,0.0045427,0.0049161,0.0044452,0.0066619,0.004656,0.0047535,0.0048129,0.0048916,0.0047722,0.0042607,0.0039077,0.0043494,0.0057317,0.004936,0.0046298,0.0048277,0.0043405,0.0050629,0.0049503,0.0046817,0.0045429,0.0049833,0.0051219,0.0040146,0.0054038,0.0041258,0.0047018,0.0048157,0.0042411,0.0039248,0.004589,0.0054084,0.0036373,0.0049074,0.0040939,0.004146,0.0050689,0.003868,0.0046725,0.0047855,0.0040758,0.0043664,0.0044863,0.0035804,0.0049121,0.0053281,0.0051468,0.0039124,0.0052165,0.0041576,0.0048491,0.0043044,0.0035149,0.0043871,0.0058594,0.0042806,0.0043752,0.0039756,0.0054525,0.0047356,0.0045086,0.0046631,0.0037747,0.0037003,0.0042159,0.0052065,0.004418,0.0046677,0.0053883,0.0046437,0.0044315,0.0036607,0.003943,0.0049539,0.0042305,0.0049377,0.004249,652860.0,527600.0,4051000.0,2361500.0,1063500.0,5504200.0,2008000.0,2411200.0,2983400.0,2907700.0,715790.0,4946000.0,1272400.0,3886200.0,2497000.0,4962200.0,4006100.0,1313700.0,3439700.0,2457300.0,3280300.0,11623000.0,939160.0,6172800.0,733680.0,8929900.0,1559800.0,1804700.0,799240.0,3153800.0,1663100.0,5695800.0,23134000.0,2470300.0,2681400.0,4250800.0,1211200.0,1483800.0,1623100.0,2037800.0,1036500.0,2054600.0,998900.0,7322600.0,2384900.0,1789300.0,1464100.0,2229500.0,15638000.0,933030.0,7138100.0,3914300.0,695400.0,3830400.0,1057500.0,2604500.0,17325000.0,31464000.0,2325700.0,1698300.0,1501900.0,2783800.0,1015700.0,1887600.0,3336500.0,787200.0,2814400.0,1901400.0,3839200.0,2700300.0,1417200.0,1096800.0,14691000.0,5032200.0,1313700.0,3541200.0,1639800.0,944740.0,2521800.0,3636500.0,1267500.0,875270.0,2074100.0,856130.0,1823800.0,2791600.0,4851100.0,4107200.0,2293000.0,5593500.0,1274600.0,9165300.0,4558400.0,997350.0,1628100.0,875890.0,1738300.0,3439800.0,9756100.0,1694900.0,16185000.0,1389000.0,9707100.0,1601000.0,3111800.0,1248900.0,1595600.0,12279000.0,5012700.0,2131600.0,3788800.0,2346100.0,1178000.0,645020.0,3343500.0,11411000.0,2365500.0,1449300.0,738260.0,1883600.0,722040.0,1169800.0,2174300.0,8636100.0,4069700.0,2575300.0,3026200.0,2316200.0,1468700.0,757990.0,10124000.0,2341800.0,3477500.0,2031800.0,1344300.0,1016600.0,1973900.0,1030900.0,2818800.0,3841500.0,1137500.0,1448700.0,2060900.0,1490700.0,2159300.0,2379200.0,867820.0,6776700.0,1483200.0,9209400.0,6039000.0,796610.0,10241000.0,798180.0,1257100.0,18495000.0,669880.0,11896000.0,704520.0,5463300.0,3620500.0,3728500.0,2594300.0,5128500.0,4299400.0,4138300.0,945220.0,4052400.0,1605800.0,6226400.0,1476500.0,7458600.0,1058700.0,729360.0,3925100.0,2935000.0,1917500.0,8220700.0,2222600.0,929290.0,1207100.0,3637800.0,3493100.0,1909700.0,1445200.0,720570.0,6685600.0,5169700.0,2290100.0,619540.0,17391000.0,3256600.0,5152600.0,1119800.0,17904000.0,5318100.0,1077700.0,8409500.0,1326800.0,1407500.0,3909300.0,5195800.0,785010.0,1609000.0,953500.0,1742800.0,1536400.0,1428600.0,7692300.0,2295200.0,1389900.0,12034000.0,2729100.0,1213300.0,1238200.0,3194500.0,932670.0,4580100.0,1110300.0,1813100.0,7912700.0,4355400.0,685140.0,1393400.0,9817300.0,5161200.0,4960900.0,15079000.0,2942700.0,1891900.0,2294600.0,2933500.0,3129200.0,1844900.0,1714400.0,2219900.0,1469200.0,7074000.0,638180.0,3583000.0,8148600.0,8705300.0,1826300.0,5270900.0,3949100.0,4910800.0,847070.0,1117100.0,5283500.0,1523800.0,6462500.0,3415400.0,6961300.0,1931200.0,1605900.0,1559300.0,1065700.0,1101400.0,2250300.0,1018100.0,5082200.0,3404400.0,3048000.0,2817500.0,2386500.0,1906100.0,15335000.0,13457000.0,3518500.0,3147900.0,1932600.0,4368700.0,3283600.0,640970.0,2021700.0,760960.0,3461100.0,1947300.0,1.5303,1.8129,4.1417,1.3263,2.2374,4.2503,1.1892,1.9456,4.2686,2.5426,2.6903,4.335,0.79455,2.0332,4.2787,1.5625,2.512,3.9183,3.0111,2.8521,5.8773,1.2688,1.9536,4.2637,1.628,1.7226,4.232,1.3188,2.2371,4.2762,0.76775,2.0368,4.1925,2.9782,2.8647,4.577,5.7266,2.7786,1.4988,1.2537,2.7249,3.6437,0.88236,2.1671,3.0226,2.5023,2.0898,4.451,1.4828,1.7069,3.8903,0.6908,2.6414,3.8604,1.9836,1.7797,3.4541,1.1138,2.3829,3.19,0.24865,2.3094,3.5412,1.7073,1.6343,3.3936,1.99,2.725,4.3047,1.7556,1.6444,3.3889,1.5555,1.6534,3.9458,0.34735,2.1541,3.191,2.1,2.4202,4.4394,1.5588,1.6868,3.2442,0.80474,1.936,2.7707,3.047,2.8336,5.8825,1.952,1.755,3.4502,0.97555,2.694,2.8755,1.7214,2.5687,3.9473,0.64356,1.8905,2.7423,1.0509,2.4274,3.1057,1.8873,1.9486,4.4714,1.7037,1.6574,3.9006,0.57064,2.176,3.8879,1.3635,2.4917,3.8835,1.0724,2.1426,3.2449,2.6195,2.3307,4.3016,2.1096,2.2082,4.6942,1.4716,1.6618,3.9248,1.8796,1.986,4.4732,1.505,2.1774,3.2446,0.82005,2.1962,3.1144,2.4179,2.4194,4.3501,1.9985,2.5386,4.8786,2.0277,2.6053,4.8757,2.6142,2.3236,4.287,1.375,2.5147,3.9259,1.7478,2.2836,4.3467,2.4155,3.0124,4.3196,0.5877,2.4048,2.5948,1.5255,2.0065,4.601,2.0016,3.0415,3.9108,0.34824,2.3734,3.3723,1.6437,1.6225,4.0874,0.77097,2.1307,3.0763,2.2339,2.3016,4.6801,0.64683,2.4725,3.0705,0.97475,2.2088,3.2259,0.075379,2.9015,1.8381,1.998,2.11,4.5968,2.6012,2.3538,4.2436,2.4755,2.3034,5.126,1.9852,2.7157,4.2547,1.2041,1.8521,3.9946,4.6529,2.8914,0.57999,0.89628,2.1714,3.0256,1.3853,2.0985,4.28,1.137,2.1886,3.5316,2.1378,2.7013,4.4098,1.6523,1.5944,4.1483,1.1525,2.5214,3.0917,0.71115,2.4549,3.7568,2.1522,1.863,3.6923,1.524,2.492,3.4811,1.5557,2.5933,3.5845,1.5839,1.6456,4.2836,2.0155,2.7316,4.5058,2.103,2.7258,4.61,3.2573,2.8072,6.0608,1.7137,1.6229,4.1921,1.7846,1.9496,3.4049,2.3605,2.942,5.1859,1.1412,2.5472,3.0888,2.6034,2.4185,4.9901,1.002,2.6621,4.131,1.5251,2.4762,3.5159,1.1075,1.9026,4.1041,1.6692,1.6145,4.0798,1.7415,1.942,3.4231,6.1751,2.9186,2.9998,2.9221,2.256,4.6041,1.4209,1.9537,4.2964,1.2596,2.6117,3.3799,1.4059,2.4514,3.3813,1.7814,1.9336,3.6802,1.921,2.4205,4.0369,1.0945,2.3373,3.215,2.5227,1.9798,5.2292,1.1677,2.6383,3.3051,1.4013,2.4839,3.3708,0.053801,3.0186,3.115,0.68246,1.8586,2.8318,1.7157,2.0133,4.5014,1.5298,1.844,4.1779,5.3406,2.8644,1.7121,0.82146,2.1704,2.8584,0.92693,2.676,4.087,2.3318,2.5111,3.6747,2.6375,2.3451,4.9526,2.8915,2.636,4.5413,2.0549,2.4251,4.5349,2.3598,2.1451,4.1868,0.77299,2.1069,3.3398,0.48367,2.4414,3.0084,0.56096,2.1778,3.8561,2.495,2.4688,4.5358,0.83336,2.3947,2.9531,1.3131,1.5711,4.3412,1.6542,1.9781,3.4807,0.17623,2.6729,2.1125,3.4701,2.9502,0.22207,0.86918,2.3391,2.9916,1.6409,1.6543,4.118,1.5275,1.7935,3.2096,0.77702,2.4026,2.8685,2.2204,2.3177,4.9486,1.1818,2.5556,3.1481,1.1761,2.1368,3.5742,0.44328,2.0418,3.2804,1.7266,1.9538,3.4366,2.4655,2.0969,4.1346,2.1674,2.1532,4.9801,1.3555,1.7442,3.8273,0.76137,1.9987,2.7734,2.1611,2.1576,4.9982,2.2432,2.2309,4.5009,1.5593,2.3856,3.9842,4.1798,2.9538,0.079267,1.9018,2.4237,4.0031,0.74588,1.9761,4.1375,1.1998,2.6317,4.2417,3.4563,2.8283,6.0873,1.6166,1.5939,3.2719,0.2615,2.3551,3.4059,4.9971,2.9776,0.82747,0.51406,2.8028,3.2766,1.2285,2.5258,3.022,2.2061,2.1232,4.951,1.5622,2.0831,4.3997,1.5852,1.6278,3.3581,1.4641,2.9176,3.309,0.62443,2.3834,2.8329,0.87853,2.4143,3.0013,0.21771,2.6458,3.3415,1.7244,2.3717,4.2199,0.5748,2.4079,2.7838,1.0608,2.2681,3.6243,1.3606,1.781,4.3032,0.27366,2.3451,3.4222,1.5764,1.5973,3.2809,0.64304,2.3675,2.8219,2.9915,2.8641,5.9734,1.8787,2.5585,3.9862,2.0506,2.2273,4.623,2.4147,2.7083,5.1612,1.7954,1.9556,3.8493,1.3697,1.7933,3.7363,2.2519,2.1368,4.9937,1.455,2.6013,3.9979,0.6495,3.0344,2.4124,4.5805,2.9458,0.30673,1.2275,2.7603,4.2656,1.8664,1.9545,3.8956,1.1959,2.6539,2.831,0.3269,2.7932,2.9636,1.0274,2.9065,4.1962,0.53787,2.4794,2.6051,0.73011,2.009,2.8911,0.58108,2.4534,3.4142,1.6894,2.1978,4.3142,1.2116,2.7691,4.3492,0.62231,2.0041,3.0404,2.0102,1.8431,3.7676,1.2704,1.8633,3.6882,2.3333,2.6384,4.8324,1.4373,1.5632,4.2052,1.3372,2.1393,3.2054,0.68555,2.0381,3.0314,0.63102,2.3368,2.6414,1.728,2.3483,4.1756,2.3225,2.6419,4.9042,0.58899,2.0252,3.016,1.6042,1.7159,3.3268,0.81905,3.0045,2.6339,0.58871,2.5062,2.6103,3.1077,2.7378,6.0721,6.1244,2.8745,2.5413,4.3528,2.9364,0.015338,2.4215,2.3264,3.7361,1.3634,3.0782,4.2768,1.3068,2.4045,3.516,0.16204,3.1053,3.0604,2.3983,2.1921,3.7558,1.2598,1.8499,3.6984,2.3994,2.3249,4.5987,2.5877,2.6706,4.1343,1.244,2.7146,4.3718,1.815,1.946,3.8499,1.2355,2.7702,3.7548,2.3779,2.3782,4.9968,1.4533,2.6264,3.3356,2.1378,2.2398,4.0914,0.79522,1.9718,3.3892,2.4594,2.362,3.7747,2.3922,2.369,3.7169,2.269,1.9605,4.9923,2.6348,2.2828,4.823,2.4117,2.228,3.7809,1.4553,1.5971,3.8868,2.4138,2.6292,4.9226,1.831,1.9477,3.8683,0.76452,2.1376,4.1093,1.6474,1.834,4.3011,2.36,2.6076,4.9397,1.4265,2.3956,3.2753,5.7887,2.8524,2.1163,1.8026,1.7572,3.5365,1.9659,2.9572,4.2514,2.0628,1.9738,4.7873,1.1758,2.605,4.3175,1.9759,2.149,4.8948,1.599,1.7906,3.9571,1.6424,1.9793,3.3626,1.17,2.7416,3.7289,0.94654,2.8568,3.813,1.495,2.4832,3.9351,1.2261,2.7396,3.7204,1.7543,1.7878,4.0831,0.83935,2.4317,2.7812,1.906,2.1148,4.38,0.026299,2.7776,2.8463,1.0694,1.9788,4.3056,0.96106,2.2484,3.0914,1.5995,2.3947,4.5548,0.95075,2.0815,2.8354,0.69363,2.0146,2.7019,1.6007,1.7813,3.959,0.90667,2.4158,2.8532,1.3684,1.5903,3.851,2.7845,2.6256,4.6097,1.1295,2.196,3.6311,1.2366,2.7651,3.7435,1.9756,2.0736,4.4593,1.0187,2.0121,4.2587,1.846,1.655,3.4444,1.6482,2.523,3.9933,2.1674,2.5133,4.9177,2.1762,2.3952,3.6215,1.14,3.0172,3.3705,1.4672,1.4563,4.2525,0.58554,3.0306,3.6381,1.6033,1.7295,4.2278,0.72938,2.0206,2.7225,0.66211,2.1867,4.0203,2.685,2.6246,4.5241,2.1057,2.1082,3.4278,1.3488,2.8277,3.5133,1.1765,2.3244,3.6433,2.542,2.0477,4.4403,1.4814,1.697,4.4353,1.4889,2.5633,3.5566,2.0156,2.3633,4.1007,2.5832,2.2331,4.945,0.48957,2.4771,3.0507
0.18952,740.39,0.0047545,633.51,942.28,670.6,737.75,777.85,775.24,823.49,747.7,716.85,747.97,1040.9,568.59,730.11,877.94,924.89,697.95,756.72,576.4,547.69,820.87,728.96,608.23,792.49,598.19,695.97,730.56,952.17,464.44,857.33,658.46,685.2,506.7,904.93,787.89,938.89,810.03,663.41,820.25,928.16,782.9,580.89,941.07,550.55,770.81,722.8,811.56,818.07,869.59,738.01,759.98,718.82,928.05,828.33,876.19,678.97,827.12,757.49,661.4,983.4,884.83,835.3,951.89,538.15,691.58,654.12,777.79,659.06,821.94,760.5,757.69,654.26,778.22,771.14,622.09,692.12,725.54,737.41,831.11,827.74,737.7,793.7,803.59,619.5,813.77,506.05,847.03,673.78,770.0,691.73,797.69,840.51,662.96,626.73,721.53,628.1,683.82,949.21,619.39,665.92,880.5,879.06,978.56,827.32,813.05,810.97,1029.8,794.04,627.5,707.93,851.0,646.05,805.94,833.79,484.52,871.68,732.78,867.31,804.65,763.17,597.49,800.68,840.87,624.97,665.23,670.21,955.05,573.94,774.42,866.03,860.22,744.88,922.63,708.3,655.39,883.82,753.59,736.57,819.66,811.41,754.88,661.2,745.88,900.1,653.71,655.06,907.88,624.69,723.77,860.88,600.81,683.06,1063.6,705.18,463.94,781.22,865.1,872.28,726.53,938.8,646.18,663.27,496.4,602.77,633.66,773.61,567.83,812.67,835.01,572.81,686.15,732.9,820.38,619.03,754.12,696.0,677.27,639.28,655.1,944.62,726.7,851.66,982.45,704.23,879.65,700.99,954.45,765.91,668.76,878.86,1028.4,767.15,843.44,785.62,796.52,835.98,751.97,786.14,704.48,735.89,698.03,760.98,714.2,771.49,741.39,904.35,764.93,677.45,808.89,872.02,738.67,621.87,578.69,725.34,957.35,734.23,690.29,862.96,699.97,788.25,776.03,755.12,729.84,845.02,842.99,597.46,875.69,631.73,807.46,714.52,767.51,592.5,839.48,852.88,531.0,808.29,726.09,481.81,810.77,585.98,737.85,763.18,572.58,727.37,758.71,567.56,825.7,871.69,755.73,576.48,828.8,671.07,755.29,745.01,558.42,817.69,963.46,677.99,587.03,650.82,905.6,781.2,704.17,837.52,463.08,502.0,640.4,825.86,722.27,677.57,805.21,827.37,679.31,616.21,572.85,858.8,612.7,818.43,721.48,0.0049989,0.0059513,0.0046889,0.0045838,0.0050401,0.0048502,0.0051446,0.0051163,0.0048982,0.0050702,0.006143,0.0040589,0.0048224,0.0054458,0.0060185,0.0045206,0.0049078,0.0041355,0.0036148,0.0056141,0.0049209,0.0044353,0.0054357,0.0042118,0.0047646,0.0046399,0.005821,0.0037532,0.0056987,0.0041278,0.0044033,0.0034757,0.0054179,0.0048849,0.0058123,0.005044,0.0045711,0.0053399,0.0054265,0.0046008,0.0034447,0.005901,0.0039857,0.0047593,0.0046753,0.0049036,0.004708,0.005128,0.0047039,0.0039077,0.0046769,0.0058,0.0045526,0.005313,0.0045853,0.0048545,0.0050366,0.0047179,0.0060222,0.0059541,0.0051225,0.0059826,0.0043601,0.0050955,0.0044458,0.0052759,0.0046413,0.0053758,0.0047059,0.0052759,0.0043974,0.004582,0.0049643,0.0044056,0.0046742,0.0044135,0.004603,0.0054047,0.005472,0.0048814,0.0053303,0.0050596,0.0038047,0.0043616,0.0038466,0.0050733,0.0045398,0.0047422,0.0043605,0.0049766,0.0050701,0.0045044,0.0042511,0.0044697,0.0041901,0.0042236,0.005951,0.004065,0.0042767,0.0053307,0.0052815,0.0059865,0.0049942,0.0053376,0.0052133,0.0057307,0.0050094,0.004451,0.0041642,0.0054946,0.0045727,0.00529,0.0051864,0.0038231,0.0053947,0.0046813,0.0052388,0.0049801,0.0050706,0.0044286,0.0053253,0.0051695,0.0044942,0.00441,0.004643,0.0060306,0.0040917,0.0050731,0.0055072,0.0054909,0.0049377,0.0054721,0.0044291,0.0042635,0.0056593,0.0052348,0.0046461,0.0050504,0.0052379,0.0046221,0.0043461,0.0040685,0.0054313,0.0045576,0.0046762,0.0048946,0.0041782,0.0049764,0.0051854,0.0038001,0.0046488,0.0065222,0.0045915,0.0034991,0.0048806,0.0051022,0.005489,0.0050725,0.0056337,0.0040384,0.0042186,0.0035372,0.0042338,0.0043902,0.0046177,0.0040109,0.0050829,0.0051292,0.0039608,0.0043815,0.0040161,0.0051178,0.0044153,0.004703,0.0043596,0.0047074,0.0043006,0.0042907,0.0051492,0.0044096,0.0051372,0.005451,0.0046333,0.005619,0.0049599,0.0055665,0.0046835,0.0043856,0.0050876,0.0054163,0.0050377,0.0051405,0.005069,0.0059961,0.0049721,0.0049357,0.0038707,0.0049232,0.0047679,0.0046842,0.0047904,0.0046254,0.0050148,0.0045337,0.0068157,0.0047398,0.0048418,0.0049064,0.0049891,0.0048665,0.004319,0.0039768,0.0044257,0.0058543,0.0050465,0.0047239,0.0049064,0.0044195,0.0051625,0.0050465,0.0047716,0.0046239,0.0050802,0.0052119,0.004085,0.0055036,0.0042007,0.0047941,0.0049022,0.0043046,0.0039834,0.0046814,0.0055152,0.0036913,0.0050003,0.0041599,0.0042142,0.0051655,0.0039321,0.0047523,0.0048774,0.0041499,0.0044433,0.0045651,0.0036307,0.005013,0.005424,0.0052448,0.0039754,0.0053135,0.0042279,0.0049405,0.004362,0.0035749,0.0044758,0.0059655,0.0043636,0.0044263,0.0040384,0.0055503,0.0048208,0.0045941,0.0047607,0.0038419,0.0037568,0.0042939,0.0053005,0.0045049,0.0047621,0.0054952,0.0047037,0.0045209,0.0037165,0.0040151,0.0050682,0.0042976,0.0050342,0.004319,652860.0,527600.0,4051000.0,2361500.0,1063500.0,5504200.0,2008000.0,2411200.0,2983400.0,2907700.0,715790.0,4946000.0,1272400.0,3886200.0,2497000.0,4962200.0,4006100.0,1313700.0,3439700.0,2457300.0,3280300.0,11623000.0,939160.0,6172800.0,733680.0,8929900.0,1559800.0,1804700.0,799240.0,3153800.0,1663100.0,5695800.0,23134000.0,2470300.0,2681400.0,4250800.0,1211200.0,1483800.0,1623100.0,2037800.0,1036500.0,2054600.0,998900.0,7322600.0,2384900.0,1789300.0,1464100.0,2229500.0,15638000.0,933030.0,7138100.0,3914300.0,695400.0,3830400.0,1057500.0,2604500.0,17325000.0,31464000.0,2325700.0,1698300.0,1501900.0,2783800.0,1015700.0,1887600.0,3336500.0,787200.0,2814400.0,1901400.0,3839200.0,2700300.0,1417200.0,1096800.0,14691000.0,5032200.0,1313700.0,3541200.0,1639800.0,944740.0,2521800.0,3636500.0,1267500.0,875270.0,2074100.0,856130.0,1823800.0,2791600.0,4851100.0,4107200.0,2293000.0,5593500.0,1274600.0,9165300.0,4558400.0,997350.0,1628100.0,875890.0,1738300.0,3439800.0,9756100.0,1694900.0,16185000.0,1389000.0,9707100.0,1601000.0,3111800.0,1248900.0,1595600.0,12279000.0,5012700.0,2131600.0,3788800.0,2346100.0,1178000.0,645020.0,3343500.0,11411000.0,2365500.0,1449300.0,738260.0,1883600.0,722040.0,1169800.0,2174300.0,8636100.0,4069700.0,2575300.0,3026200.0,2316200.0,1468700.0,757990.0,10124000.0,2341800.0,3477500.0,2031800.0,1344300.0,1016600.0,1973900.0,1030900.0,2818800.0,3841500.0,1137500.0,1448700.0,2060900.0,1490700.0,2159300.0,2379200.0,867820.0,6776700.0,1483200.0,9209400.0,6039000.0,796610.0,10241000.0,798180.0,1257100.0,18495000.0,669880.0,11896000.0,704520.0,5463300.0,3620500.0,3728500.0,2594300.0,5128500.0,4299400.0,4138300.0,945220.0,4052400.0,1605800.0,6226400.0,1476500.0,7458600.0,1058700.0,729360.0,3925100.0,2935000.0,1917500.0,8220700.0,2222600.0,929290.0,1207100.0,3637800.0,3493100.0,1909700.0,1445200.0,720570.0,6685600.0,5169700.0,2290100.0,619540.0,17391000.0,3256600.0,5152600.0,1119800.0,17904000.0,5318100.0,1077700.0,8409500.0,1326800.0,1407500.0,3909300.0,5195800.0,785010.0,1609000.0,953500.0,1742800.0,1536400.0,1428600.0,7692300.0,2295200.0,1389900.0,12034000.0,2729100.0,1213300.0,1238200.0,3194500.0,932670.0,4580100.0,1110300.0,1813100.0,7912700.0,4355400.0,685140.0,1393400.0,9817300.0,5161200.0,4960900.0,15079000.0,2942700.0,1891900.0,2294600.0,2933500.0,3129200.0,1844900.0,1714400.0,2219900.0,1469200.0,7074000.0,638180.0,3583000.0,8148600.0,8705300.0,1826300.0,5270900.0,3949100.0,4910800.0,847070.0,1117100.0,5283500.0,1523800.0,6462500.0,3415400.0,6961300.0,1931200.0,1605900.0,1559300.0,1065700.0,1101400.0,2250300.0,1018100.0,5082200.0,3404400.0,3048000.0,2817500.0,2386500.0,1906100.0,15335000.0,13457000.0,3518500.0,3147900.0,1932600.0,4368700.0,3283600.0,640970.0,2021700.0,760960.0,3461100.0,1947300.0,1.531,1.8116,4.1409,1.3294,2.2384,4.2515,1.1872,1.9443,4.2697,2.5451,2.6916,4.3365,0.79246,2.0328,4.2803,1.5635,2.5129,3.9189,3.0102,2.8526,5.8787,1.2709,1.9517,4.2651,1.6235,1.7222,4.2313,1.3202,2.2373,4.2781,0.76433,2.0357,4.1926,2.9819,2.8657,4.5803,5.727,2.7787,1.4996,1.2543,2.7201,3.6446,0.88008,2.1681,3.0225,2.5032,2.0918,4.4516,1.4826,1.7075,3.8897,0.69225,2.6447,3.8596,1.983,1.7804,3.4533,1.1144,2.3807,3.1945,0.24707,2.3103,3.5396,1.7044,1.6329,3.394,1.9863,2.7211,4.3011,1.7541,1.6436,3.389,1.5578,1.6527,3.9471,0.34559,2.155,3.1905,2.1027,2.4221,4.4415,1.5615,1.6873,3.2459,0.80422,1.9382,2.7706,3.049,2.8333,5.8858,1.9501,1.7544,3.4493,0.9749,2.6933,2.8752,1.7183,2.5682,3.9455,0.64424,1.8912,2.7402,1.0497,2.427,3.1072,1.8868,1.9501,4.4705,1.7043,1.6563,3.9009,0.57334,2.1743,3.8941,1.3703,2.4937,3.888,1.0741,2.1455,3.2441,2.623,2.3321,4.3023,2.1117,2.2101,4.695,1.4716,1.661,3.9253,1.8793,1.989,4.4723,1.5067,2.1779,3.2435,0.81934,2.2004,3.1108,2.4181,2.4217,4.3514,2.0008,2.5362,4.8779,2.0311,2.6051,4.8755,2.6181,2.3252,4.2874,1.3784,2.5153,3.9254,1.7506,2.2856,4.3488,2.424,3.0105,4.3265,0.5912,2.4019,2.5999,1.5261,2.0045,4.6009,1.9982,3.0405,3.9056,0.34675,2.3732,3.3697,1.6431,1.6222,4.0875,0.77396,2.1345,3.0758,2.2341,2.3028,4.6813,0.64752,2.4678,3.0726,0.97277,2.2129,3.2239,0.073798,2.9019,1.8332,1.9988,2.1145,4.5977,2.6029,2.3556,4.2419,2.4686,2.3021,5.1234,1.9802,2.7115,4.2486,1.2089,1.8518,3.9965,4.6516,2.886,0.58088,0.89632,2.1727,3.0246,1.389,2.0986,4.2809,1.1399,2.1924,3.5332,2.1315,2.6987,4.4036,1.6509,1.594,4.148,1.153,2.5203,3.0932,0.70942,2.4565,3.7566,2.1565,1.8607,3.6912,1.5211,2.4942,3.4814,1.5508,2.5953,3.5835,1.5809,1.6442,4.2848,2.012,2.7283,4.503,2.1018,2.7225,4.6105,3.2535,2.8079,6.0593,1.7146,1.6236,4.1932,1.7886,1.9475,3.4032,2.3698,2.9411,5.1963,1.1404,2.5471,3.0892,2.6018,2.4172,4.9902,1.0017,2.6648,4.1336,1.5216,2.4776,3.5177,1.1039,1.9063,4.1049,1.6697,1.6142,4.0796,1.7433,1.9399,3.4222,6.1643,2.9174,2.9911,2.9236,2.2543,4.6063,1.4252,1.953,4.3003,1.2597,2.6093,3.3823,1.4038,2.4516,3.3827,1.7795,1.9313,3.6786,1.9198,2.4241,4.0394,1.0945,2.3392,3.2163,2.5225,1.9763,5.2325,1.1651,2.6359,3.3052,1.3988,2.4852,3.3719,0.043323,3.0214,3.1048,0.68192,1.8612,2.8285,1.7163,2.012,4.5052,1.5313,1.8428,4.1803,5.3336,2.8623,1.7069,0.82208,2.1726,2.8613,0.92375,2.6791,4.088,2.3375,2.5089,3.6766,2.6391,2.3408,4.9518,2.8947,2.6333,4.5424,2.0532,2.4223,4.5367,2.3603,2.1472,4.1872,0.77368,2.1124,3.3393,0.49027,2.44,3.0132,0.56036,2.179,3.8615,2.4991,2.4669,4.5398,0.83529,2.3932,2.956,1.3161,1.5706,4.3431,1.6526,1.9768,3.4824,0.18209,2.6723,2.1142,3.4789,2.9499,0.2326,0.87218,2.3353,2.9962,1.6404,1.655,4.1197,1.5285,1.792,3.2108,0.77712,2.401,2.8685,2.2227,2.3161,4.9487,1.1836,2.5559,3.1513,1.1814,2.1441,3.5771,0.43891,2.045,3.2818,1.7276,1.9516,3.4363,2.4691,2.098,4.1314,2.1682,2.153,4.9804,1.3583,1.744,3.8286,0.76342,2.0002,2.7744,2.1618,2.1579,4.9996,2.24,2.2328,4.5027,1.5595,2.3891,3.9856,4.177,2.951,0.074684,1.8989,2.427,4.0031,0.7428,1.9766,4.1387,1.2014,2.6344,4.2432,3.4528,2.8272,6.0872,1.6195,1.5935,3.2716,0.25886,2.3574,3.4051,4.9905,2.9772,0.81727,0.51286,2.8036,3.2785,1.2275,2.5267,3.0241,2.2077,2.1224,4.9501,1.5657,2.0823,4.4022,1.5866,1.6279,3.3611,1.4689,2.9183,3.3081,0.63011,2.381,2.837,0.87736,2.4121,3.0019,0.21759,2.6469,3.3414,1.7306,2.3765,4.2238,0.57984,2.4065,2.7865,1.0614,2.2721,3.6227,1.3601,1.7798,4.3037,0.27205,2.3467,3.4229,1.5781,1.5968,3.2808,0.64975,2.3644,2.8254,2.9907,2.8639,5.9752,1.8728,2.5565,3.984,2.0534,2.229,4.6243,2.4058,2.7054,5.1561,1.7915,1.955,3.847,1.3727,1.7914,3.7381,2.255,2.1363,4.994,1.4561,2.5991,3.9967,0.63992,3.0329,2.3999,4.5781,2.9442,0.30485,1.2265,2.7638,4.2628,1.8646,1.9551,3.896,1.1936,2.6552,2.8293,0.32537,2.7934,2.9643,1.0302,2.9073,4.1981,0.53731,2.4772,2.6067,0.73159,2.0124,2.8875,0.58263,2.4554,3.414,1.6951,2.1989,4.3175,1.2095,2.7723,4.3494,0.62237,2.0063,3.0364,2.0117,1.8413,3.7656,1.2742,1.8642,3.6901,2.3273,2.6347,4.8257,1.4411,1.5642,4.206,1.3353,2.1387,3.2065,0.68775,2.0419,3.0283,0.63498,2.3331,2.6428,1.7313,2.3511,4.1774,2.3179,2.6386,4.9014,0.58751,2.0278,3.012,1.6058,1.7157,3.3271,0.82639,3.0033,2.6379,0.58915,2.5062,2.611,3.1143,2.737,6.079,6.1235,2.8751,2.5434,4.3436,2.9339,0.0037514,2.4245,2.3225,3.735,1.378,3.0779,4.2967,1.3027,2.4087,3.5151,0.12928,3.106,3.0326,2.3988,2.19,3.7536,1.2611,1.8498,3.7005,2.398,2.3247,4.6001,2.5875,2.6728,4.1387,1.2432,2.7156,4.373,1.8121,1.9451,3.8477,1.2399,2.7687,3.7587,2.3755,2.3745,4.9937,1.4476,2.6254,3.3373,2.1359,2.2425,4.0911,0.79356,1.9739,3.3898,2.4621,2.3594,3.7753,2.3934,2.367,3.7157,2.2723,1.9632,4.9963,2.6332,2.2825,4.824,2.4136,2.2274,3.7794,1.4578,1.5974,3.8888,2.412,2.6255,4.9203,1.8287,1.9472,3.8669,0.76413,2.1373,4.1143,1.6484,1.8344,4.3028,2.3571,2.6032,4.9387,1.425,2.396,3.2759,5.7825,2.8507,2.1126,1.8003,1.7559,3.5385,1.9626,2.9537,4.2468,2.0646,1.9751,4.7881,1.1795,2.6065,4.3196,1.9807,2.1493,4.8963,1.5979,1.7901,3.9567,1.6438,1.9777,3.3611,1.1753,2.7402,3.7343,0.94683,2.8577,3.8125,1.4989,2.4853,3.9389,1.2298,2.7369,3.7223,1.7514,1.787,4.0827,0.8374,2.4307,2.782,1.9063,2.1168,4.3805,0.0245,2.7769,2.8469,1.0687,1.9799,4.3074,0.96174,2.2457,3.0933,1.5985,2.3947,4.5535,0.94914,2.0814,2.8354,0.69229,2.015,2.7008,1.6003,1.7801,3.9587,0.90614,2.4142,2.8562,1.3681,1.5901,3.8515,2.7859,2.6269,4.609,1.1316,2.1984,3.6312,1.2405,2.764,3.7483,1.9761,2.0778,4.459,1.0167,2.014,4.2593,1.8453,1.6552,3.4444,1.6477,2.5242,3.9933,2.1695,2.5114,4.9175,2.1773,2.3953,3.6185,1.14,3.0143,3.3705,1.4675,1.4563,4.2535,0.58574,3.0318,3.6404,1.6028,1.7283,4.2279,0.72902,2.0211,2.7221,0.66152,2.1864,4.0231,2.6851,2.6254,4.5236,2.1093,2.1078,3.4273,1.3491,2.824,3.5137,1.1807,2.3296,3.6438,2.5431,2.0496,4.4391,1.4813,1.6951,4.4362,1.4843,2.5616,3.5559,2.0136,2.3663,4.1024,2.5799,2.2287,4.9449,0.49064,2.4762,3.0533
0.195,751.05,0.0048225,641.32,957.73,682.63,747.59,791.74,785.39,832.66,756.77,726.12,758.13,1059.6,575.92,738.4,892.13,943.03,706.37,768.21,585.22,554.94,835.11,738.84,616.37,802.26,605.73,705.82,740.09,968.76,470.31,869.86,666.43,693.9,512.26,919.39,799.65,953.5,821.24,671.78,835.94,942.98,792.07,588.68,955.6,556.79,782.25,734.16,823.24,830.54,882.48,748.81,769.56,729.61,943.53,839.3,891.52,687.95,838.89,769.02,670.24,998.94,900.35,849.85,968.37,542.88,700.55,663.41,788.21,667.71,829.55,771.52,769.44,661.04,791.12,783.48,630.82,702.76,732.84,750.5,844.2,841.03,746.48,804.48,812.7,626.43,826.8,513.24,859.47,682.89,781.37,701.83,810.47,853.33,670.95,634.24,733.59,636.39,692.49,963.64,629.12,674.79,895.36,892.84,995.74,839.99,827.09,822.78,1048.0,806.93,636.42,717.33,863.85,655.7,818.52,845.64,491.14,885.06,743.43,881.24,816.65,775.02,607.88,813.1,851.83,635.39,674.78,679.08,974.0,582.91,784.37,880.82,876.06,755.46,939.71,717.67,664.65,896.26,763.31,746.82,831.74,821.72,766.29,671.83,756.59,916.84,663.47,663.83,917.78,635.28,734.5,872.09,608.77,693.53,1082.4,714.72,468.94,788.21,879.33,886.15,736.59,954.2,653.18,673.67,502.35,609.46,642.33,784.91,576.11,825.0,846.93,580.14,695.32,741.72,832.43,625.96,762.82,705.77,686.19,646.79,662.84,956.69,736.47,864.57,999.19,713.66,894.17,710.75,969.42,778.04,677.48,891.96,1043.4,778.74,856.71,795.37,813.14,849.01,763.31,796.15,713.24,745.34,708.93,771.78,723.94,783.52,752.01,923.46,775.91,688.0,817.83,886.0,749.73,626.6,586.64,735.43,973.06,748.87,700.61,870.65,710.44,801.49,787.19,765.84,740.01,855.79,853.85,605.69,888.81,640.32,819.66,724.07,774.51,599.74,851.71,865.19,537.01,820.08,735.09,487.9,821.73,592.4,747.42,775.08,579.44,737.73,769.31,573.63,838.45,883.69,766.42,583.91,839.57,678.87,766.36,756.23,565.09,829.08,976.34,688.51,592.45,658.2,917.92,792.08,715.21,849.26,468.07,507.12,648.2,836.06,733.75,687.55,818.76,834.85,690.93,621.75,578.82,873.67,619.45,831.11,729.46,0.0050648,0.0060479,0.0047607,0.0046463,0.0051222,0.0049127,0.0052112,0.0051831,0.0049703,0.0051424,0.0062499,0.0041141,0.0048851,0.0055381,0.0061236,0.0045749,0.0049827,0.0041944,0.0036617,0.0057039,0.004988,0.004496,0.0055103,0.0042651,0.0048339,0.0047055,0.0059169,0.0038016,0.0057793,0.0041817,0.0044613,0.0035137,0.0055053,0.0049575,0.0059008,0.0051188,0.0046266,0.0054319,0.0055155,0.0046603,0.003483,0.0059932,0.0040349,0.0048316,0.0047474,0.0049792,0.0047797,0.0052054,0.0047708,0.0039514,0.0047439,0.0058917,0.0046109,0.005402,0.0046437,0.0049233,0.0051126,0.0047803,0.0061227,0.0060471,0.0052048,0.0060805,0.0044017,0.0051605,0.0045074,0.0053499,0.0047031,0.0054383,0.0047727,0.0053516,0.0044463,0.0046564,0.0050396,0.0044633,0.0047404,0.0044626,0.0046799,0.0054877,0.0055547,0.0049465,0.0054073,0.0051279,0.0038493,0.0044227,0.0038985,0.0051449,0.0045996,0.00481,0.0044264,0.0050581,0.0051526,0.0045597,0.0043052,0.0045397,0.0042492,0.0042846,0.0060434,0.0041244,0.0043373,0.005423,0.0053634,0.0060883,0.0050699,0.0054207,0.0052897,0.0058369,0.0050898,0.0045138,0.0042244,0.0055672,0.0046378,0.0053683,0.0052572,0.0038652,0.0054764,0.0047507,0.0053231,0.0050556,0.0051454,0.0044949,0.0054009,0.0052458,0.0045632,0.0044762,0.0047054,0.0061416,0.004154,0.0051391,0.0055941,0.0055843,0.0050081,0.005578,0.0044947,0.0043251,0.0057512,0.0053019,0.0047109,0.0051243,0.0053014,0.0046922,0.0044117,0.0041279,0.0055298,0.0046267,0.0047353,0.0049563,0.0042419,0.0050526,0.0052604,0.0038541,0.004718,0.0066278,0.0046544,0.0035353,0.0049432,0.0051875,0.0055719,0.0051429,0.0057281,0.0040835,0.0042828,0.0035814,0.0042868,0.0044536,0.004688,0.0040714,0.005161,0.0052012,0.0040158,0.0044449,0.004072,0.0051922,0.0044673,0.0047629,0.0044185,0.0047698,0.0043514,0.0043402,0.0052182,0.0044695,0.0052135,0.0055519,0.0046955,0.0057095,0.0050281,0.0056591,0.004755,0.0044437,0.0051626,0.0055021,0.0051116,0.0052234,0.005135,0.0060918,0.0050509,0.0050067,0.0038393,0.0049883,0.0048248,0.0047516,0.0048596,0.0046901,0.0050933,0.004598,0.006933,0.0048009,0.0049093,0.0049696,0.0050637,0.0049362,0.0043587,0.0040297,0.0044842,0.0059485,0.0051338,0.0047932,0.0049573,0.0044823,0.0052416,0.0051228,0.004838,0.0046877,0.0051521,0.0052812,0.0041394,0.005585,0.0042595,0.0048681,0.0049643,0.0043483,0.0040254,0.0047487,0.0055958,0.0037313,0.0050712,0.0042065,0.0042646,0.0052379,0.0039783,0.0048131,0.0049528,0.0042031,0.0045037,0.0046259,0.0036668,0.0050885,0.0054955,0.0053166,0.0040228,0.0053841,0.0042781,0.0050103,0.0044143,0.0036168,0.0045441,0.0060525,0.0044293,0.0044699,0.0040827,0.0056217,0.0048855,0.0046612,0.0048321,0.0038904,0.0037958,0.0043503,0.0053682,0.004575,0.004833,0.0055814,0.0047542,0.0045949,0.0037539,0.0040668,0.0051564,0.0043483,0.00511,0.0043705,652860.0,527600.0,4051000.0,2361500.0,1063500.0,5504200.0,2008000.0,2411200.0,2983400.0,2907700.0,715790.0,4946000.0,1272400.0,3886200.0,2497000.0,4962200.0,4006100.0,1313700.0,3439700.0,2457300.0,3280300.0,11623000.0,939160.0,6172800.0,733680.0,8929900.0,1559800.0,1804700.0,799240.0,3153800.0,1663100.0,5695800.0,23134000.0,2470300.0,2681400.0,4250800.0,1211200.0,1483800.0,1623100.0,2037800.0,1036500.0,2054600.0,998900.0,7322600.0,2384900.0,1789300.0,1464100.0,2229500.0,15638000.0,933030.0,7138100.0,3914300.0,695400.0,3830400.0,1057500.0,2604500.0,17325000.0,31464000.0,2325700.0,1698300.0,1501900.0,2783800.0,1015700.0,1887600.0,3336500.0,787200.0,2814400.0,1901400.0,3839200.0,2700300.0,1417200.0,1096800.0,14691000.0,5032200.0,1313700.0,3541200.0,1639800.0,944740.0,2521800.0,3636500.0,1267500.0,875270.0,2074100.0,856130.0,1823800.0,2791600.0,4851100.0,4107200.0,2293000.0,5593500.0,1274600.0,9165300.0,4558400.0,997350.0,1628100.0,875890.0,1738300.0,3439800.0,9756100.0,1694900.0,16185000.0,1389000.0,9707100.0,1601000.0,3111800.0,1248900.0,1595600.0,12279000.0,5012700.0,2131600.0,3788800.0,2346100.0,1178000.0,645020.0,3343500.0,11411000.0,2365500.0,1449300.0,738260.0,1883600.0,722040.0,1169800.0,2174300.0,8636100.0,4069700.0,2575300.0,3026200.0,2316200.0,1468700.0,757990.0,10124000.0,2341800.0,3477500.0,2031800.0,1344300.0,1016600.0,1973900.0,1030900.0,2818800.0,3841500.0,1137500.0,1448700.0,2060900.0,1490700.0,2159300.0,2379200.0,867820.0,6776700.0,1483200.0,9209400.0,6039000.0,796610.0,10241000.0,798180.0,1257100.0,18495000.0,669880.0,11896000.0,704520.0,5463300.0,3620500.0,3728500.0,2594300.0,5128500.0,4299400.0,4138300.0,945220.0,4052400.0,1605800.0,6226400.0,1476500.0,7458600.0,1058700.0,729360.0,3925100.0,2935000.0,1917500.0,8220700.0,2222600.0,929290.0,1207100.0,3637800.0,3493100.0,1909700.0,1445200.0,720570.0,6685600.0,5169700.0,2290100.0,619540.0,17391000.0,3256600.0,5152600.0,1119800.0,17904000.0,5318100.0,1077700.0,8409500.0,1326800.0,1407500.0,3909300.0,5195800.0,785010.0,1609000.0,953500.0,1742800.0,1536400.0,1428600.0,7692300.0,2295200.0,1389900.0,12034000.0,2729100.0,1213300.0,1238200.0,3194500.0,932670.0,4580100.0,1110300.0,1813100.0,7912700.0,4355400.0,685140.0,1393400.0,9817300.0,5161200.0,4960900.0,15079000.0,2942700.0,1891900.0,2294600.0,2933500.0,3129200.0,1844900.0,1714400.0,2219900.0,1469200.0,7074000.0,638180.0,3583000.0,8148600.0,8705300.0,1826300.0,5270900.0,3949100.0,4910800.0,847070.0,1117100.0,5283500.0,1523800.0,6462500.0,3415400.0,6961300.0,1931200.0,1605900.0,1559300.0,1065700.0,1101400.0,2250300.0,1018100.0,5082200.0,3404400.0,3048000.0,2817500.0,2386500.0,1906100.0,15335000.0,13457000.0,3518500.0,3147900.0,1932600.0,4368700.0,3283600.0,640970.0,2021700.0,760960.0,3461100.0,1947300.0,1.5315,1.8106,4.1401,1.3316,2.2391,4.2522,1.1857,1.9432,4.2704,2.5469,2.6928,4.3374,0.7909,2.0325,4.2814,1.564,2.5134,3.9192,3.0093,2.8532,5.8796,1.2724,1.9501,4.2659,1.6202,1.7219,4.2306,1.3212,2.2374,4.2794,0.76175,2.0348,4.1927,2.9848,2.8665,4.5829,5.7275,2.7785,1.5004,1.2543,2.7166,3.6448,0.87833,2.1688,3.0222,2.5037,2.0934,4.452,1.4825,1.7079,3.8891,0.69315,2.6471,3.8588,1.9826,1.781,3.4526,1.1147,2.379,3.1976,0.24588,2.3109,3.5385,1.7023,1.6318,3.3941,1.9831,2.7183,4.2981,1.753,1.643,3.3889,1.5595,1.6522,3.9478,0.34425,2.1555,3.1901,2.1045,2.4237,4.4428,1.5634,1.6876,3.247,0.80383,1.9396,2.7706,3.0504,2.8333,5.8881,1.9487,1.7541,3.4485,0.9741,2.6928,2.8746,1.7158,2.5678,3.944,0.64471,1.8916,2.7387,1.0486,2.4265,3.108,1.8863,1.9513,4.4695,1.7047,1.6555,3.901,0.57526,2.1728,3.8987,1.375,2.4951,3.891,1.0751,2.1475,3.2433,2.6256,2.3333,4.3027,2.1131,2.2116,4.6955,1.4716,1.6604,3.9255,1.879,1.9912,4.4714,1.5079,2.1782,3.2424,0.8187,2.2033,3.108,2.418,2.4235,4.352,2.0021,2.5345,4.877,2.0333,2.605,4.875,2.6209,2.3267,4.2875,1.3805,2.5157,3.9247,1.7525,2.2871,4.3501,2.4288,3.0092,4.3302,0.59366,2.3995,2.6036,1.5265,2.003,4.6007,1.9935,3.0397,3.8994,0.34547,2.373,3.3676,1.6425,1.622,4.0874,0.7761,2.1372,3.0752,2.234,2.3038,4.6819,0.64775,2.4643,3.0737,0.97109,2.2158,3.2221,0.072808,2.902,1.8297,1.9993,2.1179,4.5981,2.604,2.3571,4.2405,2.4635,2.3015,5.1213,1.9759,2.7086,4.2435,1.2123,1.8516,3.9977,4.6514,2.882,0.58246,0.89615,2.1736,3.0236,1.3916,2.0986,4.2813,1.1419,2.1951,3.5341,2.1264,2.6969,4.3985,1.6499,1.5937,4.1475,1.153,2.5193,3.094,0.70796,2.4574,3.7562,2.1596,1.8591,3.6903,1.5186,2.4959,3.4812,1.5467,2.5968,3.5822,1.5787,1.6432,4.2854,2.0089,2.7259,4.5004,2.1004,2.7203,4.6105,3.2506,2.8086,6.0581,1.7152,1.6241,4.1937,1.7915,1.946,3.4016,2.3758,2.9406,5.2032,1.1394,2.547,3.089,2.6005,2.4164,4.9899,1.001,2.6666,4.135,1.5186,2.4785,3.5186,1.101,1.9089,4.1052,1.67,1.6139,4.0791,1.7446,1.9383,3.4213,6.1568,2.9163,2.9852,2.9246,2.2532,4.6078,1.4283,1.9524,4.3029,1.2592,2.6076,3.3835,1.4019,2.4516,3.3833,1.7779,1.9297,3.6771,1.9186,2.4268,4.0409,1.0943,2.3405,3.217,2.5223,1.974,5.2348,1.1626,2.6342,3.3048,1.3966,2.4861,3.3723,0.035628,3.0232,3.0973,0.68141,1.863,2.8259,1.7166,2.011,4.5078,1.5323,1.842,4.1817,5.3293,2.8606,1.7041,0.82238,2.1741,2.8633,0.92093,2.6813,4.0884,2.3413,2.5074,3.6776,2.6402,2.3379,4.951,2.8969,2.6316,4.5431,2.0517,2.4204,4.5376,2.3605,2.1489,4.1874,0.77405,2.1164,3.3388,0.495,2.4388,3.0166,0.55986,2.1797,3.8652,2.5019,2.4657,4.5425,0.83638,2.3919,2.9578,1.3183,1.5702,4.3443,1.6513,1.9759,3.4834,0.18632,2.6716,2.1155,3.4857,2.9499,0.24079,0.87405,2.3324,2.9992,1.6399,1.6555,4.1206,1.5291,1.791,3.2114,0.7769,2.3997,2.8682,2.2242,2.3151,4.9485,1.1845,2.556,3.1533,1.1849,2.1493,3.5789,0.43555,2.0472,3.2827,1.7282,1.9501,3.4359,2.4718,2.099,4.1287,2.1686,2.153,4.9804,1.3603,1.7438,3.8293,0.76476,2.0011,2.775,2.1621,2.1583,5.0005,2.2375,2.2344,4.5038,1.5593,2.3916,3.9862,4.1762,2.949,0.072533,1.8965,2.4295,4.0026,0.74041,1.9767,4.1394,1.202,2.6363,4.2437,3.4503,2.8267,6.0874,1.6215,1.5933,3.271,0.2568,2.3588,3.4043,4.9872,2.9769,0.81144,0.5115,2.8039,3.2795,1.2264,2.5272,3.0251,2.2086,2.1219,4.9492,1.5681,2.0817,4.4037,1.5875,1.6279,3.363,1.4712,2.9189,3.3061,0.63402,2.3791,2.8397,0.87618,2.4103,3.0019,0.21732,2.6475,3.3412,1.7348,2.3801,4.2262,0.58332,2.4053,2.7882,1.0616,2.2748,3.6211,1.3597,1.779,4.3037,0.27075,2.3476,3.4233,1.5793,1.5965,3.2805,0.65444,2.3619,2.8276,2.99,2.864,5.9765,1.8681,2.5552,3.982,2.0552,2.2304,4.625,2.3989,2.7035,5.1519,1.7885,1.9546,3.8449,1.3748,1.79,3.7392,2.2571,2.1361,4.994,1.4564,2.5975,3.9952,0.63152,3.0316,2.3894,4.5778,2.943,0.30496,1.2251,2.7663,4.2601,1.8631,1.9556,3.8961,1.1913,2.656,2.8274,0.32389,2.7933,2.9644,1.0312,2.9078,4.1985,0.53667,2.4754,2.6076,0.73259,2.0147,2.8847,0.5835,2.4566,3.4135,1.6991,2.1997,4.3196,1.2072,2.7746,4.3487,0.62237,2.0077,3.0332,2.0127,1.8402,3.764,1.2769,1.8648,3.6913,2.3226,2.6322,4.8204,1.444,1.5649,4.2063,1.3337,2.1382,3.207,0.68929,2.0444,3.0258,0.63759,2.3301,2.6436,1.7334,2.3531,4.1783,2.3142,2.6363,4.899,0.58636,2.0294,3.0088,1.6069,1.7157,3.327,0.83012,3.0023,2.6392,0.5892,2.5062,2.6112,3.119,2.7366,6.0842,6.1232,2.8753,2.5454,4.3381,2.9321,6.2797,2.4267,2.3199,3.7342,1.3843,3.0777,4.3069,1.2995,2.4116,3.5142,0.10333,3.1062,3.0104,2.399,2.1886,3.7519,1.2619,1.8496,3.7017,2.3967,2.3247,4.601,2.5871,2.6747,4.1418,1.242,2.7163,4.3733,1.8098,1.9446,3.8458,1.2425,2.7675,3.761,2.3736,2.372,4.9912,1.4429,2.6245,3.338,2.1343,2.2447,4.0906,0.79214,1.9753,3.39,2.4641,2.3577,3.7756,2.3942,2.3658,3.7146,2.2747,1.9654,4.999,2.6319,2.2825,4.8246,2.4149,2.2271,3.7782,1.4596,1.5977,3.8899,2.4106,2.623,4.9185,1.8269,1.947,3.8656,0.76373,2.1368,4.1177,1.6491,1.8348,4.3039,2.3548,2.6001,4.9377,1.4236,2.3962,3.2759,5.7784,2.8492,2.1103,1.7986,1.755,3.5396,1.9588,2.9512,4.242,2.0658,1.9763,4.7884,1.1819,2.6076,4.3208,1.9842,2.1496,4.8972,1.597,1.7897,3.9561,1.6448,1.9765,3.3598,1.1786,2.7392,3.7377,0.94621,2.8583,3.8114,1.5015,2.4867,3.9413,1.232,2.7348,3.723,1.7492,1.7865,4.082,0.83579,2.4298,2.7823,1.9064,2.1185,4.3808,0.023035,2.7762,2.8472,1.0681,1.9806,4.3084,0.96205,2.2436,3.0944,1.5974,2.3947,4.5522,0.94781,2.0811,2.8351,0.69124,2.0151,2.6998,1.6,1.7792,3.9583,0.90552,2.4129,2.8581,1.3678,1.5899,3.8517,2.787,2.6281,4.6084,1.1331,2.2001,3.631,1.243,2.7632,3.7512,1.9763,2.081,4.4585,1.0152,2.0152,4.2594,1.8447,1.6555,3.4442,1.647,2.5251,3.9928,2.1708,2.5102,4.917,2.1779,2.3955,3.6161,1.1387,3.012,3.3692,1.4677,1.4563,4.254,0.58449,3.0325,3.6407,1.6024,1.7274,4.2277,0.72867,2.0213,2.7216,0.66099,2.1861,4.0251,2.6851,2.6261,4.5231,2.1119,2.1077,3.4268,1.3487,2.8213,3.5134,1.1835,2.3333,3.644,2.5438,2.0513,4.4381,1.4813,1.6937,4.4366,1.4805,2.5603,3.5551,2.0119,2.3686,4.1032,2.5774,2.2257,4.9447,0.49122,2.4754,3.0551
0.19865,758.26,0.0048687,647.04,968.03,691.37,753.97,800.19,793.4,839.21,763.28,732.18,764.62,1071.6,580.17,743.61,902.16,955.39,712.45,776.39,590.99,558.8,845.54,746.41,622.58,809.62,611.23,712.95,746.23,979.53,473.93,879.41,672.15,698.89,515.31,928.41,808.24,963.92,829.06,678.27,847.41,953.26,798.08,593.62,964.41,561.36,790.32,741.35,831.53,839.48,891.51,756.23,775.63,736.48,954.23,846.71,902.31,693.69,847.21,776.09,676.79,1009.7,911.15,858.94,978.69,546.38,706.9,669.14,794.46,674.03,834.13,778.05,776.86,665.89,800.19,791.88,636.49,710.27,737.86,759.44,853.0,849.73,751.8,811.13,818.18,631.11,835.55,518.36,867.64,689.45,789.29,708.36,818.99,861.91,676.59,639.35,741.93,641.98,698.25,973.01,636.1,680.33,905.37,902.09,1007.3,848.12,836.82,830.91,1060.1,815.48,642.2,723.64,872.7,662.08,826.77,853.65,495.76,893.72,750.41,890.56,824.68,783.0,615.03,821.44,859.28,642.35,681.09,684.87,986.92,589.07,791.02,890.96,886.87,762.53,951.42,724.0,670.7,904.43,769.54,753.81,839.77,828.19,773.89,678.95,763.61,928.33,669.7,669.54,923.63,642.42,741.58,879.29,613.79,700.49,1095.3,721.4,472.54,792.57,889.13,894.99,743.41,964.94,658.36,680.27,505.91,613.9,648.29,792.98,581.28,832.62,855.1,584.42,701.32,747.74,840.77,630.84,769.41,711.63,692.5,652.27,668.73,964.64,743.46,873.29,1010.9,719.16,904.4,717.79,979.98,786.78,683.63,901.01,1053.9,786.71,866.04,803.24,825.09,857.52,771.26,806.02,719.63,751.57,716.62,779.1,729.54,790.82,759.49,937.36,783.7,695.33,824.2,895.75,757.47,630.7,591.42,742.15,984.07,759.37,708.12,876.17,716.48,809.86,795.02,773.49,746.88,863.29,860.33,610.75,899.74,645.49,827.66,731.1,779.86,605.68,860.39,873.74,540.45,827.44,741.84,492.22,829.2,596.97,755.2,783.41,584.1,744.17,775.88,577.19,846.45,891.65,773.33,589.11,847.49,684.88,773.32,764.02,569.39,836.03,985.59,695.98,596.44,663.68,927.14,800.76,722.1,856.39,471.06,511.12,653.61,843.43,740.69,693.63,827.88,839.82,699.03,625.18,582.94,883.87,624.73,840.93,735.85,0.0051129,0.0061126,0.0048125,0.0046867,0.0051724,0.0049626,0.0052592,0.0052304,0.0050184,0.0051889,0.006319,0.0041423,0.0049255,0.0056038,0.0061945,0.0046141,0.005037,0.0042317,0.0036871,0.0057691,0.0050394,0.0045418,0.0055669,0.0043073,0.0048832,0.0047481,0.0059785,0.0038313,0.0058398,0.0042211,0.0044946,0.0035348,0.0055595,0.0050112,0.0059638,0.0051714,0.0046705,0.0054992,0.0055779,0.0046999,0.0035067,0.0060498,0.0040711,0.0048829,0.0047931,0.0050333,0.0048315,0.0052597,0.0048166,0.0039781,0.0047868,0.0059555,0.0046506,0.0054649,0.0046804,0.0049718,0.0051593,0.0048268,0.0061923,0.0061104,0.0052559,0.0061421,0.0044315,0.0052066,0.0045454,0.0053945,0.0047486,0.0054766,0.0048132,0.0053983,0.0044807,0.004709,0.0050905,0.0045,0.0047867,0.0044965,0.0047322,0.0055419,0.005608,0.0049873,0.0054561,0.0051711,0.0038795,0.004464,0.003935,0.0051916,0.004642,0.0048572,0.0044685,0.0051125,0.0052092,0.0045986,0.0043415,0.0045878,0.0042888,0.0043244,0.006103,0.0041672,0.0043754,0.0054853,0.0054184,0.0061557,0.0051183,0.0054774,0.0053428,0.0059074,0.0051426,0.004554,0.0042651,0.0056159,0.0046795,0.0054198,0.0053035,0.0038929,0.0055291,0.0047956,0.0053799,0.0051055,0.0051952,0.0045399,0.0054506,0.0052975,0.0046089,0.0045196,0.0047454,0.0062164,0.0041966,0.005183,0.0056524,0.0056476,0.0050546,0.0056502,0.0045394,0.0043654,0.0058115,0.0053447,0.0047545,0.0051728,0.0053414,0.0047395,0.0044554,0.0041667,0.0055972,0.0046716,0.004773,0.0049941,0.0042847,0.0051029,0.0053089,0.0038885,0.0047634,0.0066995,0.0046983,0.0035615,0.0049837,0.0052465,0.0056239,0.0051905,0.0057941,0.004117,0.0043232,0.003608,0.0043223,0.004497,0.0047382,0.0041092,0.0052094,0.005251,0.0040486,0.0044868,0.0041105,0.0052437,0.0045042,0.0048089,0.0044537,0.0048133,0.0043882,0.0043774,0.0052641,0.0045123,0.0052657,0.0056236,0.0047316,0.0057734,0.0050775,0.0057255,0.0048073,0.0044856,0.0052155,0.0055628,0.0051621,0.0052826,0.0051861,0.006162,0.0051027,0.0050575,0.0038541,0.0050361,0.0048619,0.0048002,0.0049085,0.0047273,0.0051411,0.0046443,0.0070174,0.0048454,0.0049563,0.0050149,0.0051164,0.0049855,0.0043914,0.0040615,0.0045236,0.0060153,0.0051969,0.004844,0.0049939,0.0045182,0.0052904,0.0051774,0.0048861,0.004731,0.0052021,0.0053228,0.0041729,0.0056514,0.0042949,0.004917,0.0050092,0.0043816,0.0040601,0.0047965,0.0056521,0.0037539,0.0051156,0.0042421,0.004299,0.005287,0.0040109,0.0048626,0.0050045,0.0042397,0.004541,0.0046635,0.0036883,0.0051365,0.0055427,0.0053637,0.0040559,0.0054362,0.0043167,0.0050539,0.0044545,0.0036441,0.0045869,0.0061124,0.0044757,0.004501,0.0041159,0.0056754,0.0049374,0.0047027,0.0048761,0.0039202,0.0038266,0.0043895,0.0054169,0.0046174,0.0048764,0.0056386,0.0047889,0.0046458,0.0037772,0.0041011,0.0052172,0.004388,0.0051688,0.0044116,652860.0,527600.0,4051000.0,2361500.0,1063500.0,5504200.0,2008000.0,2411200.0,2983400.0,2907700.0,715790.0,4946000.0,1272400.0,3886200.0,2497000.0,4962200.0,4006100.0,1313700.0,3439700.0,2457300.0,3280300.0,11623000.0,939160.0,6172800.0,733680.0,8929900.0,1559800.0,1804700.0,799240.0,3153800.0,1663100.0,5695800.0,23134000.0,2470300.0,2681400.0,4250800.0,1211200.0,1483800.0,1623100.0,2037800.0,1036500.0,2054600.0,998900.0,7322600.0,2384900.0,1789300.0,1464100.0,2229500.0,15638000.0,933030.0,7138100.0,3914300.0,695400.0,3830400.0,1057500.0,2604500.0,17325000.0,31464000.0,2325700.0,1698300.0,1501900.0,2783800.0,1015700.0,1887600.0,3336500.0,787200.0,2814400.0,1901400.0,3839200.0,2700300.0,1417200.0,1096800.0,14691000.0,5032200.0,1313700.0,3541200.0,1639800.0,944740.0,2521800.0,3636500.0,1267500.0,875270.0,2074100.0,856130.0,1823800.0,2791600.0,4851100.0,4107200.0,2293000.0,5593500.0,1274600.0,9165300.0,4558400.0,997350.0,1628100.0,875890.0,1738300.0,3439800.0,9756100.0,1694900.0,16185000.0,1389000.0,9707100.0,1601000.0,3111800.0,1248900.0,1595600.0,12279000.0,5012700.0,2131600.0,3788800.0,2346100.0,1178000.0,645020.0,3343500.0,11411000.0,2365500.0,1449300.0,738260.0,1883600.0,722040.0,1169800.0,2174300.0,8636100.0,4069700.0,2575300.0,3026200.0,2316200.0,1468700.0,757990.0,10124000.0,2341800.0,3477500.0,2031800.0,1344300.0,1016600.0,1973900.0,1030900.0,2818800.0,3841500.0,1137500.0,1448700.0,2060900.0,1490700.0,2159300.0,2379200.0,867820.0,6776700.0,1483200.0,9209400.0,6039000.0,796610.0,10241000.0,798180.0,1257100.0,18495000.0,669880.0,11896000.0,704520.0,5463300.0,3620500.0,3728500.0,2594300.0,5128500.0,4299400.0,4138300.0,945220.0,4052400.0,1605800.0,6226400.0,1476500.0,7458600.0,1058700.0,729360.0,3925100.0,2935000.0,1917500.0,8220700.0,2222600.0,929290.0,1207100.0,3637800.0,3493100.0,1909700.0,1445200.0,720570.0,6685600.0,5169700.0,2290100.0,619540.0,17391000.0,3256600.0,5152600.0,1119800.0,17904000.0,5318100.0,1077700.0,8409500.0,1326800.0,1407500.0,3909300.0,5195800.0,785010.0,1609000.0,953500.0,1742800.0,1536400.0,1428600.0,7692300.0,2295200.0,1389900.0,12034000.0,2729100.0,1213300.0,1238200.0,3194500.0,932670.0,4580100.0,1110300.0,1813100.0,7912700.0,4355400.0,685140.0,1393400.0,9817300.0,5161200.0,4960900.0,15079000.0,2942700.0,1891900.0,2294600.0,2933500.0,3129200.0,1844900.0,1714400.0,2219900.0,1469200.0,7074000.0,638180.0,3583000.0,8148600.0,8705300.0,1826300.0,5270900.0,3949100.0,4910800.0,847070.0,1117100.0,5283500.0,1523800.0,6462500.0,3415400.0,6961300.0,1931200.0,1605900.0,1559300.0,1065700.0,1101400.0,2250300.0,1018100.0,5082200.0,3404400.0,3048000.0,2817500.0,2386500.0,1906100.0,15335000.0,13457000.0,3518500.0,3147900.0,1932600.0,4368700.0,3283600.0,640970.0,2021700.0,760960.0,3461100.0,1947300.0,1.5319,1.8099,4.1398,1.3333,2.2397,4.2528,1.1847,1.9426,4.271,2.5482,2.6934,4.3382,0.78993,2.0323,4.2821,1.5645,2.5139,3.9196,3.0088,2.8534,5.8803,1.2734,1.9492,4.2666,1.6181,1.7217,4.2304,1.3219,2.2374,4.2804,0.76011,2.0343,4.1928,2.9866,2.8669,4.5844,5.7276,2.7786,1.5007,1.2547,2.7143,3.6453,0.87729,2.1694,3.0222,2.5042,2.0943,4.4523,1.4824,1.7082,3.8888,0.69399,2.6488,3.8585,1.9824,1.7813,3.4523,1.115,2.378,3.1999,0.24506,2.3114,3.5377,1.7008,1.6312,3.3944,1.9815,2.7165,4.2965,1.7522,1.6427,3.389,1.5606,1.6519,3.9485,0.34342,2.156,3.1899,2.1058,2.4246,4.4438,1.5647,1.6878,3.2479,0.80362,1.9408,2.7706,3.0515,2.8331,5.8899,1.9477,1.7537,3.4481,0.97394,2.6925,2.8745,1.7144,2.5675,3.9433,0.64506,1.892,2.7377,1.0481,2.4263,3.1088,1.8861,1.9521,4.4691,1.705,1.655,3.9013,0.57662,2.1719,3.9018,1.3784,2.496,3.8933,1.0759,2.149,3.243,2.6274,2.334,4.3031,2.1142,2.2125,4.6959,1.4716,1.66,3.9258,1.8788,1.9927,4.471,1.5089,2.1785,3.242,0.81836,2.2054,3.1063,2.4182,2.4246,4.3527,2.0034,2.5333,4.8768,2.035,2.6048,4.875,2.623,2.3274,4.2878,1.3823,2.516,3.9246,1.754,2.288,4.3512,2.4333,3.0082,4.334,0.59545,2.3982,2.6062,1.5269,2.002,4.6008,1.9927,3.0392,3.8976,0.3448,2.373,3.3664,1.6422,1.6218,4.0876,0.77766,2.1391,3.075,2.2342,2.3043,4.6826,0.64813,2.4621,3.0747,0.97016,2.2178,3.2212,0.072003,2.9023,1.8273,1.9998,2.1202,4.5987,2.6049,2.3579,4.2398,2.4603,2.3008,5.1201,1.9736,2.7066,4.2409,1.2147,1.8515,3.9987,4.6505,2.8793,0.58262,0.89623,2.1742,3.0233,1.3936,2.0987,4.2818,1.1434,2.1971,3.535,2.1235,2.6956,4.3957,1.6492,1.5934,4.1474,1.1533,2.5188,3.0949,0.70717,2.4582,3.7562,2.1618,1.8579,3.69,1.5174,2.4969,3.4815,1.5445,2.5977,3.5819,1.5773,1.6426,4.286,2.0074,2.7242,4.4992,2.1,2.7186,4.6109,3.2487,2.8088,6.0574,1.7157,1.6244,4.1943,1.7936,1.945,3.4008,2.3806,2.94,5.2086,1.139,2.5471,3.0893,2.5998,2.4156,4.99,1.0011,2.668,4.1365,1.517,2.4792,3.5197,1.0992,1.9107,4.1057,1.6702,1.6138,4.0791,1.7455,1.9373,3.421,6.1517,2.9159,2.9811,2.9254,2.2523,4.6089,1.4305,1.952,4.3049,1.2593,2.6064,3.3848,1.401,2.4517,3.3842,1.7771,1.9285,3.6765,1.9182,2.4286,4.0423,1.0944,2.3415,3.2178,2.5223,1.9722,5.2365,1.1615,2.6331,3.3051,1.3955,2.4867,3.373,0.030435,3.0247,3.0922,0.68115,1.8643,2.8243,1.717,2.0103,4.5098,1.5331,1.8414,4.1829,5.3256,2.8596,1.7012,0.82278,2.1753,2.8648,0.9196,2.6829,4.0891,2.3441,2.5061,3.6786,2.6412,2.3357,4.9507,2.8985,2.6302,4.5437,2.0511,2.4191,4.5387,2.3608,2.1499,4.1877,0.77448,2.1192,3.3386,0.49836,2.4382,3.0191,0.55972,2.1804,3.8679,2.5041,2.4646,4.5446,0.83737,2.3913,2.9593,1.3198,1.57,4.3454,1.6505,1.9752,3.4844,0.18922,2.6714,2.1163,3.4897,2.9496,0.24557,0.87552,2.3307,3.0015,1.6397,1.6558,4.1216,1.5296,1.7903,3.2122,0.77702,2.399,2.8683,2.2254,2.3143,4.9487,1.1856,2.5563,3.1551,1.1874,2.1529,3.5804,0.43342,2.0489,3.2835,1.7287,1.949,3.4359,2.4736,2.0994,4.1271,2.169,2.1528,4.9807,1.3617,1.7437,3.8301,0.76577,2.002,2.7756,2.1625,2.1583,5.0013,2.236,2.2353,4.5048,1.5596,2.3933,3.9871,4.1741,2.9475,0.069568,1.8952,2.4311,4.0027,0.73898,1.9769,4.1401,1.2029,2.6377,4.2447,3.4483,2.826,6.0871,1.6229,1.5931,3.271,0.25556,2.36,3.4039,4.9835,2.9767,0.80587,0.51112,2.8044,3.2807,1.2261,2.5276,3.0264,2.2094,2.1214,4.9489,1.5699,2.0813,4.405,1.5882,1.6279,3.3645,1.4741,2.9193,3.3061,0.63682,2.378,2.8417,0.87578,2.4092,3.0023,0.21732,2.6481,3.3412,1.738,2.3823,4.2282,0.58586,2.4048,2.7896,1.062,2.2768,3.6204,1.3596,1.7784,4.304,0.27003,2.3485,3.4237,1.5801,1.5963,3.2805,0.65777,2.3605,2.8294,2.9895,2.8638,5.9773,1.8653,2.5542,3.9811,2.0567,2.2312,4.6258,2.3947,2.702,5.1495,1.7866,1.9543,3.8439,1.3764,1.789,3.7402,2.2586,2.1357,4.9942,1.4571,2.5964,3.9947,0.62783,3.031,2.3843,4.5761,2.9422,0.30352,1.2249,2.768,4.259,1.8623,1.9559,3.8964,1.1903,2.6567,2.8268,0.32327,2.7935,2.9649,1.0331,2.9083,4.1999,0.53653,2.4744,2.6086,0.7334,2.0165,2.8831,0.58442,2.4576,3.4135,1.702,2.2003,4.3214,1.2065,2.7762,4.3491,0.62252,2.0089,3.0312,2.0135,1.8393,3.7631,1.2788,1.8653,3.6924,2.3197,2.6303,4.8173,1.4459,1.5654,4.2068,1.3329,2.1379,3.2077,0.69046,2.0463,3.0245,0.63948,2.3285,2.6444,1.7351,2.3544,4.1793,2.3121,2.6346,4.8977,0.58574,2.0307,3.007,1.6076,1.7157,3.3272,0.83426,3.0019,2.6417,0.58951,2.5063,2.6116,3.1222,2.7361,6.0875,6.123,2.8757,2.5466,4.3332,2.9309,6.2737,2.4282,2.3178,3.7337,1.3927,3.0776,4.3179,1.2977,2.4136,3.514,0.087537,3.1067,2.9971,2.3993,2.1875,3.7509,1.2625,1.8496,3.7028,2.3961,2.3245,4.6018,2.5871,2.6757,4.144,1.2418,2.7169,4.3741,1.8083,1.9441,3.8447,1.2449,2.7668,3.7632,2.3725,2.3701,4.9898,1.4403,2.624,3.3391,2.1335,2.246,4.0906,0.79127,1.9764,3.3903,2.4654,2.3564,3.7759,2.3948,2.3648,3.714,2.2763,1.9666,5.001,2.6311,2.2823,4.8252,2.4159,2.2267,3.7775,1.4609,1.5978,3.8909,2.4098,2.6211,4.9175,1.8257,1.9467,3.865,0.76363,2.1368,4.1202,1.6495,1.8349,4.3048,2.3535,2.5978,4.9373,1.423,2.3964,3.2764,5.7752,2.8485,2.1083,1.7976,1.7544,3.5407,1.9575,2.9494,4.2401,2.0668,1.9769,4.7888,1.184,2.6084,4.322,1.9867,2.1497,4.8981,1.5965,1.7894,3.956,1.6456,1.9757,3.3591,1.1814,2.7386,3.7405,0.9466,2.8588,3.8114,1.5035,2.4876,3.9433,1.2341,2.7335,3.7241,1.7479,1.7861,4.0819,0.83496,2.4293,2.7828,1.9066,2.1194,4.3811,0.022175,2.776,2.8475,1.0678,1.9812,4.3094,0.96241,2.2423,3.0953,1.597,2.3947,4.5518,0.94706,2.0811,2.8352,0.69066,2.0154,2.6994,1.5999,1.7786,3.9583,0.90532,2.4121,2.8596,1.3676,1.5897,3.852,2.7878,2.6287,4.6082,1.1341,2.2013,3.6311,1.2452,2.7627,3.7538,1.9766,2.0831,4.4585,1.0143,2.0162,4.2598,1.8444,1.6556,3.4443,1.6469,2.5257,3.9929,2.172,2.5091,4.9171,2.1785,2.3955,3.6147,1.1393,3.0105,3.3698,1.4678,1.4564,4.2545,0.58516,3.0332,3.6424,1.6022,1.7268,4.2279,0.72855,2.0216,2.7215,0.66077,2.1859,4.0265,2.6852,2.6264,4.5229,2.1137,2.1075,3.4267,1.3491,2.8196,3.5139,1.1856,2.3359,3.6444,2.5445,2.0522,4.4376,1.4813,1.6928,4.4371,1.4784,2.5595,3.555,2.011,2.37,4.1042,2.576,2.2235,4.9448,0.49178,2.4751,3.0564
0.2041,768.61,0.0049348,654.93,982.86,702.61,763.59,812.6,804.02,848.69,772.29,741.52,774.56,1089.4,587.04,751.93,915.96,972.73,721.1,787.3,599.41,565.18,859.56,756.55,630.94,819.64,618.92,722.63,755.72,995.48,479.51,892.2,680.39,707.04,520.33,942.04,820.09,978.36,839.97,686.87,862.29,967.8,807.17,601.24,977.94,567.66,801.47,752.07,843.1,851.92,903.92,766.57,784.89,746.77,969.54,858.24,917.0,702.13,858.97,786.95,685.79,1024.8,926.11,872.96,993.92,551.64,715.78,677.83,803.94,682.72,841.8,788.3,787.95,672.96,812.48,803.71,645.0,720.65,745.2,771.7,865.25,862.2,760.16,821.38,827.15,638.27,847.93,525.16,879.51,698.48,800.42,718.07,830.91,874.24,684.59,646.9,753.36,650.1,706.32,986.61,645.62,688.79,919.76,915.44,1024.0,860.1,850.53,842.13,1077.2,828.16,650.98,733.11,885.04,671.14,839.01,865.42,502.29,906.39,760.59,904.23,836.16,793.68,625.3,833.21,870.1,652.45,690.55,693.39,1004.8,597.91,800.4,905.27,902.41,772.68,967.12,733.53,679.57,916.2,779.15,763.78,851.81,838.46,784.86,689.08,774.37,944.14,679.2,678.24,933.83,652.75,751.83,890.61,621.61,710.41,1113.2,730.9,477.91,800.25,902.92,908.15,753.12,979.71,665.4,690.07,511.73,620.48,656.74,804.14,589.18,844.19,866.57,591.36,710.11,756.66,852.61,637.59,778.62,720.71,701.36,659.74,676.66,976.7,753.16,885.88,1027.0,727.92,918.62,726.83,994.95,798.67,692.34,914.18,1068.9,797.93,879.03,813.41,840.92,869.82,782.68,817.26,728.49,760.76,727.31,790.06,738.56,802.35,770.14,955.27,794.57,705.63,833.45,909.66,768.42,636.49,598.97,752.13,999.39,773.46,718.22,884.77,726.14,822.05,805.94,784.12,756.76,873.68,870.57,618.45,912.81,653.49,839.3,740.74,787.37,613.11,872.59,885.58,546.22,838.48,751.04,498.15,839.79,603.32,764.7,795.03,590.89,753.68,785.91,583.24,858.36,903.27,783.67,596.29,858.42,692.91,783.82,774.83,576.1,847.14,999.49,705.7,602.14,671.23,939.63,811.54,732.39,867.71,476.12,516.66,661.27,853.81,751.17,703.05,840.42,847.78,709.63,630.92,588.71,897.96,631.55,853.1,744.06,0.0051799,0.0062051,0.0048802,0.0047491,0.0052473,0.0050285,0.0053279,0.0052982,0.0050906,0.0052598,0.0064212,0.0041918,0.0049872,0.0056918,0.0062959,0.0046696,0.0051095,0.0042888,0.0037291,0.0058572,0.0051094,0.0046041,0.0056414,0.0043633,0.0049517,0.0048134,0.0060712,0.0038768,0.0059212,0.004277,0.00455,0.0035689,0.0056415,0.0050839,0.0060516,0.0052439,0.0047279,0.0055847,0.0056641,0.0047565,0.0035452,0.0061358,0.0041212,0.0049523,0.0048609,0.0051061,0.0049032,0.0053335,0.0048803,0.0040218,0.0048498,0.0060462,0.0047124,0.0055496,0.0047371,0.005042,0.0052311,0.0048906,0.0062897,0.0062018,0.0053351,0.0062319,0.0044773,0.00527,0.0046037,0.005461,0.0048093,0.0055397,0.0048749,0.0054693,0.0045308,0.0047793,0.0051625,0.0045565,0.004851,0.0045464,0.0048039,0.0056205,0.005685,0.0050497,0.0055273,0.0052355,0.0039257,0.0045221,0.0039836,0.0052603,0.0047012,0.0049223,0.0045311,0.0051883,0.0052856,0.0046537,0.0043948,0.0046546,0.0043467,0.0043822,0.0061883,0.0042257,0.0044335,0.0055748,0.0054975,0.0062535,0.0051895,0.0055593,0.0054167,0.0060065,0.005222,0.0046155,0.0043247,0.0056849,0.0047419,0.0054953,0.0053723,0.0039335,0.005606,0.0048621,0.0054616,0.0051769,0.0052621,0.0046073,0.0055222,0.005375,0.0046771,0.0045856,0.0048053,0.0063215,0.0042582,0.0052465,0.0057367,0.0057396,0.005122,0.0057452,0.0046066,0.0044249,0.0058986,0.0054105,0.0048193,0.0052455,0.0054041,0.004806,0.0045177,0.0042255,0.0056903,0.0047373,0.004833,0.0050579,0.0043481,0.0051764,0.0053834,0.0039419,0.0048294,0.0068008,0.0047615,0.0036002,0.0050503,0.0053282,0.005703,0.0052588,0.005884,0.0041617,0.0043831,0.0036513,0.0043733,0.0045592,0.0048063,0.004167,0.0052814,0.0053195,0.0041003,0.0045481,0.0041672,0.0053167,0.0045534,0.0048721,0.004509,0.0048769,0.0044388,0.0044289,0.0053333,0.0045722,0.0053394,0.0057193,0.0047885,0.0058629,0.0051441,0.0058172,0.0048779,0.0045448,0.0052902,0.0056539,0.0052342,0.0053629,0.0052507,0.0062557,0.0051764,0.0051287,0.0038537,0.0051025,0.0049191,0.0048688,0.0049805,0.0047875,0.0052144,0.0047109,0.0071308,0.0049074,0.0050236,0.005079,0.0051911,0.0050562,0.0044358,0.0041124,0.0045817,0.0061063,0.0052798,0.0049119,0.0050475,0.0045758,0.0053629,0.0052512,0.0049512,0.004793,0.0052732,0.0053869,0.0042249,0.0057303,0.0043497,0.0049869,0.0050712,0.0044276,0.0041045,0.0048637,0.0057297,0.0037922,0.005182,0.0042905,0.0043491,0.0053564,0.0040571,0.004923,0.0050758,0.0042927,0.0045968,0.0047207,0.0037249,0.0052083,0.0056121,0.0054335,0.0041015,0.0055079,0.0043688,0.0051198,0.0045103,0.003687,0.0046522,0.0062005,0.004536,0.0045437,0.0041619,0.0057484,0.0050017,0.0047648,0.0049445,0.0039674,0.0038685,0.0044454,0.0054852,0.0046813,0.0049439,0.0057177,0.004839,0.0047115,0.0038151,0.0041516,0.0053001,0.0044381,0.0052414,0.0044643,652860.0,527600.0,4051000.0,2361500.0,1063500.0,5504200.0,2008000.0,2411200.0,2983400.0,2907700.0,715790.0,4946000.0,1272400.0,3886200.0,2497000.0,4962200.0,4006100.0,1313700.0,3439700.0,2457300.0,3280300.0,11623000.0,939160.0,6172800.0,733680.0,8929900.0,1559800.0,1804700.0,799240.0,3153800.0,1663100.0,5695800.0,23134000.0,2470300.0,2681400.0,4250800.0,1211200.0,1483800.0,1623100.0,2037800.0,1036500.0,2054600.0,998900.0,7322600.0,2384900.0,1789300.0,1464100.0,2229500.0,15638000.0,933030.0,7138100.0,3914300.0,695400.0,3830400.0,1057500.0,2604500.0,17325000.0,31464000.0,2325700.0,1698300.0,1501900.0,2783800.0,1015700.0,1887600.0,3336500.0,787200.0,2814400.0,1901400.0,3839200.0,2700300.0,1417200.0,1096800.0,14691000.0,5032200.0,1313700.0,3541200.0,1639800.0,944740.0,2521800.0,3636500.0,1267500.0,875270.0,2074100.0,856130.0,1823800.0,2791600.0,4851100.0,4107200.0,2293000.0,5593500.0,1274600.0,9165300.0,4558400.0,997350.0,1628100.0,875890.0,1738300.0,3439800.0,9756100.0,1694900.0,16185000.0,1389000.0,9707100.0,1601000.0,3111800.0,1248900.0,1595600.0,12279000.0,5012700.0,2131600.0,3788800.0,2346100.0,1178000.0,645020.0,3343500.0,11411000.0,2365500.0,1449300.0,738260.0,1883600.0,722040.0,1169800.0,2174300.0,8636100.0,4069700.0,2575300.0,3026200.0,2316200.0,1468700.0,757990.0,10124000.0,2341800.0,3477500.0,2031800.0,1344300.0,1016600.0,1973900.0,1030900.0,2818800.0,3841500.0,1137500.0,1448700.0,2060900.0,1490700.0,2159300.0,2379200.0,867820.0,6776700.0,1483200.0,9209400.0,6039000.0,796610.0,10241000.0,798180.0,1257100.0,18495000.0,669880.0,11896000.0,704520.0,5463300.0,3620500.0,3728500.0,2594300.0,5128500.0,4299400.0,4138300.0,945220.0,4052400.0,1605800.0,6226400.0,1476500.0,7458600.0,1058700.0,729360.0,3925100.0,2935000.0,1917500.0,8220700.0,2222600.0,929290.0,1207100.0,3637800.0,3493100.0,1909700.0,1445200.0,720570.0,6685600.0,5169700.0,2290100.0,619540.0,17391000.0,3256600.0,5152600.0,1119800.0,17904000.0,5318100.0,1077700.0,8409500.0,1326800.0,1407500.0,3909300.0,5195800.0,785010.0,1609000.0,953500.0,1742800.0,1536400.0,1428600.0,7692300.0,2295200.0,1389900.0,12034000.0,2729100.0,1213300.0,1238200.0,3194500.0,932670.0,4580100.0,1110300.0,1813100.0,7912700.0,4355400.0,685140.0,1393400.0,9817300.0,5161200.0,4960900.0,15079000.0,2942700.0,1891900.0,2294600.0,2933500.0,3129200.0,1844900.0,1714400.0,2219900.0,1469200.0,7074000.0,638180.0,3583000.0,8148600.0,8705300.0,1826300.0,5270900.0,3949100.0,4910800.0,847070.0,1117100.0,5283500.0,1523800.0,6462500.0,3415400.0,6961300.0,1931200.0,1605900.0,1559300.0,1065700.0,1101400.0,2250300.0,1018100.0,5082200.0,3404400.0,3048000.0,2817500.0,2386500.0,1906100.0,15335000.0,13457000.0,3518500.0,3147900.0,1932600.0,4368700.0,3283600.0,640970.0,2021700.0,760960.0,3461100.0,1947300.0,1.5325,1.8088,4.1392,1.3358,2.2405,4.2537,1.1832,1.9416,4.2718,2.5502,2.6944,4.3393,0.78847,2.0321,4.2832,1.5651,2.5144,3.92,3.0079,2.8538,5.8812,1.275,1.9477,4.2676,1.6149,1.7213,4.2299,1.3229,2.2375,4.2818,0.75766,2.0336,4.193,2.9893,2.8676,4.5869,5.7279,2.7786,1.5013,1.255,2.7108,3.6458,0.87568,2.1702,3.0221,2.5048,2.0958,4.4528,1.4823,1.7086,3.8884,0.69513,2.6513,3.8579,1.982,1.7817,3.4517,1.1153,2.3765,3.2031,0.24382,2.3121,3.5364,1.6987,1.6302,3.3947,1.9789,2.7137,4.2941,1.7511,1.6421,3.389,1.5622,1.6514,3.9493,0.34216,2.1566,3.1895,2.1077,2.426,4.4453,1.5667,1.6882,3.2492,0.80332,1.9424,2.7705,3.0531,2.8329,5.8924,1.9464,1.7533,3.4475,0.97353,2.692,2.8742,1.7122,2.5672,3.942,0.64557,1.8925,2.7362,1.0471,2.426,3.1098,1.8857,1.9532,4.4684,1.7054,1.6542,3.9016,0.57861,2.1706,3.9064,1.3833,2.4974,3.8967,1.077,2.151,3.2424,2.63,2.335,4.3037,2.1158,2.2138,4.6965,1.4717,1.6594,3.9261,1.8786,1.9949,4.4703,1.5103,2.1789,3.2411,0.81781,2.2084,3.1036,2.4183,2.4263,4.3536,2.0051,2.5316,4.8762,2.0375,2.6046,4.8748,2.626,2.3287,4.2881,1.3847,2.5164,3.9243,1.7561,2.2895,4.3527,2.4392,3.0068,4.3386,0.59804,2.396,2.61,1.5275,2.0005,4.6008,1.9901,3.0385,3.8936,0.34374,2.3729,3.3646,1.6418,1.6216,4.0877,0.77993,2.1418,3.0747,2.2345,2.305,4.6834,0.64855,2.4589,3.076,0.96868,2.2207,3.2197,0.070931,2.9026,1.8237,2.0006,2.1235,4.5994,2.6061,2.3592,4.2385,2.4556,2.2999,5.1183,1.9701,2.7037,4.2366,1.2181,1.8513,4.0001,4.6496,2.8753,0.58337,0.89625,2.1752,3.0225,1.3964,2.0988,4.2825,1.1455,2.1999,3.5362,2.119,2.6937,4.3912,1.6482,1.5931,4.1471,1.1536,2.518,3.096,0.7059,2.4594,3.7561,2.165,1.8563,3.6893,1.5153,2.4985,3.4817,1.5409,2.599,3.5811,1.5753,1.6416,4.2868,2.0048,2.7217,4.4972,2.0991,2.7163,4.6114,3.2459,2.8092,6.0564,1.7164,1.6248,4.195,1.7966,1.9436,3.3995,2.3872,2.9392,5.2161,1.1384,2.5471,3.0895,2.5987,2.4146,4.99,1.0009,2.6699,4.1384,1.5145,2.4801,3.521,1.0965,1.9133,4.1063,1.6705,1.6136,4.0789,1.7469,1.9357,3.4203,6.1446,2.9151,2.9755,2.9266,2.251,4.6104,1.4337,1.9514,4.3078,1.2593,2.6048,3.3864,1.3994,2.4519,3.3852,1.7757,1.9268,3.6753,1.9174,2.4312,4.0442,1.0945,2.3429,3.2188,2.5222,1.9696,5.2389,1.1596,2.6314,3.3052,1.3937,2.4877,3.3738,0.022651,3.0268,3.0846,0.68072,1.8663,2.8219,1.7175,2.0092,4.5126,1.5341,1.8405,4.1846,5.3207,2.858,1.6974,0.82328,2.1769,2.867,0.91738,2.6852,4.0899,2.3481,2.5043,3.6799,2.6427,2.3326,4.9502,2.9009,2.6282,4.5445,2.0502,2.4172,4.5401,2.3611,2.1514,4.1881,0.77502,2.1233,3.3383,0.50327,2.4371,3.0226,0.55949,2.1813,3.8718,2.5071,2.4632,4.5475,0.83867,2.3903,2.9613,1.322,1.5697,4.3468,1.6494,1.9742,3.4858,0.19343,2.671,2.1176,3.4958,2.9493,0.2529,0.87753,2.3281,3.0047,1.6394,1.6563,4.1229,1.5303,1.7894,3.2131,0.77702,2.3979,2.8683,2.2272,2.3131,4.9489,1.187,2.5565,3.1574,1.191,2.1581,3.5825,0.43018,2.0514,3.2846,1.7294,1.9474,3.4358,2.4763,2.1002,4.1247,2.1696,2.1526,4.9809,1.3638,1.7435,3.831,0.76718,2.0032,2.7763,2.163,2.1585,5.0024,2.2337,2.2367,4.5062,1.5599,2.3958,3.9882,4.1718,2.9453,0.065925,1.893,2.4335,4.0026,0.73678,1.9773,4.141,1.2041,2.6397,4.2458,3.4456,2.8252,6.087,1.625,1.5929,3.2708,0.25365,2.3616,3.4032,4.9788,2.9765,0.79859,0.5103,2.805,3.2822,1.2254,2.5282,3.028,2.2105,2.1209,4.9482,1.5725,2.0807,4.4069,1.5891,1.628,3.3667,1.4778,2.92,3.3056,0.64084,2.3763,2.8446,0.87501,2.4076,3.0027,0.21723,2.6489,3.3411,1.7426,2.3857,4.231,0.5895,2.4038,2.7915,1.0625,2.2796,3.6192,1.3593,1.7776,4.3043,0.26891,2.3496,3.4242,1.5813,1.5959,3.2804,0.66257,2.3582,2.8319,2.9888,2.8636,5.9785,1.8611,2.5527,3.9795,2.0586,2.2324,4.6267,2.3882,2.6999,5.1456,1.7837,1.9538,3.8421,1.3786,1.7876,3.7416,2.2607,2.1353,4.9944,1.4578,2.5948,3.9937,0.62145,3.03,2.3758,4.5745,2.9411,0.30231,1.2242,2.7706,4.257,1.8609,1.9564,3.8968,1.1885,2.6576,2.8255,0.32216,2.7936,2.9655,1.0352,2.9089,4.2013,0.5362,2.4728,2.6098,0.73452,2.019,2.8806,0.5856,2.459,3.4134,1.7062,2.2011,4.3238,1.2049,2.7786,4.3491,0.62271,2.0105,3.0282,2.0146,1.838,3.7617,1.2817,1.866,3.6938,2.3154,2.6277,4.8124,1.4489,1.5661,4.2073,1.3316,2.1375,3.2085,0.69213,2.049,3.0223,0.64212,2.3259,2.6453,1.7375,2.3563,4.1806,2.3089,2.6322,4.8957,0.58476,2.0326,3.0041,1.6086,1.7158,3.3274,0.83937,3.0011,2.6444,0.58981,2.5064,2.612,3.1268,2.7355,6.0925,6.1228,2.8762,2.5486,4.3268,2.9291,6.2655,2.4303,2.3149,3.733,1.4025,3.0774,4.3316,1.2949,2.4164,3.5135,0.063106,3.1071,2.9763,2.3996,2.1859,3.7493,1.2633,1.8496,3.7043,2.3949,2.3244,4.6029,2.5869,2.6774,4.1473,1.2412,2.7176,4.375,1.8061,1.9434,3.8431,1.2481,2.7656,3.766,2.3708,2.3675,4.9875,1.4361,2.623,3.3402,2.1321,2.248,4.0904,0.78987,1.9779,3.3907,2.4672,2.3544,3.7763,2.3956,2.3633,3.7131,2.2787,1.9685,5.0039,2.6298,2.2821,4.826,2.4173,2.2262,3.7764,1.4627,1.5981,3.8923,2.4085,2.6184,4.9159,1.824,1.9463,3.8639,0.7634,2.1365,4.1237,1.6502,1.8352,4.306,2.3515,2.5946,4.9366,1.4219,2.3968,3.2768,5.7707,2.8472,2.1056,1.796,1.7535,3.5421,1.9549,2.9467,4.2365,2.0681,1.978,4.7893,1.1867,2.6095,4.3235,1.9903,2.15,4.8991,1.5957,1.789,3.9557,1.6467,1.9745,3.358,1.1851,2.7377,3.7443,0.94668,2.8594,3.811,1.5064,2.489,3.9461,1.2367,2.7314,3.7253,1.7458,1.7854,4.0815,0.8336,2.4285,2.7834,1.9069,2.121,4.3816,0.020799,2.7755,2.8479,1.0673,1.9819,4.3107,0.96285,2.2405,3.0965,1.5963,2.3947,4.5508,0.94586,2.0809,2.8351,0.68977,2.0157,2.6986,1.5997,1.7777,3.9581,0.90486,2.411,2.8617,1.3674,1.5896,3.8523,2.7891,2.6297,4.6078,1.1357,2.203,3.6311,1.2481,2.7619,3.7574,1.9771,2.0863,4.4583,1.0128,2.0176,4.2602,1.8439,1.6557,3.4444,1.6466,2.5265,3.9929,2.1735,2.5077,4.917,2.1793,2.3955,3.6125,1.1395,3.0082,3.3699,1.468,1.4564,4.2552,0.58526,3.0341,3.644,1.6019,1.7259,4.228,0.72832,2.0219,2.7212,0.66038,2.1857,4.0286,2.6854,2.627,4.5226,2.1163,2.1073,3.4264,1.3493,2.8169,3.5143,1.1885,2.3395,3.6448,2.5454,2.0536,4.4367,1.4813,1.6914,4.4377,1.4751,2.5582,3.5545,2.0095,2.3722,4.1054,2.5738,2.2204,4.945,0.49247,2.4746,3.0583
0.2122,783.68,0.0050309,666.48,1004.7,718.88,777.57,830.14,819.52,862.97,785.68,755.38,788.99,1115.2,596.8,764.19,935.97,998.33,733.94,802.89,611.66,574.24,880.25,771.43,643.22,834.45,630.18,736.78,769.73,1019.0,487.69,910.88,692.62,718.97,527.27,961.79,837.65,999.4,855.98,699.35,883.75,989.0,820.74,612.53,997.32,576.97,817.66,768.06,860.08,870.2,921.86,781.49,798.46,762.06,991.97,875.46,938.23,714.58,876.22,802.2,699.01,1047.0,947.75,894.06,1016.7,559.42,728.65,690.85,817.11,695.47,853.59,803.9,804.08,683.35,830.2,820.98,657.6,735.69,755.92,789.54,883.43,880.52,771.96,836.78,840.67,648.74,866.12,534.89,895.96,711.66,816.27,732.42,848.37,890.74,696.36,658.13,769.67,662.19,718.3,1006.3,659.52,701.51,941.01,935.02,1047.9,876.85,870.54,857.74,1102.4,846.42,663.7,747.27,902.83,684.28,856.87,882.08,511.61,925.14,775.36,924.05,853.04,809.23,640.18,850.2,885.61,667.27,704.76,705.74,1030.6,610.86,813.71,925.97,925.16,787.67,989.79,747.49,692.52,933.69,793.25,778.18,869.52,853.44,801.05,703.79,790.28,967.19,693.32,691.33,949.47,667.96,767.07,907.79,633.3,724.94,1138.8,744.56,485.6,812.16,923.02,927.46,766.67,1001.1,675.4,704.46,520.43,629.92,668.97,820.31,600.9,861.22,882.97,601.85,723.02,769.68,869.66,647.32,791.8,734.07,714.07,670.65,687.96,994.26,767.11,904.24,1050.8,740.92,939.04,740.04,1016.6,815.82,705.38,933.29,1090.7,814.11,897.85,827.49,863.95,887.87,799.25,830.07,741.64,774.1,743.5,807.3,751.93,819.57,785.62,980.29,810.53,720.29,847.25,929.83,784.14,644.68,610.04,766.59,1021.7,793.67,733.25,897.6,740.46,839.76,821.57,799.78,770.86,888.45,885.81,629.69,930.58,665.29,856.43,754.65,798.44,623.57,890.58,902.65,554.96,854.78,764.26,506.14,854.88,612.74,778.13,811.49,601.07,767.56,800.71,592.44,875.95,920.0,799.54,606.75,874.12,704.41,799.21,790.01,586.46,863.73,1019.2,719.87,609.31,682.16,957.63,826.87,747.47,884.81,483.77,524.69,672.5,868.96,766.54,717.02,858.4,858.96,724.34,639.49,596.99,918.72,641.28,870.31,755.77,0.0052783,0.0063421,0.0049795,0.0048417,0.0053541,0.0051247,0.0054303,0.0053996,0.0051973,0.0053633,0.006571,0.0042621,0.0050773,0.0058203,0.0064467,0.0047518,0.0052095,0.0043733,0.0037887,0.0059872,0.0052124,0.0046958,0.0057504,0.0044453,0.0050528,0.0049098,0.0062097,0.0039443,0.0060404,0.0043594,0.0046317,0.0036164,0.0057607,0.0051909,0.0061801,0.0053503,0.0048096,0.0057079,0.0057888,0.0048388,0.0036029,0.0062601,0.0041947,0.0050522,0.0049621,0.0052119,0.0050092,0.0054396,0.0049725,0.0040866,0.0049417,0.0061789,0.004804,0.0056718,0.0048207,0.0051454,0.005329,0.0049842,0.0064314,0.0063353,0.0054533,0.0063632,0.004544,0.0053609,0.0046899,0.005554,0.0048979,0.0056341,0.0049668,0.005574,0.004604,0.0048802,0.0052672,0.0046396,0.004944,0.0046192,0.0049084,0.0057374,0.0057986,0.0051347,0.0056326,0.0053301,0.0039937,0.0045998,0.0040532,0.0053514,0.004788,0.0050153,0.0046237,0.0052994,0.0053866,0.0047347,0.0044738,0.0047498,0.0044323,0.0044674,0.0063124,0.0043112,0.0045205,0.0057072,0.0056133,0.0063948,0.0052888,0.00568,0.0055154,0.0061521,0.0053376,0.0047052,0.0044129,0.0057844,0.0048336,0.0056045,0.005472,0.0039925,0.005719,0.0049597,0.0055795,0.005282,0.0053586,0.004706,0.0056262,0.0054856,0.0047782,0.0046842,0.0048929,0.0064734,0.0043486,0.0053344,0.0058593,0.0058749,0.0052217,0.0058823,0.004705,0.0045127,0.0060285,0.0055081,0.0049135,0.0053523,0.0054964,0.0049034,0.0046089,0.0043123,0.0058261,0.0048335,0.0049235,0.0051546,0.0044414,0.0052852,0.0054959,0.0040216,0.0049265,0.0069474,0.0048529,0.0036552,0.0051514,0.005447,0.0058199,0.0053534,0.0060143,0.0042248,0.0044713,0.0037159,0.0044466,0.0046498,0.0049045,0.0042527,0.0053869,0.0054176,0.0041773,0.0046384,0.0042497,0.0054221,0.004624,0.0049618,0.0045907,0.0049703,0.0045129,0.0045032,0.0054346,0.0046579,0.0054461,0.0058601,0.0048724,0.0059918,0.0052428,0.0059493,0.0049802,0.0046336,0.0053977,0.0057861,0.0053389,0.0054782,0.0053391,0.0063925,0.0052842,0.0052314,0.0038089,0.0051993,0.0050028,0.0049711,0.005092,0.004877,0.0053221,0.0048078,0.0072911,0.0049976,0.0051198,0.0051742,0.0052989,0.0051582,0.0044988,0.0041877,0.0046656,0.0062386,0.0053997,0.0050125,0.005127,0.0046612,0.0054693,0.0053556,0.0050466,0.004882,0.005375,0.0054816,0.0043016,0.0058378,0.0044303,0.0050889,0.0051618,0.0044956,0.0041682,0.0049632,0.0058422,0.0038498,0.0052799,0.004358,0.0044204,0.0054567,0.004125,0.0050083,0.0051773,0.0043716,0.0046786,0.0048046,0.0037798,0.0053139,0.0057132,0.0055399,0.0041681,0.0056116,0.0044437,0.0052167,0.004581,0.0037524,0.0047488,0.0063279,0.004624,0.0045998,0.0042287,0.0058538,0.0050932,0.0048558,0.0050479,0.0040378,0.0039288,0.0045282,0.0055846,0.0047748,0.0050445,0.0058325,0.0049079,0.0048034,0.0038721,0.0042262,0.0054227,0.004509,0.005344,0.0045393,652860.0,527600.0,4051000.0,2361500.0,1063500.0,5504200.0,2008000.0,2411200.0,2983400.0,2907700.0,715790.0,4946000.0,1272400.0,3886200.0,2497000.0,4962200.0,4006100.0,1313700.0,3439700.0,2457300.0,3280300.0,11623000.0,939160.0,6172800.0,733680.0,8929900.0,1559800.0,1804700.0,799240.0,3153800.0,1663100.0,5695800.0,23134000.0,2470300.0,2681400.0,4250800.0,1211200.0,1483800.0,1623100.0,2037800.0,1036500.0,2054600.0,998900.0,7322600.0,2384900.0,1789300.0,1464100.0,2229500.0,15638000.0,933030.0,7138100.0,3914300.0,695400.0,3830400.0,1057500.0,2604500.0,17325000.0,31464000.0,2325700.0,1698300.0,1501900.0,2783800.0,1015700.0,1887600.0,3336500.0,787200.0,2814400.0,1901400.0,3839200.0,2700300.0,1417200.0,1096800.0,14691000.0,5032200.0,1313700.0,3541200.0,1639800.0,944740.0,2521800.0,3636500.0,1267500.0,875270.0,2074100.0,856130.0,1823800.0,2791600.0,4851100.0,4107200.0,2293000.0,5593500.0,1274600.0,9165300.0,4558400.0,997350.0,1628100.0,875890.0,1738300.0,3439800.0,9756100.0,1694900.0,16185000.0,1389000.0,9707100.0,1601000.0,3111800.0,1248900.0,1595600.0,12279000.0,5012700.0,2131600.0,3788800.0,2346100.0,1178000.0,645020.0,3343500.0,11411000.0,2365500.0,1449300.0,738260.0,1883600.0,722040.0,1169800.0,2174300.0,8636100.0,4069700.0,2575300.0,3026200.0,2316200.0,1468700.0,757990.0,10124000.0,2341800.0,3477500.0,2031800.0,1344300.0,1016600.0,1973900.0,1030900.0,2818800.0,3841500.0,1137500.0,1448700.0,2060900.0,1490700.0,2159300.0,2379200.0,867820.0,6776700.0,1483200.0,9209400.0,6039000.0,796610.0,10241000.0,798180.0,1257100.0,18495000.0,669880.0,11896000.0,704520.0,5463300.0,3620500.0,3728500.0,2594300.0,5128500.0,4299400.0,4138300.0,945220.0,4052400.0,1605800.0,6226400.0,1476500.0,7458600.0,1058700.0,729360.0,3925100.0,2935000.0,1917500.0,8220700.0,2222600.0,929290.0,1207100.0,3637800.0,3493100.0,1909700.0,1445200.0,720570.0,6685600.0,5169700.0,2290100.0,619540.0,17391000.0,3256600.0,5152600.0,1119800.0,17904000.0,5318100.0,1077700.0,8409500.0,1326800.0,1407500.0,3909300.0,5195800.0,785010.0,1609000.0,953500.0,1742800.0,1536400.0,1428600.0,7692300.0,2295200.0,1389900.0,12034000.0,2729100.0,1213300.0,1238200.0,3194500.0,932670.0,4580100.0,1110300.0,1813100.0,7912700.0,4355400.0,685140.0,1393400.0,9817300.0,5161200.0,4960900.0,15079000.0,2942700.0,1891900.0,2294600.0,2933500.0,3129200.0,1844900.0,1714400.0,2219900.0,1469200.0,7074000.0,638180.0,3583000.0,8148600.0,8705300.0,1826300.0,5270900.0,3949100.0,4910800.0,847070.0,1117100.0,5283500.0,1523800.0,6462500.0,3415400.0,6961300.0,1931200.0,1605900.0,1559300.0,1065700.0,1101400.0,2250300.0,1018100.0,5082200.0,3404400.0,3048000.0,2817500.0,2386500.0,1906100.0,15335000.0,13457000.0,3518500.0,3147900.0,1932600.0,4368700.0,3283600.0,640970.0,2021700.0,760960.0,3461100.0,1947300.0,1.5334,1.8073,4.1383,1.3396,2.2418,4.255,1.1811,1.9402,4.273,2.5532,2.6959,4.341,0.78632,2.0318,4.2847,1.5659,2.5153,3.9205,3.0064,2.8545,5.8824,1.2773,1.9454,4.2691,1.6101,1.7207,4.2291,1.3244,2.2376,4.2839,0.75402,2.0324,4.1933,2.9933,2.8687,4.5905,5.7283,2.7785,1.5021,1.2554,2.7057,3.6466,0.87332,2.1715,3.0218,2.5058,2.0981,4.4535,1.482,1.7092,3.8877,0.69684,2.655,3.8571,1.9815,1.7825,3.4508,1.1157,2.3743,3.2077,0.24196,2.3131,3.5346,1.6956,1.6287,3.3952,1.9752,2.7097,4.2906,1.7494,1.6414,3.3891,1.5646,1.6507,3.9506,0.34032,2.1576,3.189,2.1106,2.428,4.4474,1.5695,1.6886,3.251,0.80293,1.9448,2.7705,3.0554,2.8327,5.8961,1.9444,1.7526,3.4465,0.97293,2.6912,2.8738,1.709,2.5666,3.9402,0.64633,1.8933,2.734,1.0457,2.4255,3.1112,1.8851,1.955,4.4673,1.7059,1.6531,3.902,0.58152,2.1686,3.9132,1.3906,2.4995,3.9016,1.0786,2.1541,3.2415,2.6341,2.3366,4.3045,2.1181,2.2158,4.6973,1.4718,1.6585,3.9266,1.8783,1.9982,4.4692,1.5126,2.1794,3.2399,0.81696,2.2127,3.0996,2.4185,2.4289,4.3549,2.0076,2.529,4.8754,2.0412,2.6043,4.8746,2.6306,2.3307,4.2886,1.3882,2.5169,3.9238,1.7593,2.2917,4.355,2.4476,3.0048,4.3453,0.60184,2.3928,2.6156,1.5285,1.9983,4.6008,1.9863,3.0373,3.8876,0.34222,2.3727,3.3618,1.6411,1.6213,4.0878,0.78332,2.1458,3.0742,2.2348,2.3061,4.6847,0.64911,2.4541,3.0779,0.96645,2.2249,3.2175,0.069404,2.903,1.8185,2.0017,2.1283,4.6005,2.6079,2.3611,4.2368,2.4488,2.2988,5.1158,1.9649,2.6994,4.2304,1.2231,1.851,4.0021,4.6481,2.8694,0.58453,0.89621,2.1765,3.0215,1.4005,2.099,4.2835,1.1486,2.204,3.5379,2.1124,2.6908,4.3846,1.6468,1.5926,4.1467,1.1541,2.5168,3.0977,0.70402,2.4611,3.7559,2.1697,1.8539,3.6884,1.5122,2.5009,3.4819,1.5354,2.6009,3.5798,1.5722,1.6402,4.2879,2.001,2.718,4.4942,2.0977,2.7129,4.612,3.2418,2.8098,6.0548,1.7174,1.6254,4.1961,1.8011,1.9415,3.3976,2.3969,2.938,5.227,1.1373,2.5472,3.0898,2.597,2.4131,4.99,1.0006,2.6728,4.1412,1.5106,2.4815,3.523,1.0925,1.9171,4.1073,1.671,1.6132,4.0786,1.749,1.9335,3.4194,6.1345,2.9139,2.9675,2.9282,2.2491,4.6128,1.4384,1.9505,4.3121,1.2591,2.6023,3.3888,1.3972,2.4522,3.3867,1.7736,1.9243,3.6736,1.9162,2.4351,4.0469,1.0945,2.3449,3.2202,2.5221,1.9657,5.2424,1.1566,2.6289,3.3053,1.3911,2.4891,3.375,0.010922,3.0299,3.0731,0.68002,1.8692,2.8184,1.7182,2.0076,4.5168,1.5356,1.8392,4.1871,5.3135,2.8557,1.6921,0.82402,2.1794,2.8702,0.9141,2.6886,4.0912,2.3538,2.5015,3.6817,2.645,2.328,4.9496,2.9044,2.6252,4.5458,2.0489,2.4144,4.5422,2.3615,2.1538,4.1886,0.7758,2.1295,3.3379,0.51052,2.4356,3.0278,0.55926,2.1826,3.8775,2.5116,2.4611,4.5518,0.84047,2.3889,2.9641,1.3252,1.5692,4.349,1.6476,1.9728,3.4879,0.19959,2.6704,2.1193,3.5046,2.9489,0.26357,0.88035,2.3243,3.0094,1.6389,1.6569,4.1248,1.5313,1.7881,3.2145,0.77692,2.3962,2.8682,2.2297,2.3113,4.9491,1.189,2.557,3.1609,1.1962,2.1659,3.5857,0.42535,2.055,3.2862,1.7304,1.9451,3.4357,2.4804,2.1014,4.1209,2.1703,2.1523,4.9813,1.3668,1.7433,3.8325,0.76918,2.005,2.7775,2.1638,2.1588,5.0041,2.2303,2.2389,4.5082,1.5602,2.3994,3.9898,4.1683,2.9421,0.060414,1.8897,2.437,4.0023,0.73351,1.9777,4.1424,1.2058,2.6427,4.2475,3.4415,2.824,6.0868,1.628,1.5926,3.2705,0.25079,2.364,3.4022,4.9719,2.9761,0.788,0.5091,2.8058,3.2845,1.2244,2.5291,3.0302,2.212,2.12,4.9472,1.5763,2.0797,4.4096,1.5905,1.628,3.3698,1.4833,2.9211,3.3047,0.64669,2.3737,2.8489,0.87385,2.405,3.0033,0.21706,2.6501,3.341,1.7495,2.3907,4.2351,0.59482,2.4023,2.7943,1.0632,2.2838,3.6174,1.359,1.7763,4.3048,0.26727,2.3513,3.4251,1.5831,1.5955,3.2803,0.66957,2.3549,2.8355,2.9876,2.8633,5.9802,1.8546,2.5506,3.9771,2.0615,2.2342,4.628,2.3786,2.6968,5.1399,1.7794,1.9531,3.8395,1.3819,1.7854,3.7435,2.2638,2.1348,4.9946,1.4588,2.5925,3.9922,0.61235,3.0285,2.3636,4.5723,2.9394,0.30074,1.2232,2.7744,4.2539,1.8589,1.9571,3.8973,1.1858,2.659,2.8235,0.32048,2.7937,2.9663,1.0382,2.9099,4.2033,0.53572,2.4703,2.6117,0.73619,2.0227,2.8769,0.58732,2.461,3.4133,1.7125,2.2023,4.3273,1.2025,2.7821,4.3489,0.62304,2.0129,3.0236,2.0163,1.8362,3.7596,1.286,1.867,3.696,2.3089,2.6237,4.8052,1.4534,1.567,4.2081,1.3296,2.1368,3.2097,0.6946,2.0529,3.0191,0.64585,2.3221,2.6466,1.741,2.3591,4.1824,2.3041,2.6286,4.8927,0.58333,2.0352,2.9998,1.6099,1.7158,3.3275,0.84669,2.9999,2.6481,0.59019,2.5066,2.6126,3.1335,2.7345,6.0998,6.1228,2.8769,2.5518,4.3175,2.9264,6.2537,2.4335,2.3106,3.7319,1.4162,3.0771,4.3511,1.2908,2.4204,3.5129,0.026572,3.1078,2.9452,2.4001,2.1836,3.7469,1.2644,1.8495,3.7065,2.3933,2.3243,4.6045,2.5865,2.6799,4.1521,1.2403,2.7188,4.3761,1.8029,1.9424,3.8406,1.2527,2.7639,3.7702,2.3684,2.3636,4.9843,1.4298,2.6217,3.3419,2.1299,2.2511,4.09,0.78764,1.98,3.3913,2.4699,2.3516,3.7769,2.3968,2.3612,3.7117,2.2822,1.9713,5.0082,2.6279,2.2818,4.8271,2.4194,2.2255,3.7747,1.4654,1.5984,3.8943,2.4066,2.6144,4.9135,1.8215,1.9458,3.8623,0.76302,2.1362,4.1288,1.651,1.8357,4.3078,2.3486,2.5898,4.9356,1.4202,2.3972,3.2773,5.764,2.8453,2.1016,1.7936,1.7522,3.5441,1.9508,2.9427,4.231,2.07,1.9796,4.79,1.1909,2.6112,4.3258,1.9956,2.1504,4.9008,1.5945,1.7884,3.9552,1.6484,1.9727,3.3562,1.1905,2.7364,3.7498,0.94665,2.8604,3.8102,1.5105,2.4909,3.9502,1.2405,2.7284,3.7269,1.7428,1.7845,4.081,0.83159,2.4274,2.7842,1.9073,2.1232,4.3823,0.018683,2.7747,2.8484,1.0665,1.9831,4.3126,0.96347,2.2377,3.0981,1.5953,2.3947,4.5495,0.94406,2.0807,2.835,0.68849,2.0161,2.6975,1.5993,1.7764,3.9578,0.90412,2.4093,2.8648,1.3669,1.5893,3.8527,2.791,2.6311,4.6072,1.1379,2.2056,3.6312,1.2525,2.7609,3.7627,1.9778,2.091,4.4581,1.0108,2.0196,4.2608,1.843,1.656,3.4444,1.6461,2.5278,3.9929,2.1758,2.5057,4.9168,2.1805,2.3955,3.6094,1.1398,3.0048,3.3702,1.4682,1.4565,4.2563,0.58522,3.0354,3.6461,1.6015,1.7245,4.2281,0.728,2.0224,2.7208,0.65979,2.1853,4.0316,2.6856,2.6279,4.5221,2.12,2.107,3.4259,1.3497,2.8131,3.5149,1.1928,2.3449,3.6455,2.5468,2.0556,4.4354,1.4814,1.6894,4.4387,1.4703,2.5563,3.5539,2.0072,2.3755,4.1072,2.5706,2.2159,4.9453,0.49343,2.4739,3.0609
0.22418,805.21,0.0051676,683.49,1036.9,743.08,797.19,854.16,841.89,884.36,805.98,775.27,809.32,1152.6,609.81,781.41,964.2,1037.5,752.83,824.62,629.44,586.19,911.56,792.93,661.15,855.91,646.19,757.61,790.13,1054.8,499.76,937.91,710.47,735.97,535.8,989.35,863.69,1029.8,879.17,716.97,914.89,1019.6,840.82,629.7,1023.2,590.5,840.74,792.81,884.64,896.94,947.42,802.73,817.82,785.43,1024.3,900.53,968.8,733.42,901.07,821.48,718.04,1078.9,979.01,926.48,1052.8,570.33,746.97,711.56,833.01,713.72,872.32,828.88,827.69,697.93,855.63,846.0,676.27,757.18,770.89,815.86,911.28,908.07,786.93,860.77,860.56,663.37,893.09,548.55,916.08,730.51,838.11,753.96,874.26,908.38,713.32,674.64,792.58,680.13,736.43,1034.2,679.68,721.23,972.16,963.64,1080.1,897.88,899.81,878.25,1139.8,871.46,681.51,767.98,928.19,703.45,882.32,903.88,524.36,952.92,796.22,951.44,877.8,832.2,661.4,874.44,906.51,689.33,726.37,723.0,1067.2,629.56,831.68,955.71,958.61,809.78,1022.5,767.02,711.37,959.32,812.93,798.61,895.26,874.2,824.72,725.33,813.54,1001.2,714.34,711.3,972.66,690.65,789.62,933.0,650.8,746.25,1174.8,763.52,496.2,829.7,951.91,956.14,784.06,1031.7,689.05,725.9,533.32,642.26,686.1,843.23,618.48,886.46,905.43,617.72,741.76,787.67,893.39,660.55,810.27,753.94,731.71,685.89,703.7,1018.6,786.38,930.29,1085.0,760.25,967.63,758.89,1046.8,840.07,724.21,960.07,1120.8,837.01,924.34,846.82,897.17,914.12,822.41,845.2,760.38,792.89,767.55,833.11,771.82,845.3,807.08,1014.9,833.37,740.74,866.75,958.22,805.89,655.8,626.2,786.82,1053.7,822.62,755.23,915.6,761.76,865.66,842.97,822.28,790.29,908.51,908.11,645.98,954.9,682.67,881.29,773.82,814.07,638.18,916.78,926.2,568.1,878.74,782.46,515.58,874.83,626.4,796.79,834.31,616.05,787.78,822.36,606.13,902.08,942.05,824.64,621.87,895.97,720.25,821.68,809.73,603.03,888.23,1045.1,740.94,616.05,697.56,983.0,848.38,769.69,910.96,494.92,535.87,688.85,890.46,789.16,737.85,883.59,872.36,743.76,651.34,608.38,949.6,654.81,894.32,771.87,0.0054229,0.0065467,0.0051287,0.004978,0.0055008,0.0052636,0.005583,0.0055527,0.0053543,0.0055123,0.0067894,0.0043556,0.005206,0.0060093,0.0066775,0.0048733,0.0053345,0.0044986,0.0038674,0.0061825,0.005362,0.00483,0.005909,0.0045625,0.0052013,0.0050504,0.0064227,0.0040471,0.0062147,0.0044792,0.0047492,0.0036757,0.0059304,0.0053493,0.0063665,0.0055058,0.0049185,0.0058876,0.0059662,0.0049562,0.0036909,0.0064337,0.0043013,0.005194,0.005118,0.0053644,0.0051645,0.0055897,0.005104,0.0041773,0.0050765,0.0063693,0.0049355,0.0058468,0.0049423,0.0052938,0.0054382,0.0051185,0.0066338,0.0065263,0.0056296,0.0065588,0.0046354,0.0054883,0.0048206,0.0056722,0.0050255,0.0057742,0.0051078,0.0057313,0.0047066,0.0050238,0.0054173,0.004759,0.0050755,0.0047209,0.0050617,0.0059141,0.0059708,0.0052365,0.0057958,0.0054702,0.0040904,0.0046871,0.0041509,0.0054451,0.0049133,0.0051451,0.0047627,0.0054642,0.0055022,0.0048514,0.0045905,0.0048806,0.0045582,0.0045938,0.0064914,0.0044351,0.0046542,0.0059019,0.0057818,0.0065916,0.0054138,0.0058563,0.0056296,0.0063683,0.0055005,0.0048329,0.0045412,0.005926,0.0049685,0.0057577,0.0056111,0.0040755,0.0058863,0.0051012,0.0057435,0.0054377,0.0054991,0.0048454,0.0057753,0.0056328,0.0049284,0.0048326,0.005018,0.0066879,0.0044795,0.0054409,0.0060345,0.0060738,0.0053701,0.0060838,0.0048441,0.004642,0.0062237,0.0056481,0.0050457,0.0055082,0.0056274,0.0050459,0.0047434,0.0044396,0.0060261,0.0049757,0.0050593,0.0052973,0.0045781,0.0054454,0.0056628,0.0041408,0.0050688,0.0071546,0.0049803,0.0037299,0.0053015,0.005617,0.0059939,0.0054715,0.0062017,0.0043108,0.0046028,0.0038115,0.004547,0.0047779,0.0050439,0.004381,0.0055436,0.0055533,0.0042929,0.0047704,0.0043642,0.0055705,0.0047225,0.0050875,0.0047123,0.0051031,0.0046169,0.0046073,0.005577,0.0047761,0.0055973,0.0060647,0.0049969,0.0061724,0.0053837,0.006135,0.0051255,0.0047631,0.0055476,0.0059645,0.0054875,0.00564,0.0054587,0.0065898,0.0054413,0.0053743,0.0037239,0.0053349,0.0051198,0.0051179,0.0052585,0.0050101,0.0054815,0.004943,0.0075123,0.0051233,0.0052524,0.0053089,0.0054493,0.0052988,0.004585,0.0042986,0.0047821,0.006429,0.0055739,0.0051587,0.0052398,0.0047882,0.0056255,0.0054977,0.005184,0.0050052,0.0055126,0.00562,0.0044132,0.0059811,0.004549,0.0052365,0.0052902,0.0045928,0.004257,0.005108,0.0059999,0.0039348,0.0054233,0.0044408,0.0045145,0.0055964,0.004222,0.0051268,0.0053188,0.0044872,0.0047978,0.0049266,0.0038588,0.0054673,0.0058512,0.0057047,0.0042631,0.0057572,0.004546,0.0053581,0.0046442,0.0038529,0.0048917,0.0065062,0.0047542,0.0046637,0.0043228,0.0060017,0.0052214,0.0049895,0.005207,0.0041429,0.004012,0.0046506,0.0057261,0.0049125,0.0051952,0.0059972,0.0049928,0.004927,0.0039541,0.0043345,0.0056067,0.0046074,0.0054869,0.0046432,652860.0,527600.0,4051000.0,2361500.0,1063500.0,5504200.0,2008000.0,2411200.0,2983400.0,2907700.0,715790.0,4946000.0,1272400.0,3886200.0,2497000.0,4962200.0,4006100.0,1313700.0,3439700.0,2457300.0,3280300.0,11623000.0,939160.0,6172800.0,733680.0,8929900.0,1559800.0,1804700.0,799240.0,3153800.0,1663100.0,5695800.0,23134000.0,2470300.0,2681400.0,4250800.0,1211200.0,1483800.0,1623100.0,2037800.0,1036500.0,2054600.0,998900.0,7322600.0,2384900.0,1789300.0,1464100.0,2229500.0,15638000.0,933030.0,7138100.0,3914300.0,695400.0,3830400.0,1057500.0,2604500.0,17325000.0,31464000.0,2325700.0,1698300.0,1501900.0,2783800.0,1015700.0,1887600.0,3336500.0,787200.0,2814400.0,1901400.0,3839200.0,2700300.0,1417200.0,1096800.0,14691000.0,5032200.0,1313700.0,3541200.0,1639800.0,944740.0,2521800.0,3636500.0,1267500.0,875270.0,2074100.0,856130.0,1823800.0,2791600.0,4851100.0,4107200.0,2293000.0,5593500.0,1274600.0,9165300.0,4558400.0,997350.0,1628100.0,875890.0,1738300.0,3439800.0,9756100.0,1694900.0,16185000.0,1389000.0,9707100.0,1601000.0,3111800.0,1248900.0,1595600.0,12279000.0,5012700.0,2131600.0,3788800.0,2346100.0,1178000.0,645020.0,3343500.0,11411000.0,2365500.0,1449300.0,738260.0,1883600.0,722040.0,1169800.0,2174300.0,8636100.0,4069700.0,2575300.0,3026200.0,2316200.0,1468700.0,757990.0,10124000.0,2341800.0,3477500.0,2031800.0,1344300.0,1016600.0,1973900.0,1030900.0,2818800.0,3841500.0,1137500.0,1448700.0,2060900.0,1490700.0,2159300.0,2379200.0,867820.0,6776700.0,1483200.0,9209400.0,6039000.0,796610.0,10241000.0,798180.0,1257100.0,18495000.0,669880.0,11896000.0,704520.0,5463300.0,3620500.0,3728500.0,2594300.0,5128500.0,4299400.0,4138300.0,945220.0,4052400.0,1605800.0,6226400.0,1476500.0,7458600.0,1058700.0,729360.0,3925100.0,2935000.0,1917500.0,8220700.0,2222600.0,929290.0,1207100.0,3637800.0,3493100.0,1909700.0,1445200.0,720570.0,6685600.0,5169700.0,2290100.0,619540.0,17391000.0,3256600.0,5152600.0,1119800.0,17904000.0,5318100.0,1077700.0,8409500.0,1326800.0,1407500.0,3909300.0,5195800.0,785010.0,1609000.0,953500.0,1742800.0,1536400.0,1428600.0,7692300.0,2295200.0,1389900.0,12034000.0,2729100.0,1213300.0,1238200.0,3194500.0,932670.0,4580100.0,1110300.0,1813100.0,7912700.0,4355400.0,685140.0,1393400.0,9817300.0,5161200.0,4960900.0,15079000.0,2942700.0,1891900.0,2294600.0,2933500.0,3129200.0,1844900.0,1714400.0,2219900.0,1469200.0,7074000.0,638180.0,3583000.0,8148600.0,8705300.0,1826300.0,5270900.0,3949100.0,4910800.0,847070.0,1117100.0,5283500.0,1523800.0,6462500.0,3415400.0,6961300.0,1931200.0,1605900.0,1559300.0,1065700.0,1101400.0,2250300.0,1018100.0,5082200.0,3404400.0,3048000.0,2817500.0,2386500.0,1906100.0,15335000.0,13457000.0,3518500.0,3147900.0,1932600.0,4368700.0,3283600.0,640970.0,2021700.0,760960.0,3461100.0,1947300.0,1.5347,1.805,4.1369,1.3456,2.2439,4.257,1.1779,1.9382,4.2747,2.5579,2.6983,4.3436,0.78322,2.0315,4.2868,1.5669,2.5165,3.9212,3.0039,2.8554,5.8838,1.2808,1.9419,4.2712,1.6031,1.7198,4.228,1.3266,2.2377,4.287,0.74875,2.0307,4.1939,2.9994,2.8702,4.596,5.7288,2.7785,1.5033,1.2559,2.6984,3.6477,0.86996,2.1734,3.0215,2.5071,2.1015,4.4547,1.4816,1.7099,3.8867,0.6995,2.6606,3.8561,1.9808,1.7836,3.4496,1.1159,2.3711,3.2143,0.23909,2.3146,3.5317,1.691,1.6266,3.3958,1.97,2.7039,4.2857,1.7469,1.6403,3.3892,1.5679,1.6497,3.9524,0.33773,2.159,3.1882,2.1149,2.431,4.4505,1.574,1.6893,3.2537,0.80239,1.9483,2.7704,3.0588,2.8323,5.9016,1.9416,1.7517,3.4452,0.97207,2.6903,2.873,1.7044,2.566,3.9375,0.64738,1.8943,2.7308,1.0436,2.4248,3.1131,1.8842,1.9575,4.4657,1.7067,1.6516,3.9026,0.58573,2.1655,3.9231,1.4012,2.5024,3.9089,1.0809,2.1585,3.2402,2.6402,2.3389,4.3059,2.1216,2.2188,4.6987,1.4719,1.6572,3.9273,1.878,2.003,4.4677,1.5162,2.1803,3.2379,0.81565,2.2189,3.0938,2.4188,2.4328,4.3567,2.0113,2.5253,4.8743,2.0466,2.6038,4.8742,2.6375,2.3336,4.2895,1.3933,2.5177,3.923,1.7639,2.2948,4.3582,2.4596,3.0018,4.3545,0.60732,2.3881,2.6237,1.5299,1.9951,4.6009,1.9805,3.0357,3.8785,0.3403,2.3725,3.358,1.64,1.6208,4.088,0.78835,2.1516,3.0736,2.2354,2.3076,4.6864,0.64979,2.4473,3.0804,0.96293,2.2308,3.2142,0.067259,2.9036,1.811,2.0035,2.1352,4.6022,2.6103,2.3639,4.2343,2.4387,2.2972,5.1127,1.9576,2.6932,4.2216,1.2301,1.8505,4.0052,4.6454,2.8604,0.58632,0.89574,2.1785,3.0198,1.4066,2.0993,4.2849,1.153,2.2099,3.5404,2.1029,2.6864,4.3751,1.6447,1.5919,4.1462,1.1547,2.5151,3.1002,0.70126,2.4637,3.7556,2.1766,1.8504,3.6872,1.5076,2.5043,3.4822,1.527,2.6036,3.5778,1.5673,1.6383,4.2895,1.995,2.7127,4.4896,2.0953,2.7079,4.6128,3.2357,2.8107,6.0527,1.7191,1.6262,4.1976,1.8076,1.9384,3.3949,2.4108,2.9361,5.2428,1.1356,2.5473,3.09,2.5946,2.4108,4.9899,1.0002,2.6772,4.1452,1.5048,2.4835,3.5257,1.0866,1.9224,4.109,1.6718,1.6128,4.0781,1.7522,1.9303,3.4181,6.1206,2.9122,2.9566,2.9304,2.2463,4.6163,1.4451,1.9489,4.3183,1.2584,2.5989,3.3921,1.3938,2.4526,3.3888,1.7706,1.9205,3.671,1.9142,2.4409,4.051,1.0945,2.3479,3.2225,2.5218,1.9598,5.2475,1.1521,2.6253,3.3054,1.3871,2.4912,3.3766,6.2763,3.0344,3.0556,0.67874,1.8736,2.8134,1.7192,2.005,4.523,1.5377,1.8372,4.1906,5.3032,2.8521,1.6843,0.82504,2.183,2.875,0.9092,2.6936,4.0931,2.362,2.4972,3.6843,2.6492,2.3212,4.9488,2.9094,2.6209,4.5475,2.0472,2.4105,4.5455,2.3618,2.1573,4.1895,0.77685,2.1386,3.3373,0.52106,2.4334,3.0353,0.55904,2.1845,3.8857,2.5181,2.4579,4.5581,0.84282,2.3869,2.9682,1.3298,1.5684,4.3521,1.645,1.9705,3.4909,0.20838,2.6695,2.1218,3.5169,2.9482,0.27869,0.88415,2.3189,3.0159,1.6381,1.6579,4.1277,1.5327,1.7866,3.2166,0.77658,2.3939,2.8681,2.2332,2.3087,4.9495,1.1919,2.5577,3.166,1.2034,2.1772,3.5904,0.41825,2.0605,3.2885,1.7318,1.9417,3.4355,2.4865,2.1031,4.1153,2.1712,2.1517,4.9817,1.3711,1.7429,3.8346,0.77183,2.0077,2.7793,2.1647,2.1593,5.0067,2.2252,2.242,4.5112,1.5605,2.4046,3.9921,4.1627,2.9372,0.05194,1.8846,2.4422,4.0017,0.7286,1.9784,4.1444,1.2082,2.6471,4.25,3.4351,2.8223,6.0865,1.6323,1.5922,3.27,0.24649,2.3674,3.4006,4.962,2.9755,0.77288,0.5073,2.807,3.2881,1.2227,2.5305,3.0336,2.214,2.1187,4.9458,1.5817,2.0782,4.4136,1.5923,1.628,3.3745,1.4915,2.9228,3.3036,0.65505,2.37,2.855,0.87209,2.4012,3.0042,0.21679,2.6519,3.3409,1.7598,2.3979,4.241,0.60246,2.4003,2.7983,1.0642,2.2898,3.6148,1.3586,1.7744,4.3054,0.26486,2.3536,3.4264,1.5857,1.5948,3.2802,0.67965,2.3501,2.8406,2.9855,2.863,5.9824,1.8451,2.5474,3.9735,2.0655,2.2367,4.6299,2.3645,2.6923,5.1315,1.7729,1.9521,3.8357,1.3866,1.7821,3.7464,2.2681,2.134,4.9949,1.4603,2.589,3.9899,0.60013,3.0263,2.3469,4.5693,2.9369,0.29868,1.2217,2.78,4.2494,1.8559,1.9582,3.898,1.1819,2.6611,2.8206,0.31795,2.7938,2.9675,1.0426,2.9112,4.2063,0.53508,2.4667,2.6144,0.73868,2.028,2.8718,0.5898,2.4639,3.4131,1.7217,2.2042,4.3323,1.199,2.7871,4.3486,0.62361,2.0163,3.0169,2.0187,1.8336,3.7565,1.2926,1.8686,3.6992,2.2995,2.6179,4.7947,1.4601,1.5682,4.209,1.3267,2.1358,3.2115,0.6982,2.0586,3.0146,0.65094,2.3168,2.6482,1.7461,2.363,4.1851,2.2972,2.6234,4.8883,0.58128,2.0389,2.9937,1.6113,1.7158,3.3273,0.85703,2.9983,2.6533,0.59066,2.507,2.6134,3.1429,2.7329,6.1105,6.1234,2.878,2.5575,4.3044,2.9224,6.2368,2.4383,2.3041,3.7303,1.435,3.0768,4.3783,1.285,2.426,3.5122,6.2557,3.1087,2.8991,2.4007,2.1802,3.7436,1.2657,1.8494,3.7096,2.3908,2.3241,4.6069,2.586,2.6837,4.1591,1.2386,2.7205,4.3777,1.798,1.9408,3.8369,1.2595,2.7613,3.7763,2.3647,2.3581,4.9797,1.4203,2.6195,3.3442,2.1265,2.2557,4.0895,0.78396,1.9831,3.3921,2.4736,2.3473,3.7778,2.3984,2.3581,3.7098,2.2872,1.9753,5.0143,2.6248,2.2814,4.8287,2.4225,2.2244,3.7723,1.4692,1.5989,3.8971,2.4039,2.6086,4.9102,1.8177,1.9451,3.86,0.76232,2.1358,4.1359,1.6522,1.8364,4.3105,2.3445,2.5829,4.9343,1.4176,2.398,3.2782,5.7542,2.8423,2.0958,1.7901,1.7504,3.547,1.9446,2.9368,4.2227,2.0727,1.9819,4.7908,1.197,2.6137,4.3292,2.0036,2.151,4.9031,1.5927,1.7876,3.9544,1.6508,1.9701,3.3537,1.1978,2.7346,3.7575,0.94629,2.8618,3.8089,1.5163,2.4936,3.956,1.2459,2.724,3.729,1.7382,1.7831,4.0801,0.82868,2.4258,2.7854,1.9079,2.1266,4.3834,0.01547,2.7737,2.8492,1.0654,1.9849,4.3154,0.9645,2.234,3.1002,1.5942,2.3948,4.5475,0.94133,2.0804,2.8349,0.68669,2.0167,2.6959,1.5988,1.7745,3.9574,0.9029,2.4068,2.8693,1.3661,1.5887,3.8533,2.7943,2.6332,4.6065,1.1411,2.2095,3.6312,1.2589,2.7596,3.7709,1.9789,2.098,4.4578,1.008,2.0226,4.2617,1.8417,1.6564,3.4445,1.6453,2.5296,3.9928,2.1793,2.5028,4.9166,2.1823,2.3956,3.6048,1.1404,2.9997,3.3708,1.4684,1.4568,4.2579,0.58488,3.0373,3.649,1.6008,1.7226,4.2283,0.72751,2.0231,2.7202,0.65894,2.1847,4.0359,2.6861,2.6292,4.5214,2.1253,2.1066,3.4252,1.3505,2.8075,3.5162,1.1992,2.3526,3.6465,2.5491,2.0586,4.4335,1.4817,1.6863,4.44,1.4632,2.5535,3.5529,2.0039,2.3802,4.1098,2.5661,2.2096,4.9459,0.49469,2.4729,3.0645
0.23599,826.34,0.0053015,700.5,1069.3,769.18,815.54,877.87,863.9,905.06,826.61,793.87,828.64,1190.3,621.75,797.08,992.53,1078.9,771.35,846.63,647.54,597.13,944.79,814.01,678.99,876.72,661.65,778.74,810.0,1092.2,511.7,964.4,727.53,752.44,542.9,1015.8,889.91,1060.3,902.0,733.96,947.6,1050.1,860.93,647.51,1046.4,603.65,863.85,819.11,908.92,923.71,972.98,824.23,836.38,810.19,1056.3,924.4,1000.1,753.3,925.37,838.06,736.45,1110.4,1010.8,959.83,1092.6,580.28,765.02,734.24,844.28,731.18,891.9,855.25,852.56,711.66,881.67,871.35,695.12,778.73,784.73,843.85,940.84,937.58,799.62,885.42,879.33,676.83,921.03,562.71,933.62,748.85,859.56,775.77,901.45,922.01,729.48,690.81,815.87,697.94,755.41,1061.6,699.98,741.55,1003.0,992.43,1110.5,915.67,929.48,898.28,1178.4,894.95,698.26,788.07,954.16,723.11,906.99,924.22,537.32,981.04,816.58,977.41,903.08,856.8,682.41,898.58,926.18,711.68,747.95,739.52,1104.2,648.21,849.0,985.64,992.84,831.81,1057.2,785.22,730.36,984.39,831.06,818.61,920.76,893.29,848.12,747.59,836.48,1036.6,735.31,731.09,993.47,713.66,811.75,956.31,668.2,767.92,1210.8,781.64,505.76,844.47,980.53,985.31,800.4,1062.2,702.09,747.98,545.93,653.37,702.52,865.7,636.33,911.79,927.07,633.81,760.12,804.16,916.09,672.95,828.41,773.91,748.44,700.31,719.39,1041.1,804.61,955.98,1117.8,779.45,995.73,777.11,1075.4,863.95,741.05,985.65,1148.7,859.63,950.25,867.89,930.04,940.46,844.46,869.76,777.77,811.04,790.06,855.67,791.48,870.89,827.11,1050.0,855.31,761.07,884.05,985.88,826.63,666.53,642.06,806.23,1085.2,852.1,776.62,931.3,783.07,891.98,863.63,843.72,809.15,927.07,929.43,662.19,981.35,699.88,906.06,791.93,828.74,653.04,942.4,948.36,580.74,902.3,799.79,524.14,892.73,639.66,815.64,857.88,630.29,807.84,843.57,618.93,927.84,961.3,849.67,637.12,916.86,735.32,843.69,828.54,619.48,911.72,1069.7,763.22,622.12,712.28,1007.9,870.14,791.97,936.43,505.21,546.31,704.69,910.94,811.91,758.42,908.94,883.29,763.25,661.11,619.21,980.73,668.26,918.66,787.38,0.005566,0.0067538,0.0052875,0.0051104,0.005643,0.0054,0.0057336,0.0057062,0.0055088,0.0056568,0.0070097,0.0044412,0.0053294,0.0062063,0.0069187,0.0049934,0.0054547,0.0046244,0.0039395,0.006386,0.005508,0.0049631,0.0060674,0.0046762,0.0053495,0.0051892,0.0066448,0.0041528,0.0063869,0.0045961,0.0048626,0.0037263,0.0060967,0.0055101,0.0065518,0.0056624,0.0050204,0.0060781,0.0061434,0.0050736,0.0037803,0.0065981,0.0044046,0.0053375,0.0052839,0.0055184,0.0053201,0.0057403,0.0052364,0.0042599,0.0052156,0.0065576,0.0050589,0.0060258,0.0050616,0.0054372,0.0055142,0.0052477,0.0068346,0.0067132,0.0058059,0.0067645,0.0047158,0.0056124,0.0049568,0.0057607,0.0051505,0.0059116,0.005253,0.0058946,0.0048032,0.0051715,0.0055674,0.0048735,0.0052056,0.0048153,0.0052233,0.0060957,0.0061543,0.0053248,0.0059683,0.0056123,0.004181,0.004761,0.0042505,0.005513,0.0050354,0.0052747,0.0049055,0.0056378,0.0056086,0.0049626,0.0047053,0.0050081,0.0046839,0.0047237,0.0066704,0.0045589,0.0047923,0.006097,0.0059515,0.0067818,0.0055195,0.0060304,0.0057355,0.0065961,0.0056552,0.0049549,0.0046678,0.0060692,0.0051035,0.0059055,0.0057408,0.0041561,0.0060562,0.0052413,0.0059024,0.0055965,0.0056473,0.0049776,0.0059211,0.0057672,0.0050776,0.0049803,0.0051381,0.0068998,0.0046091,0.005534,0.0062067,0.0062754,0.0055182,0.0062996,0.0049765,0.0047715,0.0064197,0.0057782,0.0051717,0.0056631,0.0057508,0.0051902,0.0048818,0.004567,0.0062337,0.0051197,0.0051892,0.0054296,0.0047136,0.005603,0.0058218,0.0042598,0.0052119,0.0073582,0.0051011,0.0037981,0.0054379,0.0057865,0.0061689,0.0055799,0.006389,0.0043942,0.0047385,0.0039048,0.0046419,0.0049,0.005182,0.0045112,0.0057042,0.0056864,0.0044106,0.0049013,0.0044716,0.0057131,0.0048188,0.0052127,0.004834,0.0052262,0.0047132,0.0047085,0.0057116,0.0048886,0.0057477,0.0062666,0.0051207,0.0063476,0.0055169,0.0063177,0.0052693,0.0048833,0.0056939,0.0061247,0.0056327,0.0058016,0.005587,0.0067831,0.0056006,0.0055115,0.0037577,0.0054612,0.0052288,0.0052531,0.005409,0.0051419,0.0056427,0.005071,0.0077266,0.0052418,0.0053803,0.0054324,0.005596,0.0054311,0.0046686,0.0044069,0.004894,0.0066192,0.0057535,0.0053004,0.0053406,0.004915,0.005782,0.0056374,0.0053176,0.0051255,0.0056392,0.0057544,0.0045227,0.006132,0.0046666,0.0053857,0.0054116,0.0046855,0.0043443,0.0052485,0.0061507,0.004015,0.0055635,0.0045103,0.0045995,0.0057272,0.004314,0.0052464,0.0054627,0.004597,0.0049155,0.0050462,0.003931,0.0056165,0.0059742,0.0058682,0.0043559,0.0058973,0.0046417,0.005496,0.0046921,0.0039503,0.0050334,0.0066756,0.0048903,0.0047255,0.004412,0.0061449,0.0053507,0.0051226,0.0053649,0.0042438,0.0040897,0.0047703,0.0058614,0.0050512,0.0053431,0.0061628,0.0050703,0.0050509,0.0040264,0.0044373,0.0057945,0.0047063,0.0056319,0.0047445,652860.0,527600.0,4051000.0,2361500.0,1063500.0,5504200.0,2008000.0,2411200.0,2983400.0,2907700.0,715790.0,4946000.0,1272400.0,3886200.0,2497000.0,4962200.0,4006100.0,1313700.0,3439700.0,2457300.0,3280300.0,11623000.0,939160.0,6172800.0,733680.0,8929900.0,1559800.0,1804700.0,799240.0,3153800.0,1663100.0,5695800.0,23134000.0,2470300.0,2681400.0,4250800.0,1211200.0,1483800.0,1623100.0,2037800.0,1036500.0,2054600.0,998900.0,7322600.0,2384900.0,1789300.0,1464100.0,2229500.0,15638000.0,933030.0,7138100.0,3914300.0,695400.0,3830400.0,1057500.0,2604500.0,17325000.0,31464000.0,2325700.0,1698300.0,1501900.0,2783800.0,1015700.0,1887600.0,3336500.0,787200.0,2814400.0,1901400.0,3839200.0,2700300.0,1417200.0,1096800.0,14691000.0,5032200.0,1313700.0,3541200.0,1639800.0,944740.0,2521800.0,3636500.0,1267500.0,875270.0,2074100.0,856130.0,1823800.0,2791600.0,4851100.0,4107200.0,2293000.0,5593500.0,1274600.0,9165300.0,4558400.0,997350.0,1628100.0,875890.0,1738300.0,3439800.0,9756100.0,1694900.0,16185000.0,1389000.0,9707100.0,1601000.0,3111800.0,1248900.0,1595600.0,12279000.0,5012700.0,2131600.0,3788800.0,2346100.0,1178000.0,645020.0,3343500.0,11411000.0,2365500.0,1449300.0,738260.0,1883600.0,722040.0,1169800.0,2174300.0,8636100.0,4069700.0,2575300.0,3026200.0,2316200.0,1468700.0,757990.0,10124000.0,2341800.0,3477500.0,2031800.0,1344300.0,1016600.0,1973900.0,1030900.0,2818800.0,3841500.0,1137500.0,1448700.0,2060900.0,1490700.0,2159300.0,2379200.0,867820.0,6776700.0,1483200.0,9209400.0,6039000.0,796610.0,10241000.0,798180.0,1257100.0,18495000.0,669880.0,11896000.0,704520.0,5463300.0,3620500.0,3728500.0,2594300.0,5128500.0,4299400.0,4138300.0,945220.0,4052400.0,1605800.0,6226400.0,1476500.0,7458600.0,1058700.0,729360.0,3925100.0,2935000.0,1917500.0,8220700.0,2222600.0,929290.0,1207100.0,3637800.0,3493100.0,1909700.0,1445200.0,720570.0,6685600.0,5169700.0,2290100.0,619540.0,17391000.0,3256600.0,5152600.0,1119800.0,17904000.0,5318100.0,1077700.0,8409500.0,1326800.0,1407500.0,3909300.0,5195800.0,785010.0,1609000.0,953500.0,1742800.0,1536400.0,1428600.0,7692300.0,2295200.0,1389900.0,12034000.0,2729100.0,1213300.0,1238200.0,3194500.0,932670.0,4580100.0,1110300.0,1813100.0,7912700.0,4355400.0,685140.0,1393400.0,9817300.0,5161200.0,4960900.0,15079000.0,2942700.0,1891900.0,2294600.0,2933500.0,3129200.0,1844900.0,1714400.0,2219900.0,1469200.0,7074000.0,638180.0,3583000.0,8148600.0,8705300.0,1826300.0,5270900.0,3949100.0,4910800.0,847070.0,1117100.0,5283500.0,1523800.0,6462500.0,3415400.0,6961300.0,1931200.0,1605900.0,1559300.0,1065700.0,1101400.0,2250300.0,1018100.0,5082200.0,3404400.0,3048000.0,2817500.0,2386500.0,1906100.0,15335000.0,13457000.0,3518500.0,3147900.0,1932600.0,4368700.0,3283600.0,640970.0,2021700.0,760960.0,3461100.0,1947300.0,1.5362,1.8026,4.1357,1.3519,2.2461,4.259,1.1748,1.9364,4.2763,2.563,2.7007,4.3463,0.7803,2.0312,4.2886,1.5677,2.5176,3.9218,3.0011,2.8564,5.8848,1.2842,1.9384,4.2733,1.5962,1.7189,4.2269,1.3289,2.2378,4.29,0.7437,2.029,4.1947,3.0052,2.8716,4.6014,5.7294,2.7784,1.5044,1.2564,2.6915,3.6486,0.86683,2.1754,3.0211,2.5082,2.105,4.4558,1.4811,1.7106,3.8857,0.70235,2.6662,3.8552,1.9801,1.7847,3.4485,1.1159,2.3682,3.2206,0.23612,2.316,3.5287,1.6864,1.6245,3.3964,1.9652,2.6984,4.2813,1.7444,1.6393,3.3893,1.5709,1.6487,3.9541,0.33536,2.1605,3.1874,2.1193,2.4338,4.4534,1.5785,1.69,3.2564,0.80187,1.9517,2.7704,3.0621,2.8321,5.9071,1.9391,1.7508,3.4439,0.97122,2.6896,2.8722,1.6999,2.5655,3.9347,0.64835,1.8952,2.7277,1.0414,2.4242,3.115,1.8832,1.9599,4.4641,1.7074,1.6502,3.9033,0.5898,2.1625,3.9326,1.4114,2.505,3.916,1.0831,2.1627,3.2388,2.6466,2.3414,4.3072,2.125,2.2217,4.7002,1.472,1.6558,3.9279,1.8777,2.0077,4.4662,1.5203,2.1812,3.2359,0.81429,2.2247,3.0881,2.4191,2.4367,4.3584,2.0149,2.5218,4.8731,2.0518,2.6032,4.8738,2.6443,2.3366,4.2906,1.3981,2.5183,3.9221,1.7685,2.2978,4.3613,2.4708,2.999,4.363,0.61262,2.3835,2.6315,1.5314,1.992,4.6009,1.9748,3.0341,3.8697,0.33878,2.3722,3.3543,1.6389,1.6204,4.0882,0.79329,2.1571,3.0731,2.2361,2.3088,4.6881,0.65023,2.4409,3.0826,0.95913,2.2364,3.211,0.065211,2.9042,1.8038,2.0054,2.1419,4.604,2.6124,2.3667,4.2321,2.429,2.2958,5.1104,1.9507,2.6874,4.2133,1.2365,1.85,4.0082,4.642,2.8514,0.58832,0.89466,2.1806,3.0181,1.4125,2.0997,4.2864,1.1573,2.2156,3.5428,2.0938,2.6822,4.3661,1.6426,1.5912,4.1457,1.1554,2.5135,3.1026,0.69857,2.4663,3.7554,2.1833,1.8471,3.6862,1.5032,2.5077,3.4825,1.5181,2.6062,3.5757,1.5621,1.6366,4.291,1.9887,2.7074,4.485,2.0926,2.7031,4.6136,3.2298,2.8114,6.0507,1.7208,1.6268,4.199,1.8139,1.9356,3.3923,2.424,2.9341,5.258,1.1339,2.5475,3.0902,2.5922,2.4086,4.9899,0.99961,2.6815,4.1492,1.4989,2.4854,3.5284,1.0807,1.9273,4.1109,1.6725,1.6125,4.0777,1.7554,1.9272,3.4168,6.1079,2.9107,2.9469,2.9324,2.2435,4.6197,1.4515,1.9473,4.3244,1.2575,2.5957,3.3952,1.3906,2.453,3.3909,1.7675,1.9168,3.6685,1.9121,2.4465,4.055,1.0944,2.3507,3.2247,2.5215,1.9539,5.2524,1.1475,2.6221,3.3055,1.3833,2.4933,3.3782,6.2584,3.0387,3.0379,0.67718,1.878,2.8085,1.7202,2.0023,4.529,1.5395,1.8352,4.1941,5.2933,2.8487,1.6769,0.82587,2.1865,2.8797,0.90428,2.6985,4.095,2.3696,2.4927,3.6867,2.654,2.3145,4.9483,2.9141,2.6166,4.5493,2.0457,2.4069,4.549,2.3617,2.1608,4.1904,0.77779,2.1474,3.3369,0.5312,2.4312,3.0425,0.55895,2.1863,3.8936,2.5244,2.4549,4.5641,0.84477,2.3852,2.9719,1.3341,1.5676,4.3552,1.6422,1.9683,3.4941,0.2166,2.6687,2.124,3.5279,2.9474,0.29269,0.88747,2.3139,3.0221,1.6373,1.6587,4.1305,1.5338,1.7854,3.2188,0.7761,2.3916,2.868,2.2366,2.3061,4.95,1.1946,2.5586,3.1709,1.21,2.188,3.595,0.4113,2.066,3.2907,1.7329,1.9384,3.4355,2.4924,2.1047,4.1097,2.1718,2.1511,4.9821,1.375,1.7424,3.8367,0.77408,2.0105,2.7812,2.1655,2.1596,5.0093,2.2201,2.2451,4.5141,1.5607,2.4096,3.9946,4.1565,2.9323,0.043145,1.8792,2.4471,4.001,0.72366,1.9791,4.1464,1.2105,2.6514,4.2526,3.4286,2.8205,6.0861,1.6365,1.5919,3.2695,0.24215,2.3707,3.3989,4.9525,2.975,0.75865,0.50543,2.8082,3.2917,1.2208,2.5319,3.0369,2.2157,2.1175,4.9444,1.5869,2.0767,4.4175,1.5939,1.6279,3.3789,1.4998,2.9248,3.3027,0.66291,2.3664,2.8608,0.87032,2.3975,3.005,0.21645,2.6536,3.3407,1.7699,2.4046,4.2465,0.6097,2.3983,2.8022,1.0652,2.2957,3.6123,1.3583,1.7726,4.3061,0.2625,2.3558,3.4277,1.5882,1.5942,3.28,0.68921,2.3455,2.8456,2.9831,2.8626,5.9844,1.8356,2.5444,3.97,2.069,2.239,4.6316,2.3508,2.6878,5.1232,1.7663,1.951,3.8319,1.3912,1.7787,3.7491,2.2721,2.1332,4.9951,1.4616,2.5857,3.9875,0.58971,3.0243,2.3322,4.5662,2.9344,0.29677,1.2202,2.7854,4.245,1.8528,1.9593,3.8988,1.1781,2.6631,2.8179,0.31537,2.7938,2.9687,1.0469,2.9125,4.2092,0.53448,2.463,2.6171,0.74113,2.0331,2.8671,0.59223,2.4666,3.413,1.7307,2.206,4.3372,1.1956,2.7919,4.3482,0.62432,2.0197,3.0103,2.021,1.8311,3.7535,1.2992,1.8701,3.7024,2.2905,2.6124,4.7847,1.4666,1.5694,4.2099,1.3238,2.1349,3.2132,0.70172,2.0639,3.0103,0.65563,2.3119,2.6498,1.7509,2.3666,4.1878,2.2907,2.6183,4.8842,0.5794,2.0424,2.988,1.6126,1.7163,3.3267,0.8667,2.9968,2.6581,0.59103,2.5076,2.614,3.1517,2.7313,6.1206,6.1244,2.8791,2.5633,4.2918,2.9185,6.2206,2.4429,2.2975,3.7288,1.4521,3.0765,4.4037,1.2797,2.4309,3.5119,6.2019,3.1096,2.8532,2.4012,2.1769,3.7404,1.2667,1.8494,3.7127,2.3883,2.324,4.6092,2.5854,2.6874,4.1659,1.2368,2.7222,4.379,1.7931,1.9393,3.8333,1.266,2.7587,3.7823,2.3613,2.3529,4.9755,1.411,2.6173,3.3462,2.123,2.2604,4.0891,0.78008,1.986,3.3929,2.4771,2.343,3.7786,2.4,2.3551,3.708,2.2919,1.979,5.0201,2.6216,2.281,4.8303,2.4254,2.2233,3.7699,1.4729,1.5993,3.8997,2.4013,2.603,4.907,1.8139,1.9443,3.8577,0.76152,2.1354,4.1424,1.6533,1.8372,4.3131,2.3408,2.5761,4.9333,1.4149,2.3987,3.279,5.7445,2.8393,2.09,1.7867,1.7488,3.5497,1.9382,2.931,4.2143,2.0751,1.9842,4.7913,1.2031,2.6162,4.3325,2.0114,2.1516,4.9055,1.5909,1.7869,3.9537,1.6533,1.9675,3.3512,1.2046,2.733,3.7648,0.94568,2.8631,3.8074,1.5218,2.4959,3.9616,1.2511,2.7196,3.7308,1.7337,1.7818,4.0793,0.82597,2.4243,2.7866,1.9086,2.13,4.3847,0.012282,2.7727,2.8499,1.0643,1.9867,4.3182,0.9656,2.2306,3.102,1.5935,2.3949,4.5457,0.93862,2.0801,2.8347,0.68506,2.0172,2.6944,1.5984,1.7727,3.9569,0.90161,2.4045,2.8735,1.3651,1.5881,3.8538,2.7978,2.6352,4.606,1.1442,2.2132,3.6312,1.2652,2.7586,3.7793,1.9801,2.105,4.4577,1.0054,2.0255,4.2626,1.8403,1.6568,3.4447,1.6446,2.5314,3.9927,2.1826,2.4999,4.9164,2.1841,2.3956,3.6004,1.1412,2.9945,3.3717,1.4684,1.4571,4.2595,0.58443,3.0392,3.6516,1.6004,1.7206,4.2286,0.72705,2.0237,2.7196,0.65819,2.1842,4.0401,2.6867,2.6305,4.5208,2.1302,2.1062,3.4246,1.3516,2.8023,3.5177,1.2052,2.3597,3.6477,2.5516,2.0615,4.4316,1.4822,1.6833,4.4414,1.4565,2.5507,3.552,2.0008,2.3847,4.1124,2.562,2.2037,4.9469,0.49577,2.4721,3.0679
0.24383,841.07,0.0053949,711.81,1091.3,788.42,827.78,895.97,878.94,917.89,840.09,805.7,841.92,1217.1,630.64,807.05,1012.9,1107.2,783.5,862.91,660.48,605.49,968.21,828.38,691.17,890.73,672.27,793.18,822.97,1116.9,519.2,982.45,738.59,763.69,548.72,1034.7,907.85,1081.5,917.41,745.86,971.61,1071.1,874.26,659.11,1063.7,612.53,880.35,836.36,925.59,942.25,991.22,839.78,848.58,826.79,1078.8,939.78,1022.9,766.76,941.92,851.51,748.95,1132.1,1033.7,981.22,1118.9,586.75,777.64,748.77,852.32,742.96,903.98,870.83,869.67,721.05,900.47,889.37,707.9,794.09,793.78,864.15,961.46,958.45,808.11,900.53,890.42,685.51,941.02,573.42,947.48,761.51,874.99,790.01,920.84,934.71,740.18,701.55,833.16,709.93,768.68,1081.1,714.44,754.54,1024.0,1012.2,1133.1,930.04,950.3,913.48,1205.2,911.79,709.96,801.38,973.31,736.98,924.44,938.63,547.49,999.99,831.05,995.99,921.01,874.83,697.64,915.81,940.78,726.77,761.98,751.14,1131.1,661.21,862.12,1007.1,1016.9,846.7,1082.8,797.64,743.47,1001.8,843.13,832.83,938.32,905.73,864.32,763.34,851.95,1062.2,749.1,744.09,1004.9,729.57,826.51,970.9,679.56,783.12,1237.1,794.49,511.88,852.53,1000.7,1005.0,812.97,1084.0,711.45,763.18,554.18,661.24,714.11,881.58,648.2,928.52,942.76,644.64,772.56,815.32,932.14,681.98,841.16,787.07,760.15,710.45,730.84,1056.0,817.43,974.15,1140.0,791.94,1016.1,790.15,1095.1,881.07,751.79,1003.3,1167.6,875.76,968.61,884.22,953.47,958.71,859.77,894.93,789.52,823.57,804.98,868.97,804.22,887.72,840.87,1076.1,870.46,775.84,894.64,1005.4,841.29,674.08,652.53,819.65,1107.3,873.67,791.59,940.4,797.24,910.22,878.58,858.32,822.66,939.97,943.0,673.29,1002.3,711.28,923.23,804.77,838.59,664.1,959.78,963.9,588.67,918.02,812.17,531.27,905.43,648.67,829.63,875.56,639.52,821.39,857.64,626.77,944.61,974.88,865.32,648.01,931.57,745.98,858.3,843.44,629.12,926.65,1087.0,779.49,628.81,722.41,1025.6,886.26,807.1,952.35,511.64,553.46,715.25,924.81,827.41,771.88,927.43,891.13,778.85,666.9,627.16,1002.1,678.17,936.83,798.52,0.0056596,0.0068921,0.0054,0.005195,0.005749,0.005493,0.0058299,0.0058049,0.0056086,0.0057538,0.0071639,0.0045047,0.00541,0.0063466,0.00708,0.0050727,0.005551,0.0047085,0.0039949,0.006527,0.0056063,0.0050531,0.0061772,0.0047544,0.0054492,0.0052806,0.0067887,0.0042199,0.0065041,0.0046745,0.0049381,0.0037671,0.006213,0.0056217,0.0066791,0.0057697,0.0050947,0.0062189,0.0062694,0.005156,0.0038365,0.0067148,0.0044743,0.0054417,0.0053944,0.0056279,0.0054287,0.0058498,0.0053315,0.0043143,0.0053127,0.0066896,0.0051388,0.0061569,0.005142,0.0055345,0.005585,0.0053356,0.0069757,0.0068422,0.0059209,0.0069056,0.0047671,0.0056996,0.0050474,0.0058172,0.0052368,0.0059997,0.0053451,0.0060018,0.0048691,0.0052804,0.0056753,0.0049505,0.0052984,0.0048781,0.0053405,0.0062187,0.006281,0.0053887,0.0060811,0.0057058,0.0042403,0.0048268,0.0043251,0.0055771,0.0051186,0.0053689,0.0050008,0.0057624,0.005704,0.0050364,0.0047817,0.0051019,0.0047699,0.0048139,0.0067949,0.0046462,0.0048818,0.0062314,0.0060694,0.0069191,0.0056048,0.0061484,0.0058251,0.0067578,0.0057633,0.0050383,0.0047543,0.006173,0.0051939,0.0060116,0.0058255,0.004213,0.0061707,0.0053379,0.0060187,0.005707,0.0057552,0.0050694,0.0060214,0.005865,0.0051762,0.0050771,0.0052192,0.0070516,0.0046986,0.005608,0.0063275,0.0064154,0.0056171,0.0064588,0.0050682,0.0048591,0.0065538,0.0058617,0.0052598,0.005769,0.0058307,0.0052926,0.0049785,0.0046542,0.0063826,0.0052171,0.0052718,0.0055074,0.0048066,0.0057082,0.0059237,0.0043383,0.0053104,0.007503,0.0051853,0.0038439,0.0055198,0.0059076,0.0062844,0.0056637,0.0065224,0.0044553,0.0048316,0.0039652,0.0047087,0.0049842,0.0052812,0.0045978,0.0058133,0.0057836,0.0044903,0.0049903,0.0045453,0.0058131,0.0048893,0.0053023,0.0049136,0.0053079,0.004779,0.0047801,0.0058017,0.0049684,0.0058556,0.0064078,0.0052019,0.0064716,0.0056086,0.0064493,0.0053726,0.0049618,0.0057986,0.0062351,0.005734,0.0059195,0.005687,0.0069182,0.0057123,0.0056081,0.003845,0.0055475,0.0053009,0.0053431,0.0055032,0.0052275,0.0057517,0.00516,0.0078785,0.0053244,0.0054713,0.0055121,0.0057011,0.0055237,0.0047268,0.0044773,0.0049724,0.0067541,0.0058855,0.0053996,0.0054022,0.0049989,0.0058879,0.0057409,0.0054106,0.0052114,0.0057278,0.005842,0.0045961,0.0062524,0.004745,0.005491,0.0054945,0.0047484,0.004407,0.0053439,0.0062557,0.0040652,0.0056571,0.0045623,0.004659,0.0058165,0.0043759,0.0053349,0.0055695,0.0046685,0.0049944,0.0051262,0.0039764,0.0057156,0.0060573,0.0059718,0.0044213,0.0059955,0.0047093,0.0055869,0.0047495,0.0040093,0.0051282,0.0067899,0.0049888,0.0047811,0.0044731,0.0062461,0.0054463,0.0052121,0.0054654,0.0043074,0.0041434,0.0048494,0.0059531,0.0051458,0.0054381,0.0062791,0.0051296,0.005148,0.0040701,0.0045056,0.0059241,0.00478,0.0057406,0.0048181,652860.0,527600.0,4051000.0,2361500.0,1063500.0,5504200.0,2008000.0,2411200.0,2983400.0,2907700.0,715790.0,4946000.0,1272400.0,3886200.0,2497000.0,4962200.0,4006100.0,1313700.0,3439700.0,2457300.0,3280300.0,11623000.0,939160.0,6172800.0,733680.0,8929900.0,1559800.0,1804700.0,799240.0,3153800.0,1663100.0,5695800.0,23134000.0,2470300.0,2681400.0,4250800.0,1211200.0,1483800.0,1623100.0,2037800.0,1036500.0,2054600.0,998900.0,7322600.0,2384900.0,1789300.0,1464100.0,2229500.0,15638000.0,933030.0,7138100.0,3914300.0,695400.0,3830400.0,1057500.0,2604500.0,17325000.0,31464000.0,2325700.0,1698300.0,1501900.0,2783800.0,1015700.0,1887600.0,3336500.0,787200.0,2814400.0,1901400.0,3839200.0,2700300.0,1417200.0,1096800.0,14691000.0,5032200.0,1313700.0,3541200.0,1639800.0,944740.0,2521800.0,3636500.0,1267500.0,875270.0,2074100.0,856130.0,1823800.0,2791600.0,4851100.0,4107200.0,2293000.0,5593500.0,1274600.0,9165300.0,4558400.0,997350.0,1628100.0,875890.0,1738300.0,3439800.0,9756100.0,1694900.0,16185000.0,1389000.0,9707100.0,1601000.0,3111800.0,1248900.0,1595600.0,12279000.0,5012700.0,2131600.0,3788800.0,2346100.0,1178000.0,645020.0,3343500.0,11411000.0,2365500.0,1449300.0,738260.0,1883600.0,722040.0,1169800.0,2174300.0,8636100.0,4069700.0,2575300.0,3026200.0,2316200.0,1468700.0,757990.0,10124000.0,2341800.0,3477500.0,2031800.0,1344300.0,1016600.0,1973900.0,1030900.0,2818800.0,3841500.0,1137500.0,1448700.0,2060900.0,1490700.0,2159300.0,2379200.0,867820.0,6776700.0,1483200.0,9209400.0,6039000.0,796610.0,10241000.0,798180.0,1257100.0,18495000.0,669880.0,11896000.0,704520.0,5463300.0,3620500.0,3728500.0,2594300.0,5128500.0,4299400.0,4138300.0,945220.0,4052400.0,1605800.0,6226400.0,1476500.0,7458600.0,1058700.0,729360.0,3925100.0,2935000.0,1917500.0,8220700.0,2222600.0,929290.0,1207100.0,3637800.0,3493100.0,1909700.0,1445200.0,720570.0,6685600.0,5169700.0,2290100.0,619540.0,17391000.0,3256600.0,5152600.0,1119800.0,17904000.0,5318100.0,1077700.0,8409500.0,1326800.0,1407500.0,3909300.0,5195800.0,785010.0,1609000.0,953500.0,1742800.0,1536400.0,1428600.0,7692300.0,2295200.0,1389900.0,12034000.0,2729100.0,1213300.0,1238200.0,3194500.0,932670.0,4580100.0,1110300.0,1813100.0,7912700.0,4355400.0,685140.0,1393400.0,9817300.0,5161200.0,4960900.0,15079000.0,2942700.0,1891900.0,2294600.0,2933500.0,3129200.0,1844900.0,1714400.0,2219900.0,1469200.0,7074000.0,638180.0,3583000.0,8148600.0,8705300.0,1826300.0,5270900.0,3949100.0,4910800.0,847070.0,1117100.0,5283500.0,1523800.0,6462500.0,3415400.0,6961300.0,1931200.0,1605900.0,1559300.0,1065700.0,1101400.0,2250300.0,1018100.0,5082200.0,3404400.0,3048000.0,2817500.0,2386500.0,1906100.0,15335000.0,13457000.0,3518500.0,3147900.0,1932600.0,4368700.0,3283600.0,640970.0,2021700.0,760960.0,3461100.0,1947300.0,1.5372,1.801,4.1348,1.3563,2.2476,4.2603,1.1728,1.9353,4.2774,2.5665,2.7023,4.3482,0.77844,2.0311,4.2897,1.5682,2.5183,3.9221,2.9991,2.857,5.8853,1.2865,1.936,4.2747,1.5918,1.7183,4.2262,1.3304,2.2378,4.2919,0.74045,2.0278,4.1952,3.0091,2.8725,4.6049,5.7297,2.7783,1.505,1.2566,2.6871,3.6492,0.86487,2.1767,3.0208,2.509,2.1073,4.4567,1.4807,1.7109,3.885,0.70433,2.6699,3.8547,1.9797,1.7855,3.4477,1.1157,2.3663,3.2246,0.23408,2.3169,3.5267,1.6834,1.6232,3.3968,1.9622,2.6949,4.2785,1.7427,1.6386,3.3893,1.5728,1.648,3.9552,0.33386,2.1614,3.1869,2.1222,2.4356,4.4553,1.5815,1.6904,3.2581,0.80158,1.9538,2.7704,3.0643,2.8319,5.9108,1.9374,1.7503,3.443,0.9707,2.6891,2.8716,1.697,2.5651,3.9329,0.64898,1.8958,2.7257,1.0399,2.4238,3.1161,1.8825,1.9615,4.463,1.7078,1.6493,3.9038,0.59248,2.1605,3.9389,1.4181,2.5066,3.9207,1.0844,2.1654,3.238,2.6508,2.3429,4.3082,2.1272,2.2236,4.7012,1.472,1.6548,3.9283,1.8775,2.0108,4.4652,1.5232,2.1819,3.2346,0.81339,2.2284,3.0844,2.4193,2.4393,4.3594,2.0173,2.5194,4.8724,2.0552,2.6027,4.8735,2.649,2.3386,4.2914,1.4011,2.5187,3.9215,1.7716,2.2998,4.3634,2.4781,2.9972,4.3685,0.61614,2.3805,2.6367,1.5325,1.99,4.601,1.9712,3.0331,3.8638,0.33782,2.3721,3.3519,1.6381,1.6201,4.0884,0.79658,2.1606,3.0729,2.2365,2.3095,4.6893,0.65039,2.4368,3.0839,0.95657,2.24,3.2089,0.063879,2.9046,1.799,2.0068,2.1462,4.6052,2.6137,2.3684,4.2308,2.4229,2.295,5.1091,1.9464,2.6837,4.208,1.2405,1.8497,4.0101,4.6399,2.8454,0.58996,0.89386,2.1819,3.017,1.4164,2.1,4.2873,1.16,2.2193,3.5444,2.0879,2.6794,4.3603,1.6413,1.5908,4.1453,1.1558,2.5126,3.1043,0.69681,2.4681,3.7553,2.1877,1.845,3.6857,1.5003,2.5098,3.4827,1.5123,2.6077,3.5743,1.5587,1.6356,4.2919,1.9846,2.704,4.482,2.0908,2.7,4.6143,3.226,2.8119,6.0494,1.722,1.6272,4.1999,1.818,1.9339,3.3907,2.4325,2.9328,5.2679,1.1327,2.5477,3.0903,2.5907,2.4071,4.9899,0.9992,2.6843,4.1518,1.4951,2.4866,3.5302,1.0768,1.9304,4.1123,1.673,1.6123,4.0774,1.7576,1.9253,3.4159,6.1001,2.9098,2.9411,2.9338,2.2417,4.622,1.4557,1.9461,4.3285,1.2567,2.5937,3.3971,1.3886,2.4534,3.3923,1.7655,1.9143,3.6668,1.9108,2.4501,4.0576,1.0944,2.3525,3.2262,2.5213,1.95,5.2557,1.1443,2.6199,3.3055,1.3809,2.4947,3.3792,6.2464,3.0416,3.026,0.67611,1.8809,2.8054,1.7208,2.0005,4.533,1.5406,1.8339,4.1963,5.287,2.8464,1.6721,0.82642,2.1888,2.8828,0.90111,2.7017,4.0962,2.3745,2.4895,3.6882,2.6574,2.3102,4.9481,2.9172,2.6137,4.5505,2.045,2.4047,4.5513,2.3616,2.1632,4.191,0.77844,2.1531,3.3367,0.53787,2.4297,3.0472,0.55903,2.1874,3.8988,2.5286,2.4528,4.5679,0.84596,2.3842,2.9743,1.337,1.5671,4.3572,1.6403,1.9668,3.4962,0.22188,2.6682,2.1253,3.5348,2.9469,0.30145,0.88948,2.3108,3.0259,1.6367,1.6592,4.1325,1.5345,1.7849,3.2203,0.77577,2.3902,2.868,2.2387,2.3044,4.9504,1.1964,2.5593,3.1742,1.214,2.1951,3.5981,0.40676,2.0696,3.2922,1.7336,1.9363,3.4355,2.4963,2.1056,4.1059,2.1721,2.1506,4.9824,1.3776,1.742,3.838,0.77546,2.0123,2.7824,2.166,2.1598,5.0111,2.2168,2.2471,4.516,1.561,2.4129,3.9962,4.1522,2.929,0.037131,1.8756,2.4503,4.0004,0.72045,1.9796,4.1477,1.2119,2.6542,4.2542,3.4242,2.8193,6.0858,1.6392,1.5917,3.2692,0.23932,2.3729,3.3978,4.9465,2.9746,0.74958,0.50419,2.809,3.2941,1.2197,2.5328,3.0392,2.2168,2.1168,4.9435,1.5902,2.0756,4.4201,1.5949,1.6279,3.3818,1.5052,2.9261,3.3021,0.66792,2.3642,2.8646,0.86922,2.395,3.0056,0.21621,2.6546,3.3406,1.7765,2.4088,4.2501,0.61439,2.3969,2.8048,1.0659,2.2996,3.6106,1.3582,1.7714,4.3066,0.26099,2.3572,3.4286,1.5899,1.5938,3.2799,0.69537,2.3426,2.8488,2.9815,2.8623,5.9857,1.8295,2.5424,3.9678,2.0713,2.2406,4.6327,2.3419,2.6849,5.1178,1.762,1.9503,3.8294,1.3941,1.7764,3.7508,2.2747,2.1328,4.9952,1.4624,2.5836,3.9859,0.5835,3.023,2.3233,4.5642,2.9328,0.29553,1.2193,2.789,4.2421,1.8506,1.96,3.8993,1.1756,2.6644,2.8161,0.31365,2.7937,2.9696,1.0499,2.9133,4.2112,0.53415,2.4606,2.619,0.74278,2.0364,2.8643,0.59391,2.4684,3.413,1.7367,2.2072,4.3403,1.1934,2.7951,4.3478,0.62494,2.0219,3.0059,2.0225,1.8295,3.7516,1.3035,1.8712,3.7045,2.2847,2.6087,4.7782,1.4708,1.5701,4.2104,1.322,2.1343,3.2144,0.7041,2.0674,3.0077,0.6586,2.3088,2.6509,1.7541,2.3689,4.1895,2.2865,2.615,4.8816,0.57829,2.0445,2.9843,1.6134,1.7169,3.3262,0.87287,2.9958,2.6611,0.59124,2.508,2.6145,3.1573,2.7302,6.1272,6.1252,2.8799,2.5673,4.2837,2.9158,6.2101,2.446,2.2931,3.7278,1.4629,3.0764,4.4198,1.2765,2.434,3.5118,6.1657,3.1102,2.8222,2.4015,2.1748,3.7384,1.2673,1.8494,3.7146,2.3866,2.3239,4.6107,2.5849,2.6899,4.1703,1.2356,2.7233,4.3798,1.7899,1.9383,3.8309,1.2704,2.757,3.7861,2.3591,2.3497,4.9729,1.4048,2.6158,3.3475,2.1208,2.2634,4.0888,0.77745,1.9879,3.3933,2.4792,2.3401,3.7792,2.401,2.3531,3.7069,2.295,1.9813,5.0239,2.6194,2.2807,4.8314,2.4273,2.2225,3.7683,1.4753,1.5996,3.9015,2.3996,2.5994,4.905,1.8114,1.9439,3.8562,0.761,2.1352,4.1466,1.6539,1.8377,4.3149,2.3385,2.5718,4.9327,1.4132,2.3993,3.2795,5.7382,2.8373,2.0863,1.7845,1.7478,3.5514,1.9339,2.927,4.2087,2.0767,1.9857,4.7916,1.2072,2.6179,4.3348,2.0166,2.1521,4.907,1.5897,1.7864,3.9532,1.655,1.9658,3.3495,1.2088,2.7321,3.7693,0.9452,2.8639,3.8063,1.5254,2.4974,3.9652,1.2545,2.7168,3.7318,1.7308,1.7809,4.0788,0.82428,2.4233,2.7875,1.9091,2.1322,4.3856,0.01015,2.7721,2.8504,1.0636,1.9879,4.32,0.9663,2.2285,3.103,1.5933,2.3949,4.5445,0.93684,2.08,2.8346,0.68406,2.0175,2.6934,1.5981,1.7715,3.9567,0.90073,2.403,2.8763,1.3644,1.5877,3.8541,2.8004,2.6365,4.6057,1.1461,2.2157,3.6312,1.2695,2.7581,3.7849,1.9811,2.1096,4.4577,1.0037,2.0275,4.2633,1.8394,1.6571,3.4448,1.6442,2.5325,3.9927,2.1848,2.498,4.9163,2.1852,2.3955,3.5976,1.1419,2.991,3.3725,1.4683,1.4574,4.2606,0.58413,3.0405,3.6532,1.6001,1.7193,4.2288,0.72677,2.024,2.7192,0.65776,2.1839,4.0428,2.6872,2.6314,4.5205,2.1333,2.106,3.4242,1.3524,2.7989,3.5188,1.2091,2.3643,3.6485,2.5533,2.0633,4.4303,1.4826,1.6813,4.4422,1.4522,2.5489,3.5515,1.9987,2.3877,4.1142,2.5595,2.1999,4.9477,0.49644,2.4718,3.07
0.25542,861.0,0.0055205,728.62,1122.3,813.35,844.52,916.76,900.45,938.26,860.38,823.48,860.04,1253.3,640.81,821.93,1040.0,1148.7,801.81,883.12,678.08,614.5,1001.8,848.84,708.53,910.58,687.29,813.74,842.6,1154.8,530.64,1007.7,755.0,779.6,553.33,1059.1,933.57,1111.0,938.94,761.84,1002.5,1100.7,894.53,677.42,1082.9,625.01,902.45,863.28,948.83,968.33,1015.3,860.33,866.78,852.75,1110.1,963.86,1052.8,787.53,965.24,865.07,766.33,1162.2,1064.4,1015.6,1162.1,596.83,795.01,772.51,849.47,758.98,925.16,895.56,895.3,734.35,925.34,913.82,726.75,814.75,806.89,891.98,990.61,988.06,817.84,924.92,908.3,698.69,967.93,586.85,960.28,778.57,895.65,811.25,947.17,944.34,755.17,717.47,854.97,727.14,786.76,1107.2,733.83,774.93,1053.3,1040.4,1160.3,943.34,979.17,932.05,1243.0,933.29,725.57,821.35,998.61,755.67,947.69,957.91,560.29,1027.3,849.8,1019.8,945.69,897.96,717.58,938.17,958.75,748.68,783.26,766.23,1165.3,679.57,877.26,1035.5,1051.3,867.76,1116.4,814.71,762.01,1025.0,860.01,851.17,963.53,923.94,886.12,785.2,874.73,1096.3,769.87,763.17,1025.3,751.87,847.09,992.95,696.95,803.88,1270.8,811.18,520.78,866.42,1027.6,1033.4,827.86,1112.2,723.2,784.76,566.62,671.32,729.11,902.44,665.8,952.94,962.58,660.55,789.76,830.68,953.03,693.09,858.59,806.2,775.4,723.69,745.6,1077.0,833.99,998.55,1169.8,810.25,1042.2,805.79,1121.2,902.97,767.0,1027.5,1192.8,896.93,992.58,904.89,983.56,983.53,880.31,923.48,805.34,840.53,825.53,889.66,822.94,912.71,859.17,1107.3,890.72,794.81,910.41,1031.5,860.32,684.82,667.74,837.93,1136.6,901.12,811.26,955.89,817.87,935.01,897.38,878.22,840.12,955.55,963.21,688.66,1026.6,727.59,946.61,821.45,852.56,678.04,984.21,983.28,601.07,940.43,828.14,538.45,920.42,661.06,846.78,898.31,653.14,839.92,877.76,639.38,969.36,990.05,889.34,662.65,950.84,759.77,879.1,859.43,645.75,949.29,1111.0,800.55,633.92,736.2,1049.0,906.29,828.23,977.05,521.74,563.38,729.99,944.05,848.81,791.57,950.59,900.82,795.51,675.5,636.59,1031.0,690.73,958.76,812.79,0.0058009,0.0070898,0.0055527,0.0053249,0.005875,0.0056262,0.0059803,0.0059586,0.0057608,0.005892,0.0073777,0.0045775,0.0055277,0.0065357,0.0073224,0.0051915,0.0056584,0.0048332,0.0040549,0.0067293,0.0057493,0.0051831,0.0063273,0.004865,0.0055929,0.0054184,0.007016,0.004324,0.0066682,0.0047884,0.0050483,0.0038017,0.0063684,0.0057782,0.0068573,0.0059191,0.0051883,0.0063965,0.0064369,0.0052674,0.0039295,0.0068586,0.0045727,0.0055766,0.0055637,0.0057727,0.0055806,0.0059892,0.0054565,0.004394,0.0054525,0.0068716,0.0052624,0.0063256,0.0052611,0.005674,0.0056146,0.0054571,0.0071663,0.0070223,0.0061001,0.0071204,0.0048458,0.0058149,0.0051862,0.0058201,0.005351,0.0061415,0.0054778,0.0061654,0.004961,0.0054198,0.0058179,0.0050618,0.005422,0.0049678,0.0054984,0.0063984,0.0064633,0.005458,0.0062515,0.0058427,0.0043293,0.0048788,0.0044172,0.0056075,0.005233,0.0054922,0.0051417,0.0059313,0.0057813,0.0051393,0.0048929,0.0052157,0.004894,0.0049405,0.0069616,0.004764,0.0050217,0.0064198,0.0062356,0.0070918,0.0056812,0.0063175,0.0059216,0.0069817,0.0059077,0.005153,0.0048789,0.0063112,0.0053244,0.0061489,0.0059454,0.0042884,0.0063367,0.0054698,0.0061642,0.0058599,0.0058929,0.005195,0.0061554,0.0059877,0.0053245,0.0052242,0.005329,0.0072465,0.0048264,0.0056853,0.0064899,0.0066174,0.0057586,0.0066627,0.0051944,0.0049854,0.0067364,0.0059827,0.0053773,0.0059207,0.0059491,0.0054274,0.0051145,0.0047806,0.0065822,0.0053571,0.0053984,0.0056397,0.0049394,0.0058567,0.0060744,0.0044581,0.0054478,0.0076934,0.0052972,0.0039077,0.0056505,0.0060654,0.0064555,0.0057611,0.0066949,0.0045301,0.0049636,0.0040571,0.0047942,0.0050963,0.0054085,0.0047263,0.0059676,0.005905,0.0046053,0.0051148,0.0046466,0.0059439,0.004974,0.0054228,0.0050308,0.0054216,0.0048658,0.0048759,0.0059293,0.0050716,0.0059965,0.0065909,0.0053188,0.006634,0.005727,0.006619,0.0055053,0.005073,0.0059359,0.0063831,0.0058698,0.0060689,0.0058104,0.0070955,0.0058617,0.0057353,0.0039526,0.0056626,0.0054038,0.0054685,0.0056438,0.0053539,0.0059069,0.0052798,0.0080694,0.0054328,0.005591,0.0056264,0.0058394,0.0056455,0.0048083,0.0045821,0.0050778,0.0069314,0.0060527,0.0055292,0.005499,0.0051214,0.0060348,0.0058669,0.005534,0.0053232,0.0058386,0.0059684,0.0047009,0.0063875,0.0048568,0.0056316,0.005606,0.0048369,0.0044893,0.0054773,0.0063904,0.004143,0.0057896,0.004619,0.004733,0.0059294,0.0044617,0.0054435,0.0057051,0.004773,0.0051034,0.0052389,0.0040468,0.0058588,0.0061593,0.0061329,0.0045076,0.0061261,0.004796,0.0057165,0.0047769,0.0041102,0.0052646,0.0069478,0.0051163,0.0048359,0.0045575,0.0063803,0.0055652,0.005337,0.005619,0.0044045,0.0042163,0.0049639,0.0060796,0.0052761,0.0055801,0.0064304,0.0051981,0.0052511,0.0041356,0.004599,0.0060993,0.0048709,0.005871,0.0049118,652860.0,527600.0,4051000.0,2361500.0,1063500.0,5504200.0,2008000.0,2411200.0,2983400.0,2907700.0,715790.0,4946000.0,1272400.0,3886200.0,2497000.0,4962200.0,4006100.0,1313700.0,3439700.0,2457300.0,3280300.0,11623000.0,939160.0,6172800.0,733680.0,8929900.0,1559800.0,1804700.0,799240.0,3153800.0,1663100.0,5695800.0,23134000.0,2470300.0,2681400.0,4250800.0,1211200.0,1483800.0,1623100.0,2037800.0,1036500.0,2054600.0,998900.0,7322600.0,2384900.0,1789300.0,1464100.0,2229500.0,15638000.0,933030.0,7138100.0,3914300.0,695400.0,3830400.0,1057500.0,2604500.0,17325000.0,31464000.0,2325700.0,1698300.0,1501900.0,2783800.0,1015700.0,1887600.0,3336500.0,787200.0,2814400.0,1901400.0,3839200.0,2700300.0,1417200.0,1096800.0,14691000.0,5032200.0,1313700.0,3541200.0,1639800.0,944740.0,2521800.0,3636500.0,1267500.0,875270.0,2074100.0,856130.0,1823800.0,2791600.0,4851100.0,4107200.0,2293000.0,5593500.0,1274600.0,9165300.0,4558400.0,997350.0,1628100.0,875890.0,1738300.0,3439800.0,9756100.0,1694900.0,16185000.0,1389000.0,9707100.0,1601000.0,3111800.0,1248900.0,1595600.0,12279000.0,5012700.0,2131600.0,3788800.0,2346100.0,1178000.0,645020.0,3343500.0,11411000.0,2365500.0,1449300.0,738260.0,1883600.0,722040.0,1169800.0,2174300.0,8636100.0,4069700.0,2575300.0,3026200.0,2316200.0,1468700.0,757990.0,10124000.0,2341800.0,3477500.0,2031800.0,1344300.0,1016600.0,1973900.0,1030900.0,2818800.0,3841500.0,1137500.0,1448700.0,2060900.0,1490700.0,2159300.0,2379200.0,867820.0,6776700.0,1483200.0,9209400.0,6039000.0,796610.0,10241000.0,798180.0,1257100.0,18495000.0,669880.0,11896000.0,704520.0,5463300.0,3620500.0,3728500.0,2594300.0,5128500.0,4299400.0,4138300.0,945220.0,4052400.0,1605800.0,6226400.0,1476500.0,7458600.0,1058700.0,729360.0,3925100.0,2935000.0,1917500.0,8220700.0,2222600.0,929290.0,1207100.0,3637800.0,3493100.0,1909700.0,1445200.0,720570.0,6685600.0,5169700.0,2290100.0,619540.0,17391000.0,3256600.0,5152600.0,1119800.0,17904000.0,5318100.0,1077700.0,8409500.0,1326800.0,1407500.0,3909300.0,5195800.0,785010.0,1609000.0,953500.0,1742800.0,1536400.0,1428600.0,7692300.0,2295200.0,1389900.0,12034000.0,2729100.0,1213300.0,1238200.0,3194500.0,932670.0,4580100.0,1110300.0,1813100.0,7912700.0,4355400.0,685140.0,1393400.0,9817300.0,5161200.0,4960900.0,15079000.0,2942700.0,1891900.0,2294600.0,2933500.0,3129200.0,1844900.0,1714400.0,2219900.0,1469200.0,7074000.0,638180.0,3583000.0,8148600.0,8705300.0,1826300.0,5270900.0,3949100.0,4910800.0,847070.0,1117100.0,5283500.0,1523800.0,6462500.0,3415400.0,6961300.0,1931200.0,1605900.0,1559300.0,1065700.0,1101400.0,2250300.0,1018100.0,5082200.0,3404400.0,3048000.0,2817500.0,2386500.0,1906100.0,15335000.0,13457000.0,3518500.0,3147900.0,1932600.0,4368700.0,3283600.0,640970.0,2021700.0,760960.0,3461100.0,1947300.0,1.5387,1.7987,4.1336,1.3632,2.2501,4.2623,1.1698,1.9337,4.2789,2.572,2.7047,4.3511,0.77576,2.031,4.2912,1.5687,2.5193,3.9225,2.9957,2.858,5.8858,1.2899,1.9323,4.2768,1.5852,1.7173,4.2251,1.3326,2.2377,4.2948,0.73573,2.0262,4.1961,3.0149,2.8738,4.6102,5.7301,2.7782,1.5058,1.2568,2.6807,3.65,0.86207,2.1788,3.0203,2.51,2.1109,4.4579,1.48,1.7115,3.8841,0.70742,2.6755,3.854,1.9792,1.7866,3.4467,1.1152,2.3636,3.2303,0.23096,2.3183,3.5236,1.6789,1.6213,3.3974,1.9579,2.6898,4.2747,1.7402,1.6377,3.3894,1.5756,1.6471,3.9568,0.33179,2.1629,3.1862,2.1267,2.4383,4.458,1.5863,1.6911,3.2606,0.80116,1.9571,2.7703,3.0674,2.8317,5.9162,1.9353,1.7495,3.4418,0.96997,2.6886,2.8707,1.6929,2.5648,3.9302,0.64984,1.8966,2.7227,1.0377,2.4232,3.1177,1.8815,1.9638,4.4615,1.7083,1.6481,3.9044,0.59636,2.1575,3.9479,1.428,2.509,3.9276,1.0864,2.1694,3.2366,2.6575,2.3454,4.3097,2.1306,2.2264,4.7028,1.4721,1.6533,3.9288,1.8774,2.0154,4.4638,1.5279,2.183,3.2325,0.812,2.2336,3.0789,2.4195,2.4431,4.3609,2.0207,2.5161,4.8712,2.0603,2.602,4.8731,2.6558,2.3417,4.2929,1.4056,2.5193,3.9206,1.7761,2.3027,4.3663,2.4885,2.9945,4.3762,0.6212,2.3761,2.6441,1.534,1.9872,4.6011,1.9657,3.0316,3.8552,0.3367,2.3719,3.3485,1.637,1.6196,4.0885,0.80137,2.1657,3.0726,2.2372,2.3104,4.6909,0.6504,2.4308,3.0857,0.95234,2.2452,3.2057,0.061943,2.9051,1.7922,2.0088,2.1524,4.6071,2.6154,2.3711,4.2291,2.4133,2.2941,5.1077,1.9402,2.6785,4.2006,1.2459,1.8492,4.0131,4.6362,2.8364,0.59294,0.89193,2.184,3.0152,1.422,2.1005,4.2887,1.1639,2.2247,3.5468,2.0794,2.6752,4.3519,1.6391,1.5901,4.1449,1.1563,2.5112,3.1067,0.6942,2.4708,3.7552,2.1939,1.8419,3.6851,1.4959,2.513,3.4829,1.503,2.6099,3.572,1.5531,1.6342,4.2931,1.978,2.6989,4.4774,2.0876,2.6954,4.6152,3.2203,2.8125,6.0477,1.7238,1.6275,4.2012,1.8239,1.9314,3.3884,2.4444,2.9307,5.2822,1.1309,2.548,3.0904,2.5883,2.4049,4.9898,0.99833,2.6886,4.1555,1.4892,2.4883,3.5328,1.0708,1.9347,4.1147,1.6736,1.612,4.077,1.7607,1.9224,3.4147,6.0894,2.9084,2.9332,2.9355,2.2391,4.6255,1.4615,1.9442,4.3344,1.2551,2.5907,3.3998,1.3855,2.4539,3.3942,1.7623,1.9105,3.6643,1.9086,2.4554,4.0615,1.0941,2.3551,3.2284,2.5209,1.9441,5.2604,1.1393,2.6169,3.3055,1.3772,2.4967,3.3807,6.228,3.0459,3.0079,0.67417,1.8852,2.8008,1.7215,1.9976,4.5389,1.5421,1.832,4.1996,5.2778,2.843,1.6652,0.82699,2.1923,2.8875,0.8962,2.7064,4.0981,2.3814,2.4848,3.6902,2.663,2.3038,4.948,2.9216,2.6095,4.5522,2.0439,2.4015,4.5549,2.3609,2.1668,4.1919,0.77922,2.1615,3.3365,0.54748,2.4276,3.0541,0.55913,2.1891,3.9063,2.5345,2.4498,4.5735,0.84742,2.3827,2.9777,1.3408,1.5663,4.3602,1.6373,1.9646,3.4995,0.22926,2.6676,2.1272,3.5441,2.9461,0.31365,0.89215,2.3063,3.0314,1.6358,1.66,4.1354,1.5353,1.7844,3.2226,0.77511,2.3881,2.8679,2.2416,2.3019,4.951,1.1988,2.5604,3.1789,1.2197,2.2053,3.6027,0.40007,2.075,3.2944,1.7345,1.9331,3.4356,2.5018,2.107,4.1003,2.1724,2.1497,4.9826,1.381,1.7414,3.84,0.77713,2.0152,2.7844,2.1665,2.1601,5.0138,2.2118,2.2501,4.5188,1.561,2.4176,3.9987,4.1453,2.924,0.027968,1.8699,2.4549,3.9994,0.71545,1.9804,4.1497,1.214,2.6584,4.2568,3.4175,2.8175,6.0855,1.6431,1.5915,3.2688,0.23499,2.376,3.3961,4.9377,2.974,0.73672,0.50225,2.8102,3.2979,1.2177,2.5341,3.0424,2.2182,2.1157,4.9421,1.595,2.074,4.4238,1.5962,1.6277,3.386,1.5134,2.9283,3.3015,0.67507,2.3609,2.8701,0.86746,2.3913,3.0064,0.21576,2.6562,3.3405,1.7862,2.4148,4.2551,0.62106,2.395,2.8084,1.0668,2.3052,3.6082,1.358,1.7696,4.3072,0.25872,2.3592,3.43,1.5922,1.5933,3.2797,0.70423,2.3384,2.8534,2.9789,2.8619,5.9875,1.8202,2.5395,3.9644,2.0743,2.2427,4.6342,2.3287,2.6806,5.1098,1.7553,1.9492,3.8257,1.3984,1.7731,3.7533,2.2781,2.1321,4.9954,1.4635,2.5804,3.9836,0.57514,3.0211,2.311,4.5613,2.9303,0.29383,1.2179,2.7942,4.238,1.8474,1.961,3.9001,1.1719,2.6662,2.8135,0.31106,2.7936,2.9709,1.0542,2.9146,4.2143,0.53368,2.457,2.6217,0.7451,2.0412,2.8603,0.59629,2.471,3.4131,1.7453,2.2089,4.3447,1.1901,2.7996,4.3472,0.62591,2.0251,2.9995,2.0246,1.8273,3.7487,1.3099,1.8729,3.7078,2.2763,2.6035,4.7689,1.4769,1.571,4.2111,1.3194,2.1334,3.216,0.70752,2.0724,3.0039,0.66285,2.3043,2.6526,1.7585,2.3722,4.192,2.2805,2.6102,4.8778,0.57666,2.0476,2.9791,1.6148,1.718,3.3254,0.88156,2.9945,2.6653,0.59145,2.5087,2.615,3.165,2.7285,6.1364,6.1265,2.881,2.5731,4.272,2.912,6.1949,2.4505,2.2866,3.7265,1.4779,3.0762,4.4425,1.272,2.4382,3.512,6.1124,3.1109,2.7766,2.4019,2.1716,3.7354,1.2679,1.8495,3.7175,2.3841,2.3239,4.6129,2.5842,2.6935,4.1768,1.2337,2.7251,4.3807,1.7851,1.9367,3.8274,1.2766,2.7544,3.7918,2.3559,2.345,4.9692,1.3956,2.6134,3.3491,2.1173,2.2679,4.0883,0.77339,1.9907,3.394,2.4822,2.3357,3.78,2.4024,2.3502,3.7052,2.2994,1.9846,5.0293,2.6161,2.2804,4.8329,2.4301,2.2213,3.766,1.4787,1.6,3.9039,2.3972,2.5941,4.9021,1.8077,1.9432,3.854,0.76005,2.1349,4.1525,1.6547,1.8384,4.3174,2.3353,2.5654,4.9319,1.4106,2.4001,3.2804,5.7289,2.8343,2.0808,1.7812,1.7464,3.5538,1.9274,2.9212,4.2004,2.0788,1.988,4.7919,1.2133,2.6204,4.3382,2.0242,2.1527,4.9093,1.588,1.7857,3.9524,1.6575,1.9634,3.3471,1.2146,2.731,3.7758,0.9443,2.8651,3.8047,1.5304,2.4993,3.9705,1.2593,2.7126,3.733,1.7265,1.7796,4.078,0.82181,2.4219,2.7887,1.9099,2.1355,4.387,0.0069522,2.7712,2.8511,1.0625,1.9898,4.3228,0.96748,2.2256,3.1043,1.5935,2.395,4.5429,0.93417,2.0797,2.8344,0.68268,2.0181,2.6921,1.5978,1.7697,3.9563,0.89931,2.4008,2.8803,1.3633,1.587,3.8544,2.8047,2.6384,4.6055,1.149,2.2193,3.6312,1.2755,2.7573,3.7933,1.9827,2.1165,4.4577,1.0013,2.0303,4.2642,1.838,1.6575,3.445,1.6436,2.5341,3.9927,2.188,2.4953,4.9162,2.187,2.3953,3.5936,1.143,2.9856,3.3738,1.4681,1.4578,4.2623,0.58356,3.0423,3.6555,1.5998,1.7174,4.2291,0.72636,2.0245,2.7187,0.65713,2.1834,4.0468,2.6881,2.6326,4.5201,2.1377,2.1058,3.4236,1.3538,2.7941,3.5207,1.2148,2.3707,3.6497,2.5561,2.0659,4.4285,1.4833,1.6784,4.4434,1.446,2.5463,3.5507,1.9956,2.392,4.1167,2.5559,2.1945,4.949,0.49732,2.4713,3.073
0.26312,875.25,0.0056105,739.7,1143.9,832.43,855.86,933.94,915.27,950.72,873.64,834.68,872.91,1279.6,649.15,831.39,1059.8,1176.8,813.78,898.77,691.01,622.31,1025.7,862.96,720.51,924.28,697.8,827.89,855.2,1178.9,537.55,1025.2,765.71,790.61,558.45,1077.2,951.46,1131.8,953.71,773.44,1026.0,1121.2,907.81,688.86,1099.0,633.67,918.68,880.42,965.16,986.66,1033.1,875.64,878.7,869.7,1132.5,979.11,1075.2,801.32,981.33,878.59,778.44,1183.3,1087.0,1036.7,1189.1,603.37,807.39,786.78,849.8,770.14,937.59,908.35,912.38,743.71,943.72,931.71,739.51,829.87,815.58,912.37,1011.5,1009.1,824.41,939.02,918.19,707.06,987.79,597.44,972.06,790.79,910.73,824.87,966.38,955.95,765.32,728.13,871.73,738.92,799.84,1126.3,748.09,787.68,1073.7,1059.9,1181.9,956.82,999.76,946.66,1269.4,949.43,736.92,834.61,1017.9,769.11,964.96,971.49,570.74,1045.7,863.73,1037.7,963.62,915.49,732.6,954.74,972.99,763.43,797.08,777.33,1191.3,692.48,889.7,1056.5,1075.5,882.27,1142.2,826.75,774.84,1042.3,871.43,864.83,981.13,935.58,901.86,800.82,890.03,1121.8,783.23,775.97,1035.7,767.57,861.07,1007.1,708.11,818.82,1296.3,823.52,526.41,874.14,1047.2,1052.3,839.95,1133.2,732.09,799.6,574.73,678.79,740.21,917.75,677.34,968.83,977.53,671.32,801.66,841.44,968.34,701.82,871.0,818.69,786.46,733.56,756.74,1090.8,846.06,1016.3,1190.9,822.09,1062.0,818.14,1139.7,919.36,777.26,1044.5,1210.7,912.53,1010.1,920.98,1006.2,1001.1,894.94,949.46,816.68,852.49,840.13,902.56,835.02,929.07,872.12,1131.7,905.33,808.92,920.24,1050.4,874.19,692.19,677.67,850.75,1158.0,922.0,826.01,964.5,831.59,952.43,911.47,892.4,852.92,966.9,976.08,699.3,1046.8,738.46,963.21,833.81,862.2,688.83,1001.2,997.64,608.89,955.69,840.08,544.88,931.74,669.82,860.23,915.6,662.2,852.65,891.19,647.07,985.82,1001.6,904.51,673.58,964.93,769.93,893.02,873.29,654.95,963.51,1127.5,816.73,640.24,745.97,1066.2,922.0,842.73,992.53,528.04,570.35,740.02,957.41,863.58,804.47,968.12,907.9,810.08,680.7,644.05,1051.5,700.49,976.2,823.61,0.0058921,0.0072238,0.0056639,0.0054062,0.0059756,0.0057178,0.0060748,0.0060561,0.005857,0.0059857,0.0075298,0.0046369,0.0056038,0.0066724,0.0074827,0.00527,0.0057495,0.0049162,0.0041072,0.0068705,0.0058463,0.0052717,0.0064345,0.0049424,0.0056902,0.0055071,0.007157,0.0043876,0.0067822,0.0048653,0.0051215,0.003838,0.0064798,0.0058891,0.0069819,0.0060232,0.0052598,0.006534,0.0065592,0.0053474,0.0039849,0.006967,0.0046402,0.0056785,0.0056744,0.0058793,0.005689,0.0060959,0.0055495,0.0044477,0.0055505,0.0070019,0.0053412,0.0064545,0.0053422,0.0057698,0.0056723,0.0055418,0.0073035,0.0071484,0.0062141,0.0072643,0.0048956,0.0058986,0.0052761,0.0058337,0.0054331,0.0062302,0.005557,0.0062684,0.0050259,0.0055265,0.005925,0.0051374,0.0055129,0.0050283,0.0056154,0.0065219,0.0065888,0.0055082,0.0063599,0.0059308,0.0043874,0.0049355,0.0044903,0.0056533,0.0053135,0.0055845,0.0052345,0.0060554,0.0058654,0.0052093,0.0049679,0.005304,0.0049799,0.0050294,0.0070808,0.0048497,0.0051101,0.0065525,0.006352,0.0072235,0.0057601,0.0064334,0.0060072,0.0071424,0.006012,0.0052334,0.0049648,0.0064147,0.0054116,0.0062532,0.0060227,0.004344,0.006448,0.0055633,0.0062768,0.0059689,0.0059964,0.0052849,0.0062505,0.0060819,0.0054215,0.0053201,0.0054053,0.0073917,0.0049152,0.0057541,0.0066071,0.0067579,0.0058542,0.0068186,0.0052845,0.005071,0.0068675,0.0060606,0.0054625,0.0060257,0.0060246,0.0055275,0.0052101,0.0048674,0.0067298,0.0054509,0.0054796,0.0057132,0.0050317,0.0059572,0.0061729,0.0045358,0.0055438,0.0078334,0.0053781,0.0039505,0.0057287,0.0061828,0.0065662,0.0058404,0.0068233,0.0045881,0.0050544,0.0041156,0.0048572,0.0051767,0.0055045,0.0048105,0.0060719,0.0059979,0.0046835,0.0052007,0.0047173,0.0060389,0.005041,0.0055104,0.0051064,0.0054992,0.0049288,0.0049459,0.0060145,0.0051473,0.006101,0.0067257,0.0053952,0.0067526,0.0058145,0.0067461,0.0056049,0.005149,0.006037,0.0064873,0.0059671,0.0061822,0.0059079,0.0072259,0.0059691,0.0058274,0.0040575,0.0057448,0.0054721,0.0055563,0.0057362,0.0054356,0.006012,0.0053651,0.0082092,0.005512,0.0056775,0.005702,0.0059413,0.0057332,0.0048645,0.0046493,0.0051529,0.0070621,0.0061822,0.0056264,0.0055574,0.0052024,0.0061357,0.0059641,0.0056247,0.005405,0.0059192,0.0060515,0.0047716,0.0065026,0.0049317,0.0057337,0.0056857,0.0048991,0.0045506,0.005571,0.0064888,0.0041917,0.0058799,0.0046654,0.0047866,0.0060095,0.0045214,0.0055286,0.0058094,0.0048425,0.0051777,0.005315,0.0040909,0.0059557,0.0062325,0.0062357,0.0045717,0.006221,0.0048601,0.0058024,0.004823,0.004169,0.005356,0.007055,0.0052139,0.0048891,0.004617,0.0064787,0.0056584,0.0054221,0.0057177,0.0044655,0.0042683,0.0050409,0.0061678,0.0053662,0.0056711,0.0065402,0.0052527,0.0053406,0.0041761,0.0046635,0.0062246,0.0049428,0.0059754,0.0049834,652860.0,527600.0,4051000.0,2361500.0,1063500.0,5504200.0,2008000.0,2411200.0,2983400.0,2907700.0,715790.0,4946000.0,1272400.0,3886200.0,2497000.0,4962200.0,4006100.0,1313700.0,3439700.0,2457300.0,3280300.0,11623000.0,939160.0,6172800.0,733680.0,8929900.0,1559800.0,1804700.0,799240.0,3153800.0,1663100.0,5695800.0,23134000.0,2470300.0,2681400.0,4250800.0,1211200.0,1483800.0,1623100.0,2037800.0,1036500.0,2054600.0,998900.0,7322600.0,2384900.0,1789300.0,1464100.0,2229500.0,15638000.0,933030.0,7138100.0,3914300.0,695400.0,3830400.0,1057500.0,2604500.0,17325000.0,31464000.0,2325700.0,1698300.0,1501900.0,2783800.0,1015700.0,1887600.0,3336500.0,787200.0,2814400.0,1901400.0,3839200.0,2700300.0,1417200.0,1096800.0,14691000.0,5032200.0,1313700.0,3541200.0,1639800.0,944740.0,2521800.0,3636500.0,1267500.0,875270.0,2074100.0,856130.0,1823800.0,2791600.0,4851100.0,4107200.0,2293000.0,5593500.0,1274600.0,9165300.0,4558400.0,997350.0,1628100.0,875890.0,1738300.0,3439800.0,9756100.0,1694900.0,16185000.0,1389000.0,9707100.0,1601000.0,3111800.0,1248900.0,1595600.0,12279000.0,5012700.0,2131600.0,3788800.0,2346100.0,1178000.0,645020.0,3343500.0,11411000.0,2365500.0,1449300.0,738260.0,1883600.0,722040.0,1169800.0,2174300.0,8636100.0,4069700.0,2575300.0,3026200.0,2316200.0,1468700.0,757990.0,10124000.0,2341800.0,3477500.0,2031800.0,1344300.0,1016600.0,1973900.0,1030900.0,2818800.0,3841500.0,1137500.0,1448700.0,2060900.0,1490700.0,2159300.0,2379200.0,867820.0,6776700.0,1483200.0,9209400.0,6039000.0,796610.0,10241000.0,798180.0,1257100.0,18495000.0,669880.0,11896000.0,704520.0,5463300.0,3620500.0,3728500.0,2594300.0,5128500.0,4299400.0,4138300.0,945220.0,4052400.0,1605800.0,6226400.0,1476500.0,7458600.0,1058700.0,729360.0,3925100.0,2935000.0,1917500.0,8220700.0,2222600.0,929290.0,1207100.0,3637800.0,3493100.0,1909700.0,1445200.0,720570.0,6685600.0,5169700.0,2290100.0,619540.0,17391000.0,3256600.0,5152600.0,1119800.0,17904000.0,5318100.0,1077700.0,8409500.0,1326800.0,1407500.0,3909300.0,5195800.0,785010.0,1609000.0,953500.0,1742800.0,1536400.0,1428600.0,7692300.0,2295200.0,1389900.0,12034000.0,2729100.0,1213300.0,1238200.0,3194500.0,932670.0,4580100.0,1110300.0,1813100.0,7912700.0,4355400.0,685140.0,1393400.0,9817300.0,5161200.0,4960900.0,15079000.0,2942700.0,1891900.0,2294600.0,2933500.0,3129200.0,1844900.0,1714400.0,2219900.0,1469200.0,7074000.0,638180.0,3583000.0,8148600.0,8705300.0,1826300.0,5270900.0,3949100.0,4910800.0,847070.0,1117100.0,5283500.0,1523800.0,6462500.0,3415400.0,6961300.0,1931200.0,1605900.0,1559300.0,1065700.0,1101400.0,2250300.0,1018100.0,5082200.0,3404400.0,3048000.0,2817500.0,2386500.0,1906100.0,15335000.0,13457000.0,3518500.0,3147900.0,1932600.0,4368700.0,3283600.0,640970.0,2021700.0,760960.0,3461100.0,1947300.0,1.5397,1.7971,4.1327,1.368,2.2519,4.2636,1.1679,1.9327,4.2799,2.5757,2.7064,4.353,0.77406,2.031,4.2921,1.5689,2.5199,3.9227,2.9934,2.8586,5.886,1.2922,1.9298,4.2782,1.5809,1.7166,4.2244,1.3342,2.2377,4.2967,0.73271,2.0251,4.1968,3.0186,2.8746,4.6137,5.7303,2.7781,1.5062,1.2569,2.6767,3.6504,0.86031,2.1802,3.02,2.5106,2.1133,4.4588,1.4796,1.7118,3.8834,0.70957,2.6792,3.8538,1.9788,1.7874,3.446,1.1148,2.3619,3.234,0.22883,2.3192,3.5215,1.6759,1.62,3.3978,1.9553,2.6865,4.2723,1.7385,1.6371,3.3894,1.5773,1.6464,3.9578,0.33049,2.1639,3.1857,2.1296,2.44,4.4597,1.5894,1.6915,3.2622,0.80095,1.9592,2.7703,3.0695,2.8316,5.9198,1.9339,1.749,3.4411,0.96958,2.6883,2.8702,1.6902,2.5646,3.9284,0.65041,1.8971,2.7207,1.0363,2.4228,3.1187,1.8808,1.9653,4.4604,1.7086,1.6473,3.9049,0.59892,2.1555,3.9538,1.4344,2.5105,3.9321,1.0876,2.1719,3.2356,2.662,2.3471,4.3107,2.1329,2.2282,4.7039,1.4722,1.6523,3.9291,1.8773,2.0184,4.4629,1.5311,2.1837,3.2312,0.8111,2.2369,3.0754,2.4196,2.4457,4.3618,2.0229,2.5138,4.8705,2.0636,2.6015,4.8728,2.6605,2.3438,4.2939,1.4084,2.5196,3.9199,1.7791,2.3046,4.3683,2.4953,2.9928,4.3811,0.62456,2.3732,2.6491,1.535,1.9853,4.6012,1.9622,3.0306,3.8495,0.33601,2.3718,3.3463,1.6362,1.6193,4.0886,0.80456,2.169,3.0725,2.2377,2.3109,4.6919,0.65028,2.427,3.0867,0.94953,2.2486,3.2036,0.060677,2.9055,1.7877,2.0103,2.1565,4.6084,2.6165,2.3728,4.2281,2.4072,2.2935,5.1069,1.9363,2.6751,4.1959,1.2494,1.8489,4.015,4.6342,2.8306,0.59535,0.89066,2.1854,3.0139,1.4257,2.1009,4.2896,1.1664,2.2282,3.5484,2.074,2.6724,4.3465,1.6377,1.5897,4.1446,1.1566,2.5103,3.1084,0.69251,2.4726,3.7551,2.198,1.84,3.6848,1.4931,2.515,3.4831,1.4969,2.6112,3.5705,1.5494,1.6334,4.2939,1.9737,2.6955,4.4745,2.0856,2.6925,4.6159,3.2167,2.8129,6.0466,1.7251,1.6276,4.202,1.8278,1.9298,3.3869,2.452,2.9293,5.2914,1.1297,2.5482,3.0904,2.5868,2.4034,4.9898,0.99776,2.6914,4.1579,1.4854,2.4893,3.5345,1.067,1.9374,4.1163,1.674,1.6118,4.0768,1.7629,1.9206,3.414,6.083,2.9076,2.9285,2.9366,2.2373,4.6277,1.4654,1.9429,4.3383,1.254,2.5888,3.4014,1.3836,2.4543,3.3955,1.7603,1.9081,3.6627,1.9072,2.4588,4.0641,1.094,2.3568,3.2299,2.5207,1.9402,5.2635,1.136,2.6149,3.3054,1.3748,2.4981,3.3816,6.2157,3.0487,2.9956,0.67289,1.888,2.7979,1.7221,1.9956,4.5427,1.543,1.8307,4.2016,5.2719,2.8407,1.6607,0.82737,2.1945,2.8906,0.89308,2.7095,4.0994,2.3858,2.4815,3.6914,2.6669,2.2996,4.948,2.9245,2.6067,4.5534,2.0434,2.3995,4.5574,2.3604,2.1692,4.1925,0.77977,2.167,3.3365,0.55379,2.4262,3.0586,0.55934,2.1902,3.9111,2.5384,2.4478,4.5771,0.84831,2.3819,2.9798,1.3433,1.5658,4.3622,1.6353,1.9631,3.5017,0.23401,2.6671,2.1284,3.5498,2.9455,0.32125,0.89378,2.3035,3.0349,1.6352,1.6604,4.1373,1.5357,1.7843,3.2241,0.77471,2.3867,2.8678,2.2435,2.3002,4.9514,1.2004,2.5612,3.182,1.2233,2.212,3.6057,0.39572,2.0786,3.2958,1.735,1.9311,3.4357,2.5053,2.1078,4.0966,2.1725,2.1491,4.9828,1.3833,1.7409,3.8414,0.77817,2.0172,2.7858,2.1668,2.1602,5.0157,2.2086,2.252,4.5207,1.5611,2.4207,4.0004,4.1406,2.9206,0.02177,1.8661,2.4578,3.9987,0.71223,1.9809,4.151,1.2153,2.6611,4.2585,3.413,2.8162,6.0853,1.6456,1.5915,3.2684,0.2322,2.378,3.395,4.9323,2.9736,0.72856,0.50097,2.811,3.3004,1.2164,2.5351,3.0446,2.2191,2.1151,4.9413,1.5981,2.0729,4.4263,1.597,1.6276,3.3887,1.5188,2.9298,3.3011,0.67963,2.3588,2.8736,0.8664,2.3889,3.007,0.21547,2.6572,3.3404,1.7926,2.4186,4.2583,0.62538,2.3938,2.8107,1.0676,2.3089,3.6067,1.358,1.7684,4.3077,0.25728,2.3605,3.431,1.5937,1.593,3.2796,0.70994,2.3356,2.8563,2.9771,2.8616,5.9886,1.8143,2.5376,3.9623,2.0763,2.2441,4.6352,2.3203,2.6778,5.1046,1.751,1.9485,3.8233,1.4012,1.7708,3.755,2.2804,2.1317,4.9955,1.4642,2.5784,3.982,0.57013,3.0199,2.3035,4.5594,2.9287,0.29271,1.217,2.7975,4.2352,1.8452,1.9617,3.9007,1.1695,2.6675,2.8118,0.30935,2.7934,2.9718,1.0571,2.9154,4.2163,0.53344,2.4546,2.6236,0.74666,2.0443,2.8579,0.59794,2.4726,3.4132,1.751,2.2101,4.3476,1.1879,2.8026,4.3468,0.6267,2.0272,2.9953,2.0261,1.8259,3.7469,1.3142,1.874,3.7099,2.2709,2.6,4.7628,1.4809,1.5716,4.2115,1.3177,2.1328,3.2171,0.70983,2.0755,3.0015,0.66556,2.3015,2.6537,1.7614,2.3742,4.1937,2.2767,2.607,4.8754,0.57572,2.0496,2.9757,1.6157,1.7189,3.3248,0.88714,2.9937,2.6679,0.59157,2.5092,2.6153,3.1699,2.7273,6.1423,6.1276,2.8817,2.5771,4.2645,2.9094,6.185,2.4535,2.2822,3.7257,1.4872,3.0761,4.4569,1.2693,2.4408,3.5124,6.0768,3.1114,2.746,2.4022,2.1695,3.7336,1.2683,1.8496,3.7193,2.3825,2.3239,4.6143,2.5837,2.6958,4.1809,1.2324,2.7262,4.3813,1.782,1.9357,3.8251,1.2808,2.7526,3.7955,2.3539,2.3421,4.9669,1.3896,2.6117,3.3501,2.1149,2.2709,4.088,0.77068,1.9925,3.3944,2.484,2.3328,3.7805,2.4033,2.3483,3.7042,2.3022,1.9866,5.0328,2.6139,2.2802,4.8339,2.432,2.2205,3.7645,1.4809,1.6003,3.9055,2.3957,2.5906,4.9003,1.8053,1.9428,3.8526,0.75946,2.1347,4.1562,1.6551,1.8389,4.3191,2.3333,2.5612,4.9314,1.4089,2.4006,3.2809,5.7228,2.8323,2.0771,1.7791,1.7455,3.5554,1.9231,2.9173,4.1948,2.0802,1.9895,4.792,1.2174,2.622,4.3404,2.0292,2.1531,4.9108,1.5869,1.7852,3.9519,1.6592,1.9618,3.3454,1.2182,2.7304,3.7799,0.94364,2.8659,3.8035,1.5336,2.5005,3.9739,1.2624,2.7099,3.7336,1.7237,1.7787,4.0775,0.82028,2.421,2.7895,1.9105,2.1376,4.388,0.0048229,2.7706,2.8515,1.0618,1.991,4.3246,0.96827,2.2238,3.105,1.5938,2.3951,4.5419,0.93242,2.0796,2.8343,0.68184,2.0184,2.6913,1.5975,1.7685,3.956,0.89835,2.3995,2.8829,1.3624,1.5866,3.8546,2.8077,2.6396,4.6055,1.1508,2.2216,3.6312,1.2795,2.7569,3.7988,1.9838,2.121,4.4579,0.99974,2.0322,4.2649,1.837,1.6578,3.4452,1.6433,2.5351,3.9928,2.1901,2.4935,4.9161,2.1881,2.3952,3.591,1.1439,2.982,3.3748,1.4679,1.4581,4.2635,0.58319,3.0435,3.657,1.5997,1.7162,4.2293,0.72611,2.0248,2.7183,0.65678,2.1831,4.0494,2.6887,2.6335,4.52,2.1404,2.1057,3.4233,1.3547,2.791,3.522,1.2185,2.3748,3.6506,2.558,2.0676,4.4273,1.484,1.6765,4.4442,1.4421,2.5445,3.5502,1.9936,2.3948,4.1184,2.5537,2.191,4.95,0.49787,2.4711,3.0749
0.27449,894.64,0.0057319,755.94,1174.3,856.93,871.73,954.39,936.44,970.18,893.37,851.45,890.93,1316.0,658.88,845.8,1085.8,1218.1,831.71,917.58,708.98,631.04,1059.7,883.05,737.49,943.57,712.66,847.76,873.97,1215.1,548.3,1049.9,781.52,806.2,562.68,1101.3,977.39,1160.7,974.42,789.03,1056.0,1149.8,927.06,706.29,1117.5,645.91,940.34,906.72,988.06,1012.7,1056.8,895.82,896.53,895.69,1163.9,1003.0,1105.0,822.25,1004.2,894.99,795.32,1213.0,1117.8,1070.2,1230.6,613.52,824.65,808.37,837.87,785.32,957.43,922.83,935.48,757.03,968.37,956.23,758.1,850.39,828.35,941.0,1041.3,1037.1,830.5,960.24,932.39,719.89,1013.3,610.75,980.56,807.33,931.1,844.9,991.94,963.76,779.57,743.87,892.46,755.85,817.36,1152.1,767.35,807.23,1102.0,1087.7,1208.4,972.32,1028.5,964.27,1306.2,970.66,753.0,854.55,1043.4,787.28,988.86,989.83,583.91,1072.1,881.93,1061.0,988.07,937.69,752.69,976.36,990.77,784.81,817.86,791.94,1224.8,710.89,903.46,1084.6,1110.2,902.72,1176.0,843.68,792.81,1065.1,887.8,882.7,1006.2,952.84,923.18,822.44,912.35,1155.6,803.19,794.66,1054.4,789.81,880.51,1028.1,725.05,839.19,1329.5,839.84,534.78,887.25,1073.7,1079.4,854.39,1160.8,743.46,820.5,586.81,688.43,754.72,938.13,694.23,991.77,996.65,686.89,818.08,856.3,988.44,712.62,888.22,836.6,800.98,746.6,771.3,1110.4,861.82,1040.1,1219.5,839.22,1087.4,833.04,1164.3,940.54,791.84,1067.9,1234.4,933.05,1033.2,941.72,1035.8,1025.0,914.66,980.29,832.05,868.68,860.45,922.43,852.59,953.25,889.56,1161.4,925.0,827.15,934.99,1075.8,892.39,702.79,692.03,868.18,1186.7,948.74,845.44,979.03,851.52,976.15,929.29,911.85,869.46,980.65,995.28,713.93,1071.1,753.96,985.78,849.86,875.92,702.75,1025.4,1015.7,621.14,977.49,855.48,550.56,945.28,681.96,877.23,937.98,675.72,870.08,910.39,659.28,1010.4,1013.6,927.19,688.54,983.37,783.19,912.84,887.55,670.43,985.01,1151.2,837.71,645.25,759.36,1089.2,942.08,862.98,1016.4,537.89,580.09,753.95,976.07,883.91,823.32,990.52,916.84,825.26,688.32,652.67,1079.1,713.02,997.82,837.88,0.0060286,0.007414,0.0058122,0.0055312,0.0060992,0.0058489,0.0062205,0.0062058,0.0060013,0.006121,0.0077431,0.0047064,0.0057136,0.0068525,0.0077218,0.0053863,0.0058444,0.0050385,0.0041656,0.0070729,0.0059872,0.0053987,0.0065811,0.0050518,0.00583,0.0056369,0.0073741,0.0044851,0.0069428,0.0049765,0.0052268,0.0038693,0.006631,0.0060466,0.0071568,0.0061683,0.005349,0.006707,0.0067227,0.0054533,0.0040716,0.0071003,0.0047366,0.0058101,0.0058404,0.0060221,0.005842,0.0062332,0.0056711,0.0045279,0.0056916,0.0071838,0.005464,0.0066229,0.0054632,0.0059081,0.0057056,0.0056591,0.0074915,0.0073272,0.006394,0.0074803,0.0049723,0.0060111,0.0054099,0.0057822,0.0055427,0.0063685,0.0056483,0.0064117,0.0051167,0.0056653,0.0060698,0.0052488,0.0056355,0.0051157,0.0057764,0.0067055,0.0067578,0.0055479,0.0065179,0.0060504,0.0044753,0.0049606,0.0045814,0.0056405,0.0054249,0.0057071,0.0053697,0.0062214,0.0059274,0.0053072,0.0050767,0.0054083,0.0051042,0.0051523,0.007241,0.0049663,0.0052454,0.0067365,0.0065176,0.0073891,0.0058481,0.0066004,0.0060976,0.0073621,0.0061546,0.005347,0.0050892,0.0065518,0.005536,0.0063937,0.0061325,0.0044161,0.0066075,0.0056893,0.0064198,0.0061185,0.0061262,0.0054103,0.0063776,0.0061999,0.0055672,0.0054646,0.0055077,0.0075812,0.005043,0.0058209,0.0067667,0.0069613,0.0059901,0.0070189,0.0054105,0.0051932,0.0070423,0.0061751,0.0055763,0.0061744,0.0061364,0.0056598,0.005344,0.0049918,0.0069273,0.005585,0.0056033,0.0058384,0.0051642,0.0060979,0.0063162,0.0046533,0.0056773,0.0080195,0.0054873,0.0040115,0.0058526,0.0063383,0.0067287,0.005932,0.0069918,0.0046604,0.0051818,0.0042038,0.0049377,0.0052845,0.0056294,0.004934,0.0062179,0.0061152,0.0047947,0.0053203,0.004815,0.0061642,0.005122,0.0056301,0.0052162,0.0056074,0.0050126,0.0050405,0.0061358,0.005246,0.0062375,0.0069029,0.0055036,0.0069091,0.0059276,0.0069108,0.005734,0.0052566,0.0061705,0.0066242,0.0060977,0.0063271,0.0060315,0.0073997,0.0061125,0.0059497,0.0041798,0.0058551,0.0055694,0.005679,0.0058734,0.0055552,0.006161,0.0054799,0.0083875,0.0056153,0.0057916,0.0058107,0.0060763,0.0058491,0.0049443,0.0047486,0.0052536,0.0072364,0.0063479,0.0057542,0.0056495,0.0053204,0.0062759,0.0060834,0.0057461,0.005511,0.0060201,0.0061718,0.0048719,0.0066383,0.0050381,0.0058699,0.0057932,0.0049869,0.0046325,0.0057028,0.0066161,0.0042674,0.0060084,0.0047124,0.0048486,0.0061091,0.0046047,0.005636,0.0059444,0.0049451,0.0052802,0.0054222,0.0041583,0.0060966,0.0063184,0.0063928,0.0046577,0.0063476,0.0049421,0.005925,0.0048325,0.0042687,0.0054873,0.0072084,0.0053408,0.0049433,0.0046999,0.0066106,0.0057778,0.0055407,0.0058673,0.0045589,0.0043395,0.0051521,0.0062907,0.00549,0.0058069,0.0066855,0.0053172,0.0054334,0.004236,0.0047504,0.0063939,0.005033,0.0061042,0.0050773,652860.0,527600.0,4051000.0,2361500.0,1063500.0,5504200.0,2008000.0,2411200.0,2983400.0,2907700.0,715790.0,4946000.0,1272400.0,3886200.0,2497000.0,4962200.0,4006100.0,1313700.0,3439700.0,2457300.0,3280300.0,11623000.0,939160.0,6172800.0,733680.0,8929900.0,1559800.0,1804700.0,799240.0,3153800.0,1663100.0,5695800.0,23134000.0,2470300.0,2681400.0,4250800.0,1211200.0,1483800.0,1623100.0,2037800.0,1036500.0,2054600.0,998900.0,7322600.0,2384900.0,1789300.0,1464100.0,2229500.0,15638000.0,933030.0,7138100.0,3914300.0,695400.0,3830400.0,1057500.0,2604500.0,17325000.0,31464000.0,2325700.0,1698300.0,1501900.0,2783800.0,1015700.0,1887600.0,3336500.0,787200.0,2814400.0,1901400.0,3839200.0,2700300.0,1417200.0,1096800.0,14691000.0,5032200.0,1313700.0,3541200.0,1639800.0,944740.0,2521800.0,3636500.0,1267500.0,875270.0,2074100.0,856130.0,1823800.0,2791600.0,4851100.0,4107200.0,2293000.0,5593500.0,1274600.0,9165300.0,4558400.0,997350.0,1628100.0,875890.0,1738300.0,3439800.0,9756100.0,1694900.0,16185000.0,1389000.0,9707100.0,1601000.0,3111800.0,1248900.0,1595600.0,12279000.0,5012700.0,2131600.0,3788800.0,2346100.0,1178000.0,645020.0,3343500.0,11411000.0,2365500.0,1449300.0,738260.0,1883600.0,722040.0,1169800.0,2174300.0,8636100.0,4069700.0,2575300.0,3026200.0,2316200.0,1468700.0,757990.0,10124000.0,2341800.0,3477500.0,2031800.0,1344300.0,1016600.0,1973900.0,1030900.0,2818800.0,3841500.0,1137500.0,1448700.0,2060900.0,1490700.0,2159300.0,2379200.0,867820.0,6776700.0,1483200.0,9209400.0,6039000.0,796610.0,10241000.0,798180.0,1257100.0,18495000.0,669880.0,11896000.0,704520.0,5463300.0,3620500.0,3728500.0,2594300.0,5128500.0,4299400.0,4138300.0,945220.0,4052400.0,1605800.0,6226400.0,1476500.0,7458600.0,1058700.0,729360.0,3925100.0,2935000.0,1917500.0,8220700.0,2222600.0,929290.0,1207100.0,3637800.0,3493100.0,1909700.0,1445200.0,720570.0,6685600.0,5169700.0,2290100.0,619540.0,17391000.0,3256600.0,5152600.0,1119800.0,17904000.0,5318100.0,1077700.0,8409500.0,1326800.0,1407500.0,3909300.0,5195800.0,785010.0,1609000.0,953500.0,1742800.0,1536400.0,1428600.0,7692300.0,2295200.0,1389900.0,12034000.0,2729100.0,1213300.0,1238200.0,3194500.0,932670.0,4580100.0,1110300.0,1813100.0,7912700.0,4355400.0,685140.0,1393400.0,9817300.0,5161200.0,4960900.0,15079000.0,2942700.0,1891900.0,2294600.0,2933500.0,3129200.0,1844900.0,1714400.0,2219900.0,1469200.0,7074000.0,638180.0,3583000.0,8148600.0,8705300.0,1826300.0,5270900.0,3949100.0,4910800.0,847070.0,1117100.0,5283500.0,1523800.0,6462500.0,3415400.0,6961300.0,1931200.0,1605900.0,1559300.0,1065700.0,1101400.0,2250300.0,1018100.0,5082200.0,3404400.0,3048000.0,2817500.0,2386500.0,1906100.0,15335000.0,13457000.0,3518500.0,3147900.0,1932600.0,4368700.0,3283600.0,640970.0,2021700.0,760960.0,3461100.0,1947300.0,1.5413,1.7948,4.1315,1.3752,2.2546,4.2655,1.1651,1.9313,4.2813,2.5816,2.7088,4.356,0.7716,2.0311,4.2934,1.5691,2.5208,3.9228,2.9897,2.8596,5.886,1.2956,1.9261,4.2802,1.5746,1.7156,4.2234,1.3365,2.2376,4.2996,0.72833,2.0235,4.1978,3.0241,2.8758,4.6188,5.7304,2.7779,1.5068,1.257,2.6709,3.651,0.8578,2.1823,3.0195,2.5114,2.117,4.4601,1.4788,1.7122,3.8824,0.71294,2.6848,3.8535,1.9784,1.7885,3.4452,1.1139,2.3596,3.2392,0.2256,2.3204,3.5183,1.6715,1.6182,3.3984,1.9515,2.6818,4.269,1.736,1.6363,3.3895,1.5798,1.6455,3.9593,0.32871,2.1654,3.1849,2.134,2.4425,4.4621,1.5943,1.6921,3.2646,0.8007,1.9622,2.7703,3.0725,2.8314,5.9251,1.9321,1.7483,3.44,0.96925,2.688,2.8694,1.6863,2.5644,3.9258,0.6512,1.8977,2.7179,1.0341,2.4222,3.1201,1.8798,1.9674,4.4589,1.709,1.6461,3.9055,0.60264,2.1526,3.9623,1.4438,2.5126,3.9388,1.0895,2.1756,3.2342,2.6689,2.3495,4.3124,2.1364,2.2307,4.7056,1.4723,1.6508,3.9294,1.8774,2.0227,4.4615,1.5362,2.1849,3.2291,0.80976,2.2416,3.0701,2.4198,2.4495,4.3631,2.0262,2.5106,4.8693,2.0685,2.6006,4.8723,2.6674,2.3469,4.2958,1.4125,2.5201,3.9188,1.7835,2.3074,4.3711,2.5053,2.9903,4.3882,0.62942,2.369,2.6562,1.5365,1.9827,4.6015,1.9571,3.0292,3.8412,0.33512,2.3716,3.3432,1.635,1.6189,4.0888,0.80924,2.1738,3.0724,2.2385,2.3115,4.6935,0.64985,2.4216,3.0881,0.94498,2.2534,3.2004,0.058802,2.906,1.7811,2.0126,2.1623,4.6105,2.6178,2.3755,4.2268,2.3979,2.2928,5.106,1.9308,2.6704,4.1892,1.2539,1.8483,4.0178,4.6311,2.822,0.59967,0.88838,2.1874,3.0119,1.4311,2.1016,4.2909,1.17,2.2333,3.5506,2.0661,2.6684,4.3388,1.6355,1.5892,4.1442,1.1571,2.5091,3.1108,0.69002,2.4753,3.7549,2.2039,1.8372,3.6844,1.4888,2.5181,3.4832,1.4875,2.6131,3.5681,1.5437,1.6323,4.2948,1.9671,2.6906,4.4701,2.0823,2.6883,4.617,3.2114,2.8135,6.0452,1.7271,1.6277,4.2031,1.8334,1.9276,3.3847,2.4627,2.9273,5.3047,1.1278,2.5486,3.0904,2.5845,2.4012,4.9897,0.99674,2.6955,4.1614,1.4796,2.4909,3.5368,1.0613,1.941,4.1191,1.6746,1.6116,4.0764,1.766,1.918,3.4128,6.0742,2.9065,2.9223,2.9382,2.2348,4.631,1.4709,1.9408,4.3439,1.2518,2.5861,3.4036,1.3807,2.4549,3.3974,1.7572,1.9044,3.6603,1.905,2.4637,4.0678,1.0936,2.3593,3.2321,2.5203,1.9343,5.268,1.1308,2.612,3.3051,1.3713,2.5001,3.3829,6.1968,3.0528,2.9768,0.67078,1.8922,2.7937,1.7228,1.9926,4.5483,1.5443,1.8288,4.2046,5.2633,2.8374,1.6542,0.82778,2.1978,2.8952,0.88836,2.714,4.1013,2.392,2.4765,3.693,2.6731,2.2935,4.9482,2.9286,2.6026,4.5552,2.0427,2.3966,4.5611,2.3592,2.1728,4.1934,0.78047,2.175,3.3365,0.56294,2.4242,3.065,0.5597,2.1918,3.9181,2.544,2.4449,4.5822,0.84943,2.3807,2.9829,1.3468,1.5651,4.365,1.6322,1.961,3.505,0.24068,2.6665,2.13,3.5575,2.9447,0.33182,0.89593,2.2995,3.0398,1.6342,1.6611,4.1402,1.5363,1.7843,3.2264,0.77399,2.3847,2.8678,2.2461,2.2976,4.9521,1.2027,2.5624,3.1865,1.2282,2.2216,3.6102,0.38934,2.084,3.2978,1.7357,1.9282,3.4359,2.5104,2.1089,4.0912,2.1725,2.1481,4.9829,1.3865,1.7402,3.8433,0.77944,2.0201,2.7878,2.1672,2.1603,5.0184,2.2039,2.2549,4.5234,1.5611,2.4252,4.003,4.1334,2.9155,0.012485,1.8602,2.462,3.9974,0.70732,1.9817,4.1529,1.2172,2.6651,4.261,3.4064,2.8144,6.085,1.6492,1.5914,3.2679,0.22802,2.3809,3.3933,4.9246,2.973,0.71712,0.49903,2.8122,3.3042,1.2143,2.5364,3.0478,2.2203,2.1142,4.94,1.6026,2.0712,4.43,1.5982,1.6275,3.3926,1.5268,2.9321,3.3008,0.68619,2.3557,2.8787,0.86474,2.3853,3.0077,0.21498,2.6586,3.3402,1.802,2.424,4.263,0.63154,2.3919,2.8141,1.0686,2.3143,3.6044,1.358,1.7667,4.3084,0.25516,2.3623,3.4324,1.5959,1.5926,3.2794,0.71819,2.3317,2.8606,2.9743,2.8611,5.9902,1.8054,2.5349,3.9591,2.0788,2.2461,4.6365,2.308,2.6738,5.097,1.7445,1.9475,3.8198,1.4052,1.7674,3.7573,2.2835,2.1311,4.9956,1.4652,2.5755,3.9796,0.56317,3.0182,2.2928,4.5566,2.9264,0.29121,1.2157,2.8024,4.2312,1.8419,1.9627,3.9014,1.1658,2.6692,2.8093,0.30681,2.7931,2.9731,1.0614,2.9166,4.2193,0.53314,2.451,2.6263,0.74887,2.0487,2.8545,0.60033,2.475,3.4134,1.7593,2.2118,4.3517,1.1846,2.8069,4.346,0.62792,2.0302,2.9891,2.0281,1.8239,3.7441,1.3205,1.8756,3.7131,2.2631,2.595,4.754,1.4866,1.5725,4.212,1.3152,2.132,3.2187,0.71319,2.0801,2.998,0.66943,2.2973,2.6554,1.7656,2.3771,4.1961,2.2712,2.6024,4.8719,0.57435,2.0524,2.9709,1.6174,1.7205,3.324,0.89498,2.9925,2.6715,0.59168,2.51,2.6157,3.1767,2.7256,6.1508,6.1292,2.8827,2.583,4.2538,2.9056,6.1708,2.4579,2.2756,3.7244,1.5,3.076,4.477,1.2655,2.4443,3.513,6.0246,3.112,2.7011,2.4026,2.1664,3.7308,1.2687,1.8497,3.722,2.3801,2.3239,4.6165,2.5828,2.6994,4.1869,1.2304,2.7279,4.3821,1.7773,1.9341,3.8218,1.2868,2.75,3.8009,2.3509,2.3379,4.9635,1.3804,2.6092,3.3513,2.1114,2.2754,4.0875,0.76657,1.9951,3.3949,2.4866,2.3285,3.7812,2.4047,2.3455,3.7027,2.3062,1.9895,5.0378,2.6105,2.2799,4.8354,2.4346,2.2193,3.7622,1.4842,1.6006,3.9076,2.3935,2.5855,4.8976,1.8017,1.9421,3.8505,0.75847,2.1344,4.1616,1.6558,1.8396,4.3216,2.3306,2.5552,4.9308,1.4063,2.4014,3.2818,5.7138,2.8292,2.0719,1.776,1.7443,3.5576,1.9165,2.9114,4.1864,2.0821,1.9917,4.7919,1.2235,2.6244,4.3438,2.0367,2.1537,4.913,1.5852,1.7844,3.9512,1.6619,1.9594,3.343,1.223,2.7297,3.7856,0.94252,2.867,3.8017,1.5382,2.5021,3.9789,1.2669,2.7058,3.7343,1.7195,1.7773,4.0768,0.81805,2.4197,2.7907,1.9114,2.1408,4.3895,0.0016687,2.7698,2.8521,1.0608,1.9929,4.3273,0.9696,2.2214,3.106,1.5949,2.3952,4.5406,0.92982,2.0793,2.8341,0.6807,2.0189,2.69,1.5972,1.7668,3.9557,0.89682,2.3975,2.8867,1.3611,1.5859,3.8547,2.8127,2.6413,4.6056,1.1534,2.2251,3.6312,1.2852,2.7563,3.807,1.9856,2.1278,4.4581,0.99752,2.0349,4.2658,1.8355,1.6581,3.4455,1.6429,2.5366,3.9929,2.1933,2.4908,4.916,2.1898,2.3949,3.5873,1.1452,2.9766,3.3764,1.4675,1.4587,4.2651,0.58251,3.0453,3.6589,1.5996,1.7143,4.2297,0.72577,2.0252,2.7178,0.65627,2.1827,4.0531,2.6898,2.6347,4.5198,2.1443,2.1056,3.4228,1.3561,2.7864,3.5241,1.2239,2.3806,3.6519,2.5611,2.0699,4.4255,1.485,1.6736,4.4453,1.4364,2.542,3.5495,1.9907,2.3989,4.1209,2.5506,2.186,4.9516,0.4986,2.4708,3.0776
0.28204,908.62,0.0058198,766.55,1195.8,875.71,882.73,971.53,950.95,982.01,906.21,862.15,903.95,1342.3,667.18,855.23,1105.0,1245.6,843.41,932.56,722.35,638.86,1083.7,896.88,749.21,956.97,723.06,861.28,886.11,1237.7,554.86,1067.0,791.94,817.15,567.84,1119.5,995.39,1181.2,988.66,800.48,1078.7,1169.6,939.56,717.1,1133.8,654.49,956.36,923.22,1004.2,1031.0,1074.4,910.99,908.09,912.27,1186.5,1018.1,1127.5,835.83,1020.0,910.82,807.18,1233.9,1140.3,1090.1,1255.0,620.18,836.99,820.79,837.43,796.0,968.72,930.39,950.91,766.55,986.49,974.1,770.68,865.38,836.85,961.56,1062.6,1057.1,835.75,972.27,940.31,728.04,1032.3,621.25,990.65,819.31,945.95,857.67,1010.6,975.27,789.31,754.47,908.46,767.48,830.2,1171.1,781.59,819.48,1121.8,1106.8,1230.1,987.35,1049.0,978.39,1331.8,986.81,764.7,867.76,1062.8,800.43,1006.7,1002.8,594.75,1089.8,895.79,1078.9,1006.0,954.49,767.89,992.56,1005.2,799.16,831.34,802.93,1250.4,723.76,915.5,1105.5,1134.4,916.85,1201.4,855.77,805.31,1082.7,899.12,896.21,1023.8,964.06,938.79,837.78,927.36,1180.9,815.84,807.4,1063.7,805.49,893.83,1041.8,735.88,853.93,1354.9,852.08,540.09,894.93,1093.1,1097.3,866.38,1181.4,752.21,834.85,594.78,695.75,765.62,953.22,705.21,1006.5,1011.3,697.51,829.59,866.95,1003.4,721.31,900.53,848.24,811.66,756.48,782.39,1123.4,873.47,1057.6,1240.0,850.3,1106.9,845.09,1181.9,956.56,801.95,1084.6,1251.7,948.31,1050.3,957.67,1058.3,1042.0,928.94,1006.8,843.3,880.3,875.17,935.24,863.92,969.08,902.12,1184.9,939.42,840.89,944.38,1094.3,905.92,710.05,701.42,880.57,1207.7,969.15,860.23,987.15,864.78,992.86,942.85,925.87,881.78,991.01,1007.5,724.15,1091.0,764.31,1001.9,861.94,885.53,713.51,1042.3,1029.6,628.89,992.4,867.19,556.3,956.11,690.61,890.56,954.83,684.73,882.1,923.28,666.79,1026.6,1024.2,941.6,699.66,997.03,793.07,926.19,901.14,678.42,998.5,1167.2,853.7,651.84,768.89,1106.3,957.81,876.89,1031.4,544.14,587.0,763.51,989.13,897.98,835.65,1007.4,923.66,839.2,693.41,659.97,1098.8,722.76,1015.0,848.69,0.0061155,0.0075443,0.0059203,0.0056099,0.0061995,0.0059386,0.0063111,0.0062998,0.0060926,0.0062139,0.007895,0.0047652,0.0057861,0.0069826,0.0078781,0.0054632,0.0059294,0.0051208,0.0042183,0.0072125,0.0060825,0.005485,0.0066858,0.0051283,0.0059242,0.0057208,0.0075058,0.0045444,0.007054,0.0050521,0.0052981,0.0039055,0.0067407,0.0061579,0.0072793,0.0062693,0.0054187,0.0068409,0.0068425,0.0055301,0.0041227,0.0072057,0.0048032,0.0059106,0.0059482,0.0061273,0.0059513,0.0063394,0.0057625,0.0045823,0.0057889,0.0073146,0.0055424,0.0067517,0.0055445,0.0060036,0.0057725,0.0057419,0.007627,0.0074527,0.0065049,0.0076165,0.0050215,0.0060933,0.0054938,0.0057904,0.0056221,0.0064537,0.0057073,0.0065018,0.0051819,0.0057713,0.0061784,0.0053247,0.0057258,0.0051752,0.0058938,0.0068303,0.0068739,0.0055853,0.0066164,0.0061279,0.0045329,0.0050015,0.0046538,0.0056682,0.0055038,0.0057989,0.0054583,0.006343,0.0060064,0.0053744,0.0051505,0.0054913,0.0051898,0.0052388,0.0073566,0.0050515,0.0053303,0.0068664,0.0066329,0.007519,0.0059362,0.0067147,0.0061805,0.0075185,0.0062589,0.0054273,0.005175,0.0066549,0.0056196,0.0065012,0.0062033,0.0044705,0.006714,0.0057807,0.0065325,0.006226,0.0062238,0.0055011,0.0064691,0.0062933,0.005662,0.0055585,0.0055807,0.0077235,0.0051314,0.0058862,0.0068831,0.0071019,0.006082,0.0071707,0.0055016,0.0052762,0.0071713,0.0062503,0.0056606,0.0062781,0.0062089,0.0057591,0.0054376,0.005078,0.0070734,0.0056738,0.0056841,0.0059074,0.0052567,0.0061937,0.0064117,0.0047293,0.0057708,0.0081581,0.0055675,0.0040528,0.0059282,0.0064547,0.0068327,0.006009,0.0071183,0.0047173,0.0052693,0.0042601,0.0049984,0.0053631,0.0057243,0.0050142,0.0063158,0.0062063,0.0048708,0.0054037,0.0048844,0.0062568,0.0051875,0.0057174,0.0052869,0.0056825,0.0050749,0.0051104,0.0062175,0.0053198,0.0063399,0.0070343,0.0055745,0.0070248,0.006013,0.0070359,0.0058321,0.0053318,0.0062701,0.0067239,0.0061924,0.0064378,0.0061282,0.0075285,0.0062161,0.0060395,0.0042832,0.0059354,0.0056352,0.0057665,0.0059658,0.0056324,0.0062618,0.0055633,0.0085194,0.0056926,0.0058753,0.0058837,0.0061772,0.0059347,0.0049994,0.0048124,0.0053267,0.0073656,0.0064763,0.0058516,0.0057059,0.0053986,0.0063724,0.0061767,0.005836,0.0055898,0.0060963,0.0062511,0.00494,0.0067523,0.0051095,0.0059692,0.0058711,0.0050495,0.0046938,0.0057962,0.006711,0.0043151,0.0060964,0.0047538,0.0048964,0.0061826,0.0046633,0.0057202,0.0060474,0.0050134,0.0053503,0.0054952,0.0042016,0.0061919,0.0063862,0.0064924,0.0047219,0.0064406,0.0050041,0.0060066,0.0048734,0.0043243,0.0055752,0.0073112,0.0054377,0.0049972,0.0047586,0.0067077,0.0058711,0.0056219,0.0059638,0.0046176,0.0043906,0.0052267,0.0063768,0.0055758,0.0058935,0.0067904,0.0053698,0.0055183,0.0042757,0.0048126,0.0065152,0.0051042,0.0062072,0.005149,652860.0,527600.0,4051000.0,2361500.0,1063500.0,5504200.0,2008000.0,2411200.0,2983400.0,2907700.0,715790.0,4946000.0,1272400.0,3886200.0,2497000.0,4962200.0,4006100.0,1313700.0,3439700.0,2457300.0,3280300.0,11623000.0,939160.0,6172800.0,733680.0,8929900.0,1559800.0,1804700.0,799240.0,3153800.0,1663100.0,5695800.0,23134000.0,2470300.0,2681400.0,4250800.0,1211200.0,1483800.0,1623100.0,2037800.0,1036500.0,2054600.0,998900.0,7322600.0,2384900.0,1789300.0,1464100.0,2229500.0,15638000.0,933030.0,7138100.0,3914300.0,695400.0,3830400.0,1057500.0,2604500.0,17325000.0,31464000.0,2325700.0,1698300.0,1501900.0,2783800.0,1015700.0,1887600.0,3336500.0,787200.0,2814400.0,1901400.0,3839200.0,2700300.0,1417200.0,1096800.0,14691000.0,5032200.0,1313700.0,3541200.0,1639800.0,944740.0,2521800.0,3636500.0,1267500.0,875270.0,2074100.0,856130.0,1823800.0,2791600.0,4851100.0,4107200.0,2293000.0,5593500.0,1274600.0,9165300.0,4558400.0,997350.0,1628100.0,875890.0,1738300.0,3439800.0,9756100.0,1694900.0,16185000.0,1389000.0,9707100.0,1601000.0,3111800.0,1248900.0,1595600.0,12279000.0,5012700.0,2131600.0,3788800.0,2346100.0,1178000.0,645020.0,3343500.0,11411000.0,2365500.0,1449300.0,738260.0,1883600.0,722040.0,1169800.0,2174300.0,8636100.0,4069700.0,2575300.0,3026200.0,2316200.0,1468700.0,757990.0,10124000.0,2341800.0,3477500.0,2031800.0,1344300.0,1016600.0,1973900.0,1030900.0,2818800.0,3841500.0,1137500.0,1448700.0,2060900.0,1490700.0,2159300.0,2379200.0,867820.0,6776700.0,1483200.0,9209400.0,6039000.0,796610.0,10241000.0,798180.0,1257100.0,18495000.0,669880.0,11896000.0,704520.0,5463300.0,3620500.0,3728500.0,2594300.0,5128500.0,4299400.0,4138300.0,945220.0,4052400.0,1605800.0,6226400.0,1476500.0,7458600.0,1058700.0,729360.0,3925100.0,2935000.0,1917500.0,8220700.0,2222600.0,929290.0,1207100.0,3637800.0,3493100.0,1909700.0,1445200.0,720570.0,6685600.0,5169700.0,2290100.0,619540.0,17391000.0,3256600.0,5152600.0,1119800.0,17904000.0,5318100.0,1077700.0,8409500.0,1326800.0,1407500.0,3909300.0,5195800.0,785010.0,1609000.0,953500.0,1742800.0,1536400.0,1428600.0,7692300.0,2295200.0,1389900.0,12034000.0,2729100.0,1213300.0,1238200.0,3194500.0,932670.0,4580100.0,1110300.0,1813100.0,7912700.0,4355400.0,685140.0,1393400.0,9817300.0,5161200.0,4960900.0,15079000.0,2942700.0,1891900.0,2294600.0,2933500.0,3129200.0,1844900.0,1714400.0,2219900.0,1469200.0,7074000.0,638180.0,3583000.0,8148600.0,8705300.0,1826300.0,5270900.0,3949100.0,4910800.0,847070.0,1117100.0,5283500.0,1523800.0,6462500.0,3415400.0,6961300.0,1931200.0,1605900.0,1559300.0,1065700.0,1101400.0,2250300.0,1018100.0,5082200.0,3404400.0,3048000.0,2817500.0,2386500.0,1906100.0,15335000.0,13457000.0,3518500.0,3147900.0,1932600.0,4368700.0,3283600.0,640970.0,2021700.0,760960.0,3461100.0,1947300.0,1.5424,1.7932,4.1307,1.3801,2.2565,4.2666,1.1633,1.9305,4.2822,2.5854,2.7105,4.358,0.77005,2.0311,4.2941,1.5692,2.5214,3.9229,2.9871,2.8603,5.8859,1.2979,1.9236,4.2815,1.5706,1.715,4.2227,1.338,2.2375,4.3014,0.72554,2.0225,4.1985,3.0277,2.8765,4.6221,5.7304,2.7778,1.5071,1.257,2.6673,3.6513,0.85621,2.1838,3.0192,2.5119,2.1195,4.4611,1.4782,1.7124,3.8818,0.71527,2.6884,3.8535,1.9782,1.7892,3.4446,1.1133,2.3581,3.2425,0.22342,2.3212,3.516,1.6686,1.617,3.3988,1.9492,2.6788,4.267,1.7344,1.6358,3.3895,1.5814,1.6448,3.9602,0.32759,2.1664,3.1845,2.1369,2.4441,4.4636,1.5974,1.6925,3.2662,0.80062,1.9642,2.7703,3.0745,2.8313,5.9286,1.9309,1.7479,3.4394,0.96916,2.6878,2.869,1.6839,2.5643,3.9242,0.65175,1.8981,2.716,1.0327,2.4219,3.121,1.8792,1.9688,4.4579,1.7093,1.6454,3.906,0.60508,2.1507,3.9679,1.45,2.5139,3.9432,1.0907,2.178,3.2332,2.6735,2.3512,4.3135,2.1388,2.2323,4.7068,1.4725,1.6497,3.9297,1.8774,2.0256,4.4606,1.5397,2.1857,3.2277,0.80892,2.2446,3.0667,2.42,2.4521,4.3639,2.0284,2.5085,4.8685,2.0716,2.6,4.872,2.6721,2.349,4.2971,1.4151,2.5204,3.9182,1.7865,2.3092,4.3729,2.512,2.9886,4.393,0.63267,2.3662,2.6609,1.5376,1.9809,4.6016,1.9538,3.0284,3.8357,0.3346,2.3715,3.3413,1.6343,1.6186,4.0889,0.81237,2.1768,3.0724,2.2391,2.3118,4.6945,0.64948,2.4181,3.0889,0.94205,2.2565,3.1984,0.057581,2.9063,1.7767,2.0142,2.1662,4.6119,2.6188,2.3772,4.2261,2.392,2.2923,5.1054,1.9273,2.6674,4.1849,1.2568,1.848,4.0197,4.6294,2.8166,0.60286,0.88701,2.1887,3.0106,1.4347,2.102,4.2918,1.1724,2.2367,3.5521,2.0611,2.6657,4.3339,1.6341,1.5889,4.1439,1.1575,2.5084,3.1123,0.68843,2.4771,3.7549,2.2078,1.8354,3.6842,1.4861,2.52,3.4834,1.4816,2.6142,3.5665,1.5401,1.6317,4.2953,1.963,2.6875,4.4674,2.0804,2.6855,4.6178,3.208,2.8138,6.0443,1.7286,1.6277,4.2038,1.8371,1.9262,3.3833,2.4696,2.9259,5.3132,1.1265,2.5489,3.0903,2.5831,2.3997,4.9897,0.99614,2.6983,4.1636,1.4759,2.4918,3.5383,1.0577,1.9434,4.121,1.675,1.6115,4.0761,1.7681,1.9164,3.4121,6.069,2.9058,2.9186,2.9394,2.2332,4.6331,1.4746,1.9394,4.3477,1.2504,2.5843,3.4049,1.3788,2.4553,3.3986,1.7553,1.902,3.6587,1.9037,2.4669,4.0702,1.0935,2.3609,3.2335,2.5201,1.9304,5.271,1.1274,2.61,3.3049,1.369,2.5014,3.3838,6.184,3.0555,2.964,0.66947,1.8949,2.7911,1.7233,1.9905,4.5521,1.5451,1.8275,4.2065,5.2578,2.8351,1.65,0.8281,2.2,2.8982,0.88544,2.7169,4.1026,2.3961,2.4731,3.6939,2.6775,2.2895,4.9485,2.9314,2.5999,4.5564,2.0425,2.3948,4.5637,2.3585,2.1752,4.194,0.781,2.1803,3.3365,0.56898,2.4229,3.0692,0.5601,2.1928,3.9227,2.5479,2.4429,4.5855,0.85016,2.38,2.9848,1.349,1.5646,4.367,1.6302,1.9595,3.5072,0.24501,2.6662,2.131,3.5623,2.9441,0.33838,0.89727,2.297,3.0428,1.6336,1.6615,4.1421,1.5367,1.7845,3.228,0.77359,2.3834,2.8678,2.2479,2.296,4.9526,1.2043,2.5633,3.1894,1.2314,2.2278,3.6133,0.38521,2.0875,3.2991,1.7362,1.9263,3.4361,2.5137,2.1095,4.0877,2.1726,2.1474,4.983,1.3885,1.7397,3.8445,0.78027,2.0221,2.7892,2.1675,2.1604,5.0203,2.2009,2.2568,4.5252,1.5613,2.4281,4.0047,4.1285,2.9121,0.0062407,1.8563,2.4646,3.9965,0.7042,1.9823,4.1541,1.2185,2.6678,4.2626,3.4021,2.8131,6.0849,1.6516,1.5914,3.2676,0.22538,2.3827,3.3922,4.9199,2.9727,0.70988,0.4978,2.813,3.3067,1.213,2.5373,3.0499,2.2211,2.1136,4.9391,1.6056,2.0701,4.4323,1.5989,1.6274,3.3951,1.5321,2.9336,3.3007,0.6904,2.3537,2.882,0.86377,2.3829,3.0083,0.21468,2.6596,3.3401,1.8081,2.4274,4.2659,0.63555,2.3907,2.8162,1.0694,2.3178,3.603,1.3582,1.7656,4.3089,0.25384,2.3634,3.4334,1.5973,1.5924,3.2793,0.72353,2.3291,2.8633,2.9726,2.8608,5.9913,1.7998,2.5331,3.957,2.0805,2.2474,4.6373,2.3001,2.6711,5.092,1.7403,1.9468,3.8175,1.4079,1.7651,3.7588,2.2855,2.1308,4.9957,1.4658,2.5736,3.9779,0.55902,3.0171,2.2863,4.5548,2.9248,0.29018,1.2148,2.8056,4.2286,1.8397,1.9633,3.902,1.1634,2.6703,2.8076,0.30515,2.7929,2.974,1.0644,2.9174,4.2214,0.53304,2.4486,2.6281,0.75038,2.0515,2.8524,0.60201,2.4765,3.4136,1.7648,2.213,4.3543,1.1825,2.8097,4.3455,0.62888,2.0322,2.985,2.0294,1.8226,3.7423,1.3247,1.8768,3.7153,2.2581,2.5918,4.7484,1.4903,1.573,4.2123,1.3137,2.1315,3.2197,0.71547,2.083,2.9959,0.67193,2.2947,2.6565,1.7684,2.3789,4.1977,2.2678,2.5994,4.8696,0.57358,2.0541,2.9679,1.6186,1.7217,3.3235,0.90006,2.9918,2.6739,0.59176,2.5105,2.6159,3.181,2.7244,6.1561,6.1306,2.8835,2.587,4.2468,2.9032,6.1615,2.4608,2.2711,3.7237,1.5081,3.076,4.4899,1.2632,2.4464,3.5136,5.9896,3.1124,2.671,2.4028,2.1644,3.7291,1.2689,1.8498,3.7237,2.3785,2.3239,4.6178,2.5822,2.7017,4.1908,1.2291,2.7291,4.3825,1.7743,1.9331,3.8196,1.2909,2.7483,3.8045,2.349,2.3353,4.9614,1.3745,2.6074,3.3521,2.1091,2.2783,4.0872,0.76386,1.9968,3.3953,2.4883,2.3256,3.7817,2.4056,2.3437,3.7017,2.3088,1.9913,5.041,2.6082,2.2797,4.8363,2.4364,2.2184,3.7607,1.4864,1.6009,3.9091,2.3921,2.5822,4.8959,1.7993,1.9417,3.8491,0.75785,2.1342,4.165,1.6562,1.84,4.3232,2.3289,2.5512,4.9305,1.4046,2.402,3.2823,5.7079,2.8272,2.0684,1.7739,1.7435,3.559,1.9122,2.9075,4.1809,2.0833,1.9932,4.7918,1.2276,2.6259,4.346,2.0417,2.1541,4.9144,1.5842,1.7839,3.9507,1.6637,1.9579,3.3414,1.226,2.7294,3.7892,0.94173,2.8677,3.8004,1.5413,2.503,3.9821,1.2698,2.7032,3.7347,1.7168,1.7764,4.0763,0.81667,2.4189,2.7916,1.9121,2.1429,4.3906,6.2828,2.7693,2.8524,1.0601,1.9941,4.3291,0.97051,2.2199,3.1065,1.5957,2.3952,4.5398,0.92812,2.0791,2.8339,0.68002,2.0192,2.6893,1.5971,1.7657,3.9554,0.89581,2.3962,2.8891,1.3601,1.5855,3.8548,2.8162,2.6424,4.6058,1.155,2.2273,3.6312,1.289,2.756,3.8125,1.9869,2.1323,4.4584,0.99608,2.0366,4.2665,1.8345,1.6583,3.4457,1.6426,2.5376,3.993,2.1954,2.489,4.916,2.191,2.3947,3.585,1.1462,2.9729,3.3776,1.4672,1.4591,4.2663,0.58208,3.0465,3.6602,1.5996,1.7131,4.23,0.72558,2.0255,2.7175,0.65599,2.1824,4.0556,2.6906,2.6355,4.5197,2.1468,2.1055,3.4225,1.3571,2.7835,3.5255,1.2274,2.3843,3.6528,2.5631,2.0714,4.4243,1.4858,1.6718,4.4459,1.4329,2.5404,3.5492,1.9888,2.4016,4.1226,2.5486,2.1828,4.9528,0.49906,2.4707,3.0793
0.28625,916.81,0.0058716,772.37,1208.1,886.86,889.19,982.32,959.17,988.13,913.15,868.12,911.66,1357.8,672.49,860.66,1116.5,1260.8,849.85,941.87,730.33,643.94,1097.2,904.73,755.88,964.62,729.05,868.81,892.86,1249.7,558.35,1076.6,797.74,823.47,571.53,1130.5,1005.6,1192.9,996.75,807.28,1092.2,1180.9,946.42,722.88,1144.6,659.41,965.86,931.89,1013.4,1041.4,1084.9,920.04,914.38,921.1,1199.7,1026.2,1140.8,843.12,1029.0,921.36,814.04,1245.8,1153.5,1100.3,1267.2,623.91,844.18,826.97,840.66,802.17,974.3,934.67,959.72,772.14,997.12,984.51,777.8,874.16,841.63,973.21,1074.5,1068.6,839.72,978.34,944.57,732.55,1043.7,627.66,998.59,826.33,954.73,864.53,1021.5,984.66,794.84,760.45,918.19,774.06,837.66,1182.2,790.01,825.98,1133.2,1117.6,1243.9,997.27,1060.8,987.26,1346.2,996.7,771.54,875.15,1074.3,808.1,1017.3,1010.5,601.57,1099.7,904.21,1089.8,1016.6,964.34,777.0,1002.2,1014.2,807.21,838.67,809.57,1265.8,731.15,923.43,1117.9,1148.3,924.82,1216.3,862.87,812.51,1093.4,905.79,904.29,1034.0,970.53,947.94,846.58,935.82,1195.8,822.68,814.61,1068.1,814.45,901.4,1049.4,741.8,862.5,1370.2,859.44,543.02,899.06,1104.6,1107.0,874.1,1193.7,757.52,842.98,599.25,700.25,772.16,962.15,711.21,1014.5,1020.2,703.53,836.22,873.27,1012.4,726.73,907.69,854.62,818.03,762.44,789.08,1130.7,880.45,1068.0,1251.8,856.37,1118.8,852.47,1192.3,966.19,807.77,1094.3,1262.0,957.39,1060.4,967.26,1071.7,1051.8,937.43,1023.6,849.97,887.16,883.79,942.28,870.1,977.81,909.57,1199.3,947.98,849.2,949.52,1105.3,914.06,714.28,706.63,887.86,1220.1,981.39,869.07,991.29,872.17,1002.4,951.05,934.07,889.2,997.33,1014.2,730.03,1103.1,770.09,1011.3,869.28,891.09,720.0,1052.0,1038.0,633.06,1000.8,874.35,560.45,962.96,695.59,898.6,964.89,689.72,888.9,930.52,670.79,1035.5,1031.3,949.35,706.18,1005.2,799.0,933.71,910.46,682.06,1005.8,1176.3,863.11,656.94,774.45,1116.5,967.3,884.78,1039.5,547.6,591.05,768.97,996.66,905.96,842.46,1017.4,928.02,848.42,696.46,664.7,1110.2,728.65,1025.4,855.13,0.0061622,0.0076178,0.0059826,0.005653,0.0062618,0.0059894,0.006359,0.0063496,0.0061426,0.0062672,0.007983,0.0048028,0.0058277,0.0070583,0.0079629,0.0055057,0.0059868,0.0051674,0.0042525,0.0072905,0.0061361,0.0055338,0.0067459,0.0051724,0.0059767,0.0057677,0.0075743,0.0045755,0.0071167,0.0050951,0.0053387,0.0039311,0.0068055,0.0062214,0.0073494,0.0063268,0.0054623,0.0069207,0.006913,0.005575,0.0041494,0.0072714,0.0048412,0.005971,0.0060064,0.0061888,0.0060144,0.0064034,0.0058171,0.004613,0.0058436,0.0073912,0.0055856,0.0068288,0.0055896,0.0060584,0.0058274,0.00579,0.007706,0.007525,0.006563,0.0076876,0.0050493,0.006142,0.0055382,0.0058144,0.0056681,0.0064987,0.0057427,0.0065515,0.0052203,0.0058348,0.0062425,0.0053681,0.0057791,0.005209,0.0059613,0.0068988,0.0069393,0.0056149,0.0066682,0.0061713,0.0045653,0.0050386,0.0046979,0.0057048,0.0055494,0.0058534,0.0055068,0.0064135,0.0060666,0.0054126,0.005192,0.0055433,0.005238,0.0052883,0.0074231,0.0051016,0.0053755,0.0069413,0.0066987,0.0075994,0.0059951,0.0067794,0.0062372,0.0076078,0.0063212,0.0054737,0.005224,0.0067161,0.0056663,0.0065658,0.0062428,0.0045035,0.0067732,0.0058346,0.006602,0.0062885,0.006281,0.0055545,0.0065228,0.0063524,0.0057142,0.0056099,0.0056238,0.0078086,0.0051819,0.0059328,0.0069518,0.0071819,0.0061332,0.0072594,0.0055553,0.0053232,0.0072473,0.006293,0.0057112,0.0063379,0.0062499,0.005818,0.0054907,0.0051274,0.0071588,0.0057229,0.0057291,0.0059423,0.0053098,0.0062479,0.0064649,0.0047712,0.0058243,0.0082411,0.0056152,0.0040768,0.0059691,0.0065237,0.0068887,0.0060595,0.0071934,0.0047521,0.0053188,0.004291,0.005035,0.0054095,0.0057812,0.0050581,0.0063698,0.006262,0.0049138,0.0054515,0.0049253,0.0063124,0.0052281,0.0057689,0.0053255,0.0057261,0.0051122,0.0051521,0.0062641,0.0053644,0.0064012,0.0071114,0.0056136,0.0070942,0.0060639,0.0071116,0.0058911,0.0053752,0.0063297,0.0067857,0.006248,0.0065045,0.0061865,0.0076046,0.0062764,0.0060932,0.0043474,0.005983,0.005673,0.0058179,0.0060181,0.0056747,0.0063185,0.005613,0.0085982,0.0057397,0.0059254,0.005925,0.0062378,0.0059865,0.0050313,0.0048475,0.0053701,0.0074418,0.0065534,0.0059098,0.0057365,0.005442,0.0064269,0.0062338,0.0058891,0.005637,0.0061428,0.0062948,0.0049787,0.0068231,0.0051495,0.0060273,0.005917,0.0050859,0.0047301,0.00585,0.0067679,0.004341,0.006146,0.0047829,0.004927,0.0062272,0.0046971,0.0057709,0.0061091,0.0050514,0.0053898,0.0055366,0.0042258,0.0062455,0.0064291,0.0065458,0.0047598,0.0064958,0.005042,0.0060522,0.0049123,0.0043516,0.0056243,0.0073692,0.0054946,0.0050342,0.0047926,0.0067653,0.0059274,0.0056679,0.0060162,0.0046491,0.0044207,0.0052683,0.0064264,0.0056245,0.0059404,0.0068507,0.0054033,0.0055739,0.0042986,0.0048494,0.0065846,0.0051473,0.0062698,0.005192,652860.0,527600.0,4051000.0,2361500.0,1063500.0,5504200.0,2008000.0,2411200.0,2983400.0,2907700.0,715790.0,4946000.0,1272400.0,3886200.0,2497000.0,4962200.0,4006100.0,1313700.0,3439700.0,2457300.0,3280300.0,11623000.0,939160.0,6172800.0,733680.0,8929900.0,1559800.0,1804700.0,799240.0,3153800.0,1663100.0,5695800.0,23134000.0,2470300.0,2681400.0,4250800.0,1211200.0,1483800.0,1623100.0,2037800.0,1036500.0,2054600.0,998900.0,7322600.0,2384900.0,1789300.0,1464100.0,2229500.0,15638000.0,933030.0,7138100.0,3914300.0,695400.0,3830400.0,1057500.0,2604500.0,17325000.0,31464000.0,2325700.0,1698300.0,1501900.0,2783800.0,1015700.0,1887600.0,3336500.0,787200.0,2814400.0,1901400.0,3839200.0,2700300.0,1417200.0,1096800.0,14691000.0,5032200.0,1313700.0,3541200.0,1639800.0,944740.0,2521800.0,3636500.0,1267500.0,875270.0,2074100.0,856130.0,1823800.0,2791600.0,4851100.0,4107200.0,2293000.0,5593500.0,1274600.0,9165300.0,4558400.0,997350.0,1628100.0,875890.0,1738300.0,3439800.0,9756100.0,1694900.0,16185000.0,1389000.0,9707100.0,1601000.0,3111800.0,1248900.0,1595600.0,12279000.0,5012700.0,2131600.0,3788800.0,2346100.0,1178000.0,645020.0,3343500.0,11411000.0,2365500.0,1449300.0,738260.0,1883600.0,722040.0,1169800.0,2174300.0,8636100.0,4069700.0,2575300.0,3026200.0,2316200.0,1468700.0,757990.0,10124000.0,2341800.0,3477500.0,2031800.0,1344300.0,1016600.0,1973900.0,1030900.0,2818800.0,3841500.0,1137500.0,1448700.0,2060900.0,1490700.0,2159300.0,2379200.0,867820.0,6776700.0,1483200.0,9209400.0,6039000.0,796610.0,10241000.0,798180.0,1257100.0,18495000.0,669880.0,11896000.0,704520.0,5463300.0,3620500.0,3728500.0,2594300.0,5128500.0,4299400.0,4138300.0,945220.0,4052400.0,1605800.0,6226400.0,1476500.0,7458600.0,1058700.0,729360.0,3925100.0,2935000.0,1917500.0,8220700.0,2222600.0,929290.0,1207100.0,3637800.0,3493100.0,1909700.0,1445200.0,720570.0,6685600.0,5169700.0,2290100.0,619540.0,17391000.0,3256600.0,5152600.0,1119800.0,17904000.0,5318100.0,1077700.0,8409500.0,1326800.0,1407500.0,3909300.0,5195800.0,785010.0,1609000.0,953500.0,1742800.0,1536400.0,1428600.0,7692300.0,2295200.0,1389900.0,12034000.0,2729100.0,1213300.0,1238200.0,3194500.0,932670.0,4580100.0,1110300.0,1813100.0,7912700.0,4355400.0,685140.0,1393400.0,9817300.0,5161200.0,4960900.0,15079000.0,2942700.0,1891900.0,2294600.0,2933500.0,3129200.0,1844900.0,1714400.0,2219900.0,1469200.0,7074000.0,638180.0,3583000.0,8148600.0,8705300.0,1826300.0,5270900.0,3949100.0,4910800.0,847070.0,1117100.0,5283500.0,1523800.0,6462500.0,3415400.0,6961300.0,1931200.0,1605900.0,1559300.0,1065700.0,1101400.0,2250300.0,1018100.0,5082200.0,3404400.0,3048000.0,2817500.0,2386500.0,1906100.0,15335000.0,13457000.0,3518500.0,3147900.0,1932600.0,4368700.0,3283600.0,640970.0,2021700.0,760960.0,3461100.0,1947300.0,1.543,1.7923,4.1302,1.3828,2.2576,4.2673,1.1623,1.93,4.2827,2.5876,2.7114,4.3591,0.76922,2.0312,4.2946,1.5692,2.5217,3.9229,2.9857,2.8606,5.8858,1.2991,1.9222,4.2822,1.5684,1.7146,4.2223,1.3388,2.2374,4.3025,0.72401,2.0219,4.1989,3.0297,2.8769,4.624,5.7304,2.7777,1.5072,1.2569,2.6654,3.6514,0.85535,2.1846,3.0191,2.5122,2.1209,4.4616,1.4778,1.7126,3.8814,0.7166,2.6904,3.8536,1.978,1.7896,3.4442,1.1129,2.3573,3.2443,0.2222,2.3217,3.5148,1.6671,1.6163,3.399,1.948,2.6771,4.2659,1.7335,1.6355,3.3896,1.5823,1.6445,3.9607,0.32698,2.167,3.1842,2.1384,2.445,4.4644,1.5991,1.6926,3.2671,0.80062,1.9653,2.7703,3.0756,2.8313,5.9305,1.9303,1.7476,3.439,0.96914,2.6876,2.8688,1.6826,2.5642,3.9232,0.65206,1.8983,2.7149,1.0319,2.4217,3.1215,1.8788,1.9696,4.4573,1.7095,1.645,3.9062,0.60644,2.1496,3.9709,1.4534,2.5145,3.9456,1.0913,2.1793,3.2327,2.676,2.3521,4.3141,2.1401,2.2331,4.7074,1.4726,1.6492,3.9298,1.8775,2.0272,4.4601,1.5415,2.1861,3.227,0.80848,2.2462,3.0649,2.4201,2.4535,4.3643,2.0297,2.5073,4.8681,2.0734,2.5997,4.8717,2.6747,2.3502,4.2979,1.4165,2.5205,3.9178,1.7882,2.3102,4.3739,2.5157,2.9877,4.3956,0.6345,2.3647,2.6635,1.5383,1.98,4.6017,1.9521,3.0279,3.8328,0.33432,2.3715,3.3403,1.6339,1.6185,4.0889,0.81413,2.1785,3.0725,2.2394,2.312,4.6951,0.64925,2.4162,3.0893,0.9405,2.2582,3.1974,0.056917,2.9065,1.7743,2.0152,2.1683,4.6127,2.6194,2.3782,4.2257,2.3889,2.292,5.1051,1.9254,2.6658,4.1826,1.2585,1.8478,4.0207,4.6287,2.8137,0.60471,0.88634,2.1895,3.0099,1.4367,2.1023,4.2923,1.1737,2.2385,3.5529,2.0583,2.6643,4.3312,1.6334,1.5888,4.1438,1.1577,2.508,3.1132,0.68756,2.4782,3.7548,2.2099,1.8345,3.6841,1.4846,2.5211,3.4834,1.4785,2.6148,3.5657,1.5383,1.6313,4.2956,1.9609,2.6857,4.466,2.0795,2.684,4.6183,3.2061,2.814,6.0438,1.7295,1.6277,4.2042,1.8392,1.9254,3.3826,2.4734,2.9251,5.3178,1.1259,2.549,3.0902,2.5823,2.3989,4.9897,0.99587,2.6998,4.1648,1.474,2.4923,3.5392,1.0558,1.9447,4.1221,1.6753,1.6115,4.076,1.7694,1.9155,3.4117,6.0664,2.9054,2.9168,2.9401,2.2323,4.6342,1.4766,1.9386,4.3497,1.2497,2.5833,3.4056,1.3779,2.4555,3.3993,1.7543,1.9007,3.6578,1.9031,2.4686,4.0716,1.0934,2.3617,3.2343,2.5201,1.9283,5.2727,1.1256,2.6089,3.3048,1.3678,2.5021,3.3842,6.1769,3.0569,2.9568,0.66878,1.8965,2.7896,1.7236,1.9894,4.5541,1.5456,1.8267,4.2076,5.2549,2.8339,1.6477,0.82832,2.2012,2.8999,0.88392,2.7185,4.1034,2.3983,2.4711,3.6944,2.68,2.2873,4.9486,2.9329,2.5984,4.5571,2.0425,2.3938,4.5651,2.3581,2.1765,4.1944,0.78132,2.1831,3.3365,0.57234,2.4221,3.0715,0.56038,2.1934,3.9252,2.55,2.4418,4.5874,0.85057,2.3797,2.9859,1.3503,1.5643,4.368,1.6291,1.9587,3.5085,0.2474,2.666,2.1316,3.5649,2.9438,0.34188,0.89799,2.2957,3.0445,1.6333,1.6617,4.1431,1.5369,1.7846,3.2289,0.77339,2.3826,2.8678,2.2489,2.295,4.9529,1.2052,2.5638,3.1911,1.2331,2.2312,3.6149,0.38294,2.0895,3.2998,1.7365,1.9252,3.4362,2.5155,2.1099,4.0857,2.1726,2.147,4.9831,1.3897,1.7394,3.8452,0.78074,2.0232,2.79,2.1677,2.1604,5.0213,2.1994,2.2578,4.5262,1.5614,2.4296,4.0057,4.1258,2.9102,0.0027547,1.8542,2.4661,3.996,0.70254,1.9826,4.1548,1.2193,2.6692,4.2635,3.3997,2.8124,6.0848,1.6529,1.5915,3.2674,0.22397,2.3838,3.3915,4.9174,2.9724,0.70596,0.49715,2.8135,3.3081,1.2124,2.5378,3.0511,2.2215,2.1134,4.9386,1.6072,2.0695,4.4337,1.5993,1.6274,3.3965,1.5351,2.9345,3.3006,0.69271,2.3527,2.8837,0.86327,2.3816,3.0085,0.21452,2.6601,3.34,1.8115,2.4292,4.2674,0.63776,2.39,2.8174,1.0699,2.3197,3.6022,1.3584,1.765,4.3091,0.25315,2.364,3.4339,1.5982,1.5923,3.2793,0.72647,2.3277,2.8648,2.9716,2.8607,5.9919,1.7967,2.5322,3.9559,2.0814,2.2481,4.6377,2.2958,2.6697,5.0893,1.738,1.9464,3.8163,1.4094,1.7638,3.7596,2.2866,2.1306,4.9957,1.4662,2.5725,3.977,0.55685,3.0165,2.2828,4.5538,2.9239,0.2896,1.2144,2.8073,4.2272,1.8384,1.9637,3.9023,1.1621,2.671,2.8067,0.30424,2.7927,2.9746,1.0661,2.9178,4.2226,0.53302,2.4473,2.6292,0.75124,2.0531,2.8513,0.60299,2.4773,3.4137,1.7678,2.2137,4.3558,1.1814,2.8112,4.3452,0.62948,2.0333,2.9828,2.0302,1.8219,3.7414,1.3271,1.8774,3.7165,2.2554,2.59,4.7452,1.4923,1.5733,4.2125,1.3129,2.1312,3.2203,0.71677,2.0846,2.9947,0.6733,2.2933,2.6571,1.7699,2.3799,4.1986,2.266,2.5978,4.8684,0.57321,2.055,2.9663,1.6193,1.7225,3.3232,0.90285,2.9914,2.6751,0.59181,2.5108,2.6161,3.1834,2.7237,6.159,6.1314,2.8839,2.5893,4.243,2.9018,6.1564,2.4624,2.2687,3.7233,1.5125,3.076,4.4968,1.262,2.4476,3.5139,5.9699,3.1126,2.654,2.403,2.1633,3.7281,1.2691,1.8499,3.7247,2.3776,2.3239,4.6186,2.5818,2.7029,4.193,1.2284,2.7297,4.3827,1.7726,1.9325,3.8184,1.2931,2.7473,3.8065,2.348,2.3339,4.9603,1.3712,2.6064,3.3524,2.1078,2.2799,4.087,0.76236,1.9977,3.3954,2.4891,2.324,3.782,2.406,2.3427,3.7012,2.3103,1.9923,5.0428,2.6069,2.2797,4.8369,2.4373,2.218,3.7598,1.4876,1.601,3.9098,2.3913,2.5804,4.895,1.798,1.9414,3.8483,0.75753,2.1341,4.1669,1.6564,1.8403,4.3241,2.328,2.5491,4.9304,1.4037,2.4023,3.2826,5.7047,2.8261,2.0664,1.7728,1.7431,3.5598,1.9097,2.9054,4.1777,2.084,1.994,4.7917,1.2298,2.6268,4.3473,2.0444,2.1543,4.9152,1.5836,1.7837,3.9504,1.6648,1.957,3.3405,1.2276,2.7292,3.7911,0.94127,2.8681,3.7997,1.543,2.5035,3.9839,1.2714,2.7018,3.7348,1.7154,1.7759,4.076,0.81593,2.4184,2.792,1.9125,2.144,4.3912,6.2816,2.7691,2.8526,1.0598,1.9948,4.3301,0.971,2.2191,3.1067,1.5962,2.3953,4.5393,0.92718,2.0791,2.8339,0.67967,2.0193,2.6889,1.597,1.7651,3.9553,0.89525,2.3955,2.8905,1.3596,1.5852,3.8548,2.8182,2.643,4.606,1.1559,2.2285,3.6311,1.2911,2.7558,3.8155,1.9876,2.1348,4.4585,0.99528,2.0376,4.2669,1.834,1.6585,3.4458,1.6425,2.5381,3.993,2.1966,2.488,4.916,2.1916,2.3946,3.5837,1.1468,2.9709,3.3783,1.467,1.4593,4.2669,0.58183,3.0471,3.6609,1.5996,1.7124,4.2301,0.72548,2.0256,2.7173,0.65585,2.1823,4.0569,2.6911,2.636,4.5197,2.1481,2.1055,3.4223,1.3577,2.7818,3.5263,1.2294,2.3863,3.6534,2.5643,2.0723,4.4237,1.4863,1.6707,4.4463,1.4309,2.5395,3.549,1.9878,2.4031,4.1235,2.5475,2.181,4.9535,0.4993,2.4707,3.0802
