average_strain,average_grain_strain,average_grip_strain,average_stress,average_grain_stress,average_grip_stress,average_elastic,average_grain_elastic,average_grip_elastic,g112_stress,g10_stress,g15_stress,g16_stress,g24_stress,g25_stress,g27_stress,g31_stress,g33_stress,g35_stress,g37_stress,g40_stress,g42_stress,g47_stress,g51_stress,g55_stress,g59_stress,g62_stress,g64_stress,g65_stress,g68_stress,g75_stress,g77_stress,g81_stress,g82_stress,g84_stress,g86_stress,g89_stress,g92_stress,g98_stress,g100_stress,g102_stress,g108_stress,g109_stress,g113_stress,g114_stress,g119_stress,g120_stress,g123_stress,g125_stress,g126_stress,g127_stress,g130_stress,g132_stress,g134_stress,g135_stress,g137_stress,g138_stress,g140_stress,g145_stress,g146_stress,g147_stress,g151_stress,g163_stress,g165_stress,g166_stress,g167_stress,g169_stress,g170_stress,g172_stress,g174_stress,g175_stress,g176_stress,g178_stress,g183_stress,g185_stress,g187_stress,g189_stress,g191_stress,g192_stress,g194_stress,g195_stress,g196_stress,g203_stress,g204_stress,g206_stress,g208_stress,g210_stress,g212_stress,g217_stress,g219_stress,g220_stress,g222_stress,g225_stress,g227_stress,g233_stress,g235_stress,g236_stress,g239_stress,g241_stress,g242_stress,g243_stress,g244_stress,g245_stress,g249_stress,g254_stress,g256_stress,g257_stress,g259_stress,g261_stress,g264_stress,g265_stress,g266_stress,g268_stress,g270_stress,g271_stress,g276_stress,g278_stress,g280_stress,g282_stress,g283_stress,g284_stress,g287_stress,g291_stress,g294_stress,g295_stress,g303_stress,g112_elastic,g10_elastic,g15_elastic,g16_elastic,g24_elastic,g25_elastic,g27_elastic,g31_elastic,g33_elastic,g35_elastic,g37_elastic,g40_elastic,g42_elastic,g47_elastic,g51_elastic,g55_elastic,g59_elastic,g62_elastic,g64_elastic,g65_elastic,g68_elastic,g75_elastic,g77_elastic,g81_elastic,g82_elastic,g84_elastic,g86_elastic,g89_elastic,g92_elastic,g98_elastic,g100_elastic,g102_elastic,g108_elastic,g109_elastic,g113_elastic,g114_elastic,g119_elastic,g120_elastic,g123_elastic,g125_elastic,g126_elastic,g127_elastic,g130_elastic,g132_elastic,g134_elastic,g135_elastic,g137_elastic,g138_elastic,g140_elastic,g145_elastic,g146_elastic,g147_elastic,g151_elastic,g163_elastic,g165_elastic,g166_elastic,g167_elastic,g169_elastic,g170_elastic,g172_elastic,g174_elastic,g175_elastic,g176_elastic,g178_elastic,g183_elastic,g185_elastic,g187_elastic,g189_elastic,g191_elastic,g192_elastic,g194_elastic,g195_elastic,g196_elastic,g203_elastic,g204_elastic,g206_elastic,g208_elastic,g210_elastic,g212_elastic,g217_elastic,g219_elastic,g220_elastic,g222_elastic,g225_elastic,g227_elastic,g233_elastic,g235_elastic,g236_elastic,g239_elastic,g241_elastic,g242_elastic,g243_elastic,g244_elastic,g245_elastic,g249_elastic,g254_elastic,g256_elastic,g257_elastic,g259_elastic,g261_elastic,g264_elastic,g265_elastic,g266_elastic,g268_elastic,g270_elastic,g271_elastic,g276_elastic,g278_elastic,g280_elastic,g282_elastic,g283_elastic,g284_elastic,g287_elastic,g291_elastic,g294_elastic,g295_elastic,g303_elastic,g112_volume,g10_volume,g15_volume,g16_volume,g24_volume,g25_volume,g27_volume,g31_volume,g33_volume,g35_volume,g37_volume,g40_volume,g42_volume,g47_volume,g51_volume,g55_volume,g59_volume,g62_volume,g64_volume,g65_volume,g68_volume,g75_volume,g77_volume,g81_volume,g82_volume,g84_volume,g86_volume,g89_volume,g92_volume,g98_volume,g100_volume,g102_volume,g108_volume,g109_volume,g113_volume,g114_volume,g119_volume,g120_volume,g123_volume,g125_volume,g126_volume,g127_volume,g130_volume,g132_volume,g134_volume,g135_volume,g137_volume,g138_volume,g140_volume,g145_volume,g146_volume,g147_volume,g151_volume,g163_volume,g165_volume,g166_volume,g167_volume,g169_volume,g170_volume,g172_volume,g174_volume,g175_volume,g176_volume,g178_volume,g183_volume,g185_volume,g187_volume,g189_volume,g191_volume,g192_volume,g194_volume,g195_volume,g196_volume,g203_volume,g204_volume,g206_volume,g208_volume,g210_volume,g212_volume,g217_volume,g219_volume,g220_volume,g222_volume,g225_volume,g227_volume,g233_volume,g235_volume,g236_volume,g239_volume,g241_volume,g242_volume,g243_volume,g244_volume,g245_volume,g249_volume,g254_volume,g256_volume,g257_volume,g259_volume,g261_volume,g264_volume,g265_volume,g266_volume,g268_volume,g270_volume,g271_volume,g276_volume,g278_volume,g280_volume,g282_volume,g283_volume,g284_volume,g287_volume,g291_volume,g294_volume,g295_volume,g303_volume,g112_phi_1,g112_Phi,g112_phi_2,g10_phi_1,g10_Phi,g10_phi_2,g15_phi_1,g15_Phi,g15_phi_2,g16_phi_1,g16_Phi,g16_phi_2,g24_phi_1,g24_Phi,g24_phi_2,g25_phi_1,g25_Phi,g25_phi_2,g27_phi_1,g27_Phi,g27_phi_2,g31_phi_1,g31_Phi,g31_phi_2,g33_phi_1,g33_Phi,g33_phi_2,g35_phi_1,g35_Phi,g35_phi_2,g37_phi_1,g37_Phi,g37_phi_2,g40_phi_1,g40_Phi,g40_phi_2,g42_phi_1,g42_Phi,g42_phi_2,g47_phi_1,g47_Phi,g47_phi_2,g51_phi_1,g51_Phi,g51_phi_2,g55_phi_1,g55_Phi,g55_phi_2,g59_phi_1,g59_Phi,g59_phi_2,g62_phi_1,g62_Phi,g62_phi_2,g64_phi_1,g64_Phi,g64_phi_2,g65_phi_1,g65_Phi,g65_phi_2,g68_phi_1,g68_Phi,g68_phi_2,g75_phi_1,g75_Phi,g75_phi_2,g77_phi_1,g77_Phi,g77_phi_2,g81_phi_1,g81_Phi,g81_phi_2,g82_phi_1,g82_Phi,g82_phi_2,g84_phi_1,g84_Phi,g84_phi_2,g86_phi_1,g86_Phi,g86_phi_2,g89_phi_1,g89_Phi,g89_phi_2,g92_phi_1,g92_Phi,g92_phi_2,g98_phi_1,g98_Phi,g98_phi_2,g100_phi_1,g100_Phi,g100_phi_2,g102_phi_1,g102_Phi,g102_phi_2,g108_phi_1,g108_Phi,g108_phi_2,g109_phi_1,g109_Phi,g109_phi_2,g113_phi_1,g113_Phi,g113_phi_2,g114_phi_1,g114_Phi,g114_phi_2,g119_phi_1,g119_Phi,g119_phi_2,g120_phi_1,g120_Phi,g120_phi_2,g123_phi_1,g123_Phi,g123_phi_2,g125_phi_1,g125_Phi,g125_phi_2,g126_phi_1,g126_Phi,g126_phi_2,g127_phi_1,g127_Phi,g127_phi_2,g130_phi_1,g130_Phi,g130_phi_2,g132_phi_1,g132_Phi,g132_phi_2,g134_phi_1,g134_Phi,g134_phi_2,g135_phi_1,g135_Phi,g135_phi_2,g137_phi_1,g137_Phi,g137_phi_2,g138_phi_1,g138_Phi,g138_phi_2,g140_phi_1,g140_Phi,g140_phi_2,g145_phi_1,g145_Phi,g145_phi_2,g146_phi_1,g146_Phi,g146_phi_2,g147_phi_1,g147_Phi,g147_phi_2,g151_phi_1,g151_Phi,g151_phi_2,g163_phi_1,g163_Phi,g163_phi_2,g165_phi_1,g165_Phi,g165_phi_2,g166_phi_1,g166_Phi,g166_phi_2,g167_phi_1,g167_Phi,g167_phi_2,g169_phi_1,g169_Phi,g169_phi_2,g170_phi_1,g170_Phi,g170_phi_2,g172_phi_1,g172_Phi,g172_phi_2,g174_phi_1,g174_Phi,g174_phi_2,g175_phi_1,g175_Phi,g175_phi_2,g176_phi_1,g176_Phi,g176_phi_2,g178_phi_1,g178_Phi,g178_phi_2,g183_phi_1,g183_Phi,g183_phi_2,g185_phi_1,g185_Phi,g185_phi_2,g187_phi_1,g187_Phi,g187_phi_2,g189_phi_1,g189_Phi,g189_phi_2,g191_phi_1,g191_Phi,g191_phi_2,g192_phi_1,g192_Phi,g192_phi_2,g194_phi_1,g194_Phi,g194_phi_2,g195_phi_1,g195_Phi,g195_phi_2,g196_phi_1,g196_Phi,g196_phi_2,g203_phi_1,g203_Phi,g203_phi_2,g204_phi_1,g204_Phi,g204_phi_2,g206_phi_1,g206_Phi,g206_phi_2,g208_phi_1,g208_Phi,g208_phi_2,g210_phi_1,g210_Phi,g210_phi_2,g212_phi_1,g212_Phi,g212_phi_2,g217_phi_1,g217_Phi,g217_phi_2,g219_phi_1,g219_Phi,g219_phi_2,g220_phi_1,g220_Phi,g220_phi_2,g222_phi_1,g222_Phi,g222_phi_2,g225_phi_1,g225_Phi,g225_phi_2,g227_phi_1,g227_Phi,g227_phi_2,g233_phi_1,g233_Phi,g233_phi_2,g235_phi_1,g235_Phi,g235_phi_2,g236_phi_1,g236_Phi,g236_phi_2,g239_phi_1,g239_Phi,g239_phi_2,g241_phi_1,g241_Phi,g241_phi_2,g242_phi_1,g242_Phi,g242_phi_2,g243_phi_1,g243_Phi,g243_phi_2,g244_phi_1,g244_Phi,g244_phi_2,g245_phi_1,g245_Phi,g245_phi_2,g249_phi_1,g249_Phi,g249_phi_2,g254_phi_1,g254_Phi,g254_phi_2,g256_phi_1,g256_Phi,g256_phi_2,g257_phi_1,g257_Phi,g257_phi_2,g259_phi_1,g259_Phi,g259_phi_2,g261_phi_1,g261_Phi,g261_phi_2,g264_phi_1,g264_Phi,g264_phi_2,g265_phi_1,g265_Phi,g265_phi_2,g266_phi_1,g266_Phi,g266_phi_2,g268_phi_1,g268_Phi,g268_phi_2,g270_phi_1,g270_Phi,g270_phi_2,g271_phi_1,g271_Phi,g271_phi_2,g276_phi_1,g276_Phi,g276_phi_2,g278_phi_1,g278_Phi,g278_phi_2,g280_phi_1,g280_Phi,g280_phi_2,g282_phi_1,g282_Phi,g282_phi_2,g283_phi_1,g283_Phi,g283_phi_2,g284_phi_1,g284_Phi,g284_phi_2,g287_phi_1,g287_Phi,g287_phi_2,g291_phi_1,g291_Phi,g291_phi_2,g294_phi_1,g294_Phi,g294_phi_2,g295_phi_1,g295_Phi,g295_phi_2,g303_phi_1,g303_Phi,g303_phi_2
2.0763e-05,2.3276e-05,1.6994e-05,3.5606,3.5607,3.5606,2.0763e-05,2.3276e-05,1.6994e-05,3.6558,3.4195,3.5091,3.6716,3.4871,3.4129,3.3925,3.474,3.4277,3.3725,3.7041,3.5459,3.7015,3.7033,3.7641,3.642,3.6471,3.7424,3.6348,3.4848,3.6535,3.6947,3.4654,3.637,3.5045,3.6393,3.5004,3.4736,3.7346,3.5972,3.6667,3.3963,3.53,3.4238,3.7297,3.5856,3.4448,3.577,3.4776,3.759,3.568,3.6258,3.4251,3.6573,3.4546,3.5824,3.5591,3.6518,3.2155,3.6041,3.4181,3.5321,3.6665,3.6894,3.5646,3.3938,3.5307,3.5984,3.4983,3.3422,3.6824,3.5029,3.4889,3.4545,3.5048,3.3375,3.3478,3.7378,3.7166,3.5451,3.3591,3.6159,3.4605,3.4409,3.576,3.6255,3.6536,3.6063,3.4639,3.4896,3.6587,3.4181,3.6763,3.5123,3.4949,3.3775,3.5846,3.5903,3.5894,3.4536,3.6103,3.6111,3.6162,3.4562,3.7242,3.6006,3.5822,3.5238,3.4607,3.5987,3.5192,3.4146,3.6718,3.5002,3.5533,3.6391,3.5877,3.5026,3.5747,3.2882,3.6355,3.5916,3.5173,3.6733,3.5499,3.5178,3.5361,2.2788e-05,2.422e-05,2.376e-05,2.2521e-05,2.4125e-05,2.3731e-05,2.3798e-05,2.313e-05,2.3052e-05,2.2319e-05,2.2427e-05,2.4283e-05,2.4187e-05,2.4145e-05,2.3051e-05,2.3153e-05,2.2581e-05,2.3787e-05,2.4738e-05,2.4501e-05,2.2753e-05,2.4898e-05,2.2494e-05,2.4139e-05,2.5429e-05,2.287e-05,2.5285e-05,2.385e-05,2.3411e-05,2.2717e-05,2.286e-05,2.4693e-05,2.3377e-05,2.1367e-05,2.2787e-05,2.2467e-05,2.4153e-05,2.4101e-05,2.2553e-05,2.301e-05,2.2742e-05,2.3257e-05,2.2539e-05,2.2515e-05,2.3264e-05,2.2346e-05,2.5666e-05,2.3122e-05,2.3457e-05,2.4775e-05,2.2847e-05,2.3367e-05,2.3337e-05,2.5918e-05,2.5904e-05,2.268e-05,2.2399e-05,2.2414e-05,2.2811e-05,2.3312e-05,2.2786e-05,2.1897e-05,2.1908e-05,2.5021e-05,2.5571e-05,2.3711e-05,2.1868e-05,2.4345e-05,2.2699e-05,2.329e-05,2.2557e-05,2.2366e-05,2.2851e-05,2.3301e-05,2.3527e-05,2.284e-05,2.3426e-05,2.292e-05,2.4169e-05,2.3228e-05,2.2933e-05,2.2954e-05,2.3221e-05,2.2253e-05,2.2129e-05,2.2505e-05,2.316e-05,2.2581e-05,2.2724e-05,2.4245e-05,2.3782e-05,2.2677e-05,2.2519e-05,2.2409e-05,2.3715e-05,2.2641e-05,2.1885e-05,2.2161e-05,2.393e-05,2.288e-05,2.1457e-05,2.2916e-05,2.2901e-05,2.4613e-05,2.4677e-05,2.2135e-05,2.2614e-05,2.1964e-05,2.2162e-05,2.2971e-05,2.1527e-05,2.1873e-05,2.2083e-05,2.2381e-05,2.1578e-05,2.2348e-05,2.1892e-05,1126500.0,243970.0,543910.0,897930.0,154960.0,884250.0,637210.0,497140.0,600880.0,470440.0,2199100.0,656760.0,532120.0,532690.0,250490.0,1401800.0,673460.0,245580.0,254040.0,1290300.0,427640.0,207800.0,273130.0,428480.0,608220.0,1578700.0,175060.0,425570.0,377880.0,417270.0,293390.0,3787600.0,423450.0,158020.0,1375000.0,930330.0,1199100.0,695560.0,471560.0,324440.0,117670.0,937310.0,217790.0,123520.0,689650.0,593990.0,351120.0,792340.0,217420.0,186450.0,203970.0,275640.0,183910.0,822610.0,832810.0,910240.0,577750.0,664990.0,871250.0,235210.0,665660.0,391020.0,213720.0,493980.0,594780.0,407940.0,56070.0,634260.0,777530.0,384920.0,119010.0,250260.0,228950.0,264240.0,578610.0,361990.0,1560200.0,902160.0,661960.0,410430.0,290810.0,548110.0,522730.0,424020.0,361990.0,418260.0,482750.0,539330.0,1388400.0,881360.0,825760.0,1267400.0,208810.0,288760.0,588840.0,517740.0,360140.0,622030.0,555820.0,803670.0,578910.0,228560.0,407090.0,822410.0,514620.0,216170.0,485350.0,314550.0,162770.0,255700.0,1304700.0,384030.0,1036500.0,307280.0,401120.0,295300.0,593300.0,1.9515,2.336,3.9939,2.8917,2.8366,4.5091,3.008,2.8421,5.816,1.2623,2.8596,3.6605,2.8119,2.3315,4.2682,1.7867,1.6721,3.387,1.7877,1.6694,3.3884,0.39491,2.1319,3.2053,0.39652,2.1318,3.2061,1.0063,2.7148,2.8774,1.8167,2.5893,4.0005,3.0063,2.8417,5.8125,1.8974,1.9145,4.4932,1.8976,1.9164,4.4924,2.0677,2.1455,4.6736,1.9422,2.5967,4.8866,1.2872,2.4859,3.9484,0.49866,2.4709,2.4723,2.0505,3.0655,3.9971,0.39421,2.3727,3.4405,1.0049,2.0606,3.2734,2.5451,2.2972,4.291,4.6002,3.0026,0.48756,0.74554,2.425,3.7688,1.701,1.6012,4.1584,2.321,2.7565,4.592,1.6602,1.6814,4.2503,0.3905,1.9238,3.2044,2.1208,2.8132,4.5953,2.6404,2.4471,4.9916,1.6014,2.4362,3.469,1.6611,1.6326,4.0833,1.84,1.9876,3.727,1.4644,2.459,3.3431,1.078,2.2912,3.1569,1.237,2.6904,3.3068,1.467,1.8657,4.1179,1.0235,2.6038,4.0672,5.5447,2.9021,1.8559,2.1664,2.5318,4.5372,0.76564,1.9871,3.35,2.3496,2.1016,4.1928,2.3863,2.5132,4.4292,0.73952,2.4663,2.8457,0.0058024,2.6896,2.0494,2.6415,2.4455,4.9931,3.2078,2.9385,6.1978,1.141,2.5625,3.0666,1.6608,1.6326,4.0891,1.2902,1.7552,3.7992,1.7001,2.0081,3.4511,0.5341,1.9773,3.2562,2.3184,2.1835,4.4579,0.32497,2.2972,3.4115,0.21982,2.6178,3.3401,0.55366,2.7857,3.2493,1.265,2.506,2.9763,0.44908,2.4497,2.7163,1.4731,2.0955,4.3486,1.3948,1.8078,4.2925,0.44316,2.4511,2.712,0.442,2.448,2.7094,1.0481,2.167,3.6606,1.5283,1.6178,3.2865,0.2218,2.6182,3.3397,2.9739,2.8699,5.8904,1.9425,2.0523,3.9896,1.8898,1.9666,3.9048,2.1423,2.1547,4.9813,1.242,2.6256,2.8872,4.689,2.9884,0.41417,0.69815,1.9305,2.9946,1.9033,1.9594,3.8848,1.193,1.8473,3.6435,1.9785,1.8985,3.8194,0.46069,2.4508,2.5662,1.3915,2.1561,3.1763,0.63771,1.9471,3.1195,0.50721,3.0398,2.424,6.1737,2.8636,2.5376,1.4411,2.2516,3.5654,4.692,2.9901,0.41461,2.4261,2.337,4.5575,2.1684,2.1867,4.1019,1.122,2.7992,3.6469,1.8914,1.9661,3.9061,2.6469,2.2918,4.7933,0.78014,2.1418,3.9578,2.4669,2.7244,4.9903,1.6014,1.8361,4.2592,1.8906,1.9656,3.9066,2.4691,2.7243,4.9932,1.445,2.3902,3.259,5.9223,2.8792,2.2005,2.0141,1.9505,4.7515,1.1176,2.8008,3.6436,1.3729,2.3888,3.8401,1.1207,2.8005,3.6468,1.8401,1.8007,4.0943,1.9097,2.0687,4.3835,0.97871,2.0888,2.8325,0.066921,2.7974,2.8317,1.087,1.9609,4.2608,1.6128,1.8057,3.9685,1.3817,1.5865,3.8363,0.91022,2.4626,2.7711,2.1087,2.557,4.921,1.9729,1.9887,4.4761,1.1622,3.0751,3.3969,1.4462,1.4652,4.2333,0.7461,1.9976,2.7445,2.1554,2.3804,3.7113,0.69007,2.1931,3.9428,1.9905,2.1289,3.4396,1.0829,2.1906,3.6363,2.5302,1.9987,4.4673,2.7132,2.3755,5.0125
5.1908e-05,5.8189e-05,4.2485e-05,8.9014,8.9015,8.9014,5.1908e-05,5.8189e-05,4.2485e-05,9.1394,8.5485,8.7726,9.1788,8.7177,8.532,8.4811,8.6848,8.569,8.4311,9.2601,8.8645,9.2536,9.258,9.4101,9.1048,9.1176,9.3558,9.087,8.7118,9.1337,9.2366,8.6633,9.0923,8.7611,9.0982,8.751,8.6838,9.3364,8.9927,9.1665,8.4906,8.8249,8.5594,9.3241,8.964,8.6118,8.9424,8.6939,9.3974,8.9199,9.0644,8.5626,9.143,8.6363,8.9559,8.8976,9.1293,8.0385,9.0101,8.545,8.8302,9.1662,9.2234,8.9113,8.4842,8.8267,8.9958,8.7455,8.3555,9.2059,8.757,8.722,8.636,8.7618,8.3435,8.3694,9.3444,9.2914,8.8627,8.3976,9.0395,8.6512,8.6021,8.9399,9.0635,9.1339,9.0156,8.6597,8.724,9.1466,8.545,9.1907,8.7806,8.7372,8.4437,8.9613,8.9757,8.9735,8.6338,9.0257,9.0275,9.0404,8.6404,9.3103,9.0013,8.9554,8.8092,8.6516,8.9965,8.798,8.5363,9.1795,8.7504,8.8831,9.0975,8.9691,8.7563,8.9367,8.2205,9.0885,8.9789,8.7931,9.1832,8.8745,8.7943,8.84,5.6969e-05,6.0548e-05,5.94e-05,5.6302e-05,6.0313e-05,5.9327e-05,5.9493e-05,5.7823e-05,5.7628e-05,5.5797e-05,5.6068e-05,6.0706e-05,6.0466e-05,6.0362e-05,5.7626e-05,5.7881e-05,5.6452e-05,5.9466e-05,6.1845e-05,6.1252e-05,5.6883e-05,6.2243e-05,5.6235e-05,6.0346e-05,6.3571e-05,5.7175e-05,6.3211e-05,5.9624e-05,5.8528e-05,5.6791e-05,5.7149e-05,6.1732e-05,5.8443e-05,5.3418e-05,5.6966e-05,5.6166e-05,6.0381e-05,6.025e-05,5.6382e-05,5.7523e-05,5.6853e-05,5.8141e-05,5.6346e-05,5.6287e-05,5.8159e-05,5.5865e-05,6.4165e-05,5.7804e-05,5.8642e-05,6.1937e-05,5.7116e-05,5.8418e-05,5.8341e-05,6.4795e-05,6.4759e-05,5.6698e-05,5.5996e-05,5.6035e-05,5.7027e-05,5.8279e-05,5.6964e-05,5.4741e-05,5.4769e-05,6.2551e-05,6.3926e-05,5.9277e-05,5.4669e-05,6.0863e-05,5.6747e-05,5.8225e-05,5.6391e-05,5.5913e-05,5.7127e-05,5.8252e-05,5.8817e-05,5.7099e-05,5.8565e-05,5.7298e-05,6.0421e-05,5.8069e-05,5.733e-05,5.7384e-05,5.8051e-05,5.5631e-05,5.5321e-05,5.6261e-05,5.79e-05,5.6451e-05,5.6809e-05,6.0611e-05,5.9453e-05,5.6691e-05,5.6296e-05,5.6022e-05,5.9286e-05,5.6602e-05,5.4712e-05,5.5402e-05,5.9823e-05,5.7198e-05,5.3641e-05,5.7289e-05,5.7251e-05,6.1532e-05,6.1691e-05,5.5337e-05,5.6534e-05,5.4908e-05,5.5404e-05,5.7427e-05,5.3816e-05,5.4681e-05,5.5208e-05,5.5952e-05,5.3943e-05,5.587e-05,5.4727e-05,1126500.0,243970.0,543910.0,897930.0,154960.0,884250.0,637210.0,497140.0,600880.0,470440.0,2199100.0,656760.0,532120.0,532690.0,250490.0,1401800.0,673460.0,245580.0,254040.0,1290300.0,427640.0,207800.0,273130.0,428480.0,608220.0,1578700.0,175060.0,425570.0,377880.0,417270.0,293390.0,3787600.0,423450.0,158020.0,1375000.0,930330.0,1199100.0,695560.0,471560.0,324440.0,117670.0,937310.0,217790.0,123520.0,689650.0,593990.0,351120.0,792340.0,217420.0,186450.0,203970.0,275640.0,183910.0,822610.0,832810.0,910240.0,577750.0,664990.0,871250.0,235210.0,665660.0,391020.0,213720.0,493980.0,594780.0,407940.0,56070.0,634260.0,777530.0,384920.0,119010.0,250260.0,228950.0,264240.0,578610.0,361990.0,1560200.0,902160.0,661960.0,410430.0,290810.0,548110.0,522730.0,424020.0,361990.0,418260.0,482750.0,539330.0,1388400.0,881360.0,825760.0,1267400.0,208810.0,288760.0,588840.0,517740.0,360140.0,622030.0,555820.0,803670.0,578910.0,228560.0,407090.0,822410.0,514620.0,216170.0,485350.0,314550.0,162770.0,255700.0,1304700.0,384030.0,1036500.0,307280.0,401120.0,295300.0,593300.0,1.9515,2.336,3.9939,2.8917,2.8366,4.5091,3.008,2.8421,5.816,1.2623,2.8596,3.6605,2.8119,2.3315,4.2682,1.7867,1.6721,3.387,1.7878,1.6694,3.3884,0.3949,2.1319,3.2053,0.39652,2.1318,3.2061,1.0063,2.7148,2.8774,1.8167,2.5893,4.0005,3.0064,2.8417,5.8125,1.8974,1.9145,4.4932,1.8976,1.9164,4.4924,2.0677,2.1455,4.6736,1.9422,2.5967,4.8866,1.2872,2.4859,3.9484,0.49866,2.4709,2.4723,2.0505,3.0655,3.9972,0.39421,2.3727,3.4405,1.0049,2.0606,3.2734,2.5451,2.2972,4.291,4.6002,3.0026,0.48755,0.74554,2.425,3.7688,1.701,1.6012,4.1584,2.321,2.7565,4.592,1.6602,1.6814,4.2503,0.3905,1.9238,3.2044,2.1208,2.8132,4.5953,2.6404,2.4471,4.9916,1.6014,2.4362,3.469,1.6611,1.6326,4.0833,1.84,1.9876,3.727,1.4644,2.459,3.3431,1.078,2.2912,3.1569,1.237,2.6904,3.3068,1.467,1.8657,4.1179,1.0235,2.6038,4.0672,5.5447,2.9021,1.8559,2.1664,2.5318,4.5372,0.76564,1.9871,3.35,2.3496,2.1016,4.1928,2.3863,2.5132,4.4292,0.73952,2.4663,2.8457,0.0058062,2.6896,2.0494,2.6415,2.4455,4.9931,3.2078,2.9385,6.1978,1.141,2.5625,3.0666,1.6608,1.6326,4.0891,1.2902,1.7552,3.7992,1.7001,2.0081,3.4511,0.5341,1.9773,3.2562,2.3184,2.1835,4.4579,0.32497,2.2972,3.4115,0.21982,2.6178,3.3401,0.55366,2.7857,3.2494,1.265,2.506,2.9763,0.44909,2.4497,2.7163,1.4731,2.0955,4.3486,1.3948,1.8078,4.2925,0.44315,2.4511,2.712,0.442,2.448,2.7094,1.0481,2.167,3.6606,1.5283,1.6178,3.2865,0.2218,2.6182,3.3397,2.9739,2.8699,5.8904,1.9425,2.0523,3.9896,1.8898,1.9666,3.9048,2.1423,2.1547,4.9813,1.242,2.6256,2.8872,4.689,2.9884,0.41416,0.69815,1.9305,2.9946,1.9033,1.9594,3.8848,1.193,1.8473,3.6435,1.9785,1.8985,3.8194,0.46069,2.4508,2.5662,1.3915,2.1561,3.1763,0.63771,1.9471,3.1195,0.50721,3.0398,2.424,6.1737,2.8636,2.5376,1.441,2.2516,3.5654,4.692,2.9901,0.4146,2.4261,2.337,4.5575,2.1684,2.1867,4.1019,1.122,2.7992,3.6469,1.8914,1.9661,3.9061,2.6469,2.2918,4.7933,0.78014,2.1418,3.9578,2.4669,2.7244,4.9903,1.6014,1.8361,4.2592,1.8906,1.9656,3.9066,2.4691,2.7243,4.9932,1.445,2.3902,3.259,5.9223,2.8792,2.2005,2.0141,1.9505,4.7515,1.1176,2.8008,3.6436,1.3729,2.3888,3.8401,1.1207,2.8005,3.6468,1.8401,1.8007,4.0943,1.9097,2.0687,4.3835,0.97871,2.0888,2.8325,0.066915,2.7974,2.8317,1.087,1.9609,4.2608,1.6128,1.8057,3.9685,1.3817,1.5865,3.8363,0.91022,2.4625,2.7711,2.1087,2.557,4.921,1.973,1.9887,4.4761,1.1623,3.0751,3.3969,1.4462,1.4652,4.2333,0.7461,1.9976,2.7445,2.1553,2.3804,3.7113,0.69006,2.1931,3.9428,1.9905,2.1289,3.4396,1.0829,2.1906,3.6363,2.5302,1.9987,4.4673,2.7132,2.3755,5.0125
9.8622e-05,0.00011056,8.0718e-05,16.912,16.912,16.912,9.8622e-05,0.00011056,8.0718e-05,17.364,16.242,16.668,17.439,16.563,16.21,16.114,16.501,16.281,16.019,17.594,16.842,17.581,17.59,17.879,17.299,17.323,17.776,17.265,16.552,17.354,17.549,16.46,17.275,16.646,17.286,16.626,16.499,17.739,17.086,17.416,16.132,16.767,16.263,17.715,17.031,16.362,16.99,16.518,17.855,16.947,17.222,16.269,17.371,16.409,17.016,16.905,17.345,15.273,17.119,16.235,16.777,17.415,17.524,16.931,16.12,16.77,17.092,16.616,15.875,17.491,16.638,16.571,16.408,16.647,15.852,15.901,17.754,17.653,16.839,15.955,17.175,16.437,16.344,16.985,17.22,17.354,17.129,16.453,16.575,17.378,16.235,17.462,16.683,16.6,16.043,17.026,17.053,17.049,16.404,17.148,17.152,17.176,16.416,17.689,17.102,17.015,16.737,16.438,17.093,16.716,16.218,17.441,16.625,16.877,17.285,17.041,16.637,16.979,15.618,17.268,17.059,16.707,17.448,16.861,16.709,16.796,0.00010824,0.00011504,0.00011286,0.00010697,0.00011459,0.00011272,0.00011303,0.00010986,0.00010949,0.00010601,0.00010653,0.00011534,0.00011488,0.00011468,0.00010949,0.00010997,0.00010726,0.00011298,0.0001175,0.00011638,0.00010808,0.00011826,0.00010684,0.00011465,0.00012078,0.00010863,0.0001201,0.00011328,0.0001112,0.0001079,0.00010858,0.00011729,0.00011104,0.00010149,0.00010823,0.00010671,0.00011472,0.00011447,0.00010712,0.00010929,0.00010802,0.00011047,0.00010706,0.00010694,0.0001105,0.00010614,0.00012191,0.00010982,0.00011142,0.00011768,0.00010852,0.00011099,0.00011084,0.00012311,0.00012304,0.00010773,0.00010639,0.00010646,0.00010835,0.00011073,0.00010823,0.000104,0.00010406,0.00011884,0.00012146,0.00011262,0.00010387,0.00011564,0.00010782,0.00011063,0.00010714,0.00010623,0.00010854,0.00011068,0.00011175,0.00010849,0.00011127,0.00010886,0.0001148,0.00011033,0.00010893,0.00010903,0.00011029,0.0001057,0.00010511,0.00010689,0.00011001,0.00010725,0.00010793,0.00011516,0.00011296,0.00010771,0.00010696,0.00010644,0.00011264,0.00010754,0.00010395,0.00010526,0.00011366,0.00010867,0.00010191,0.00010885,0.00010877,0.00011691,0.00011721,0.00010514,0.00010741,0.00010432,0.00010527,0.00010911,0.00010225,0.00010389,0.00010489,0.00010631,0.00010249,0.00010615,0.00010398,1126500.0,243970.0,543910.0,897930.0,154960.0,884250.0,637210.0,497140.0,600880.0,470440.0,2199100.0,656760.0,532120.0,532690.0,250490.0,1401800.0,673460.0,245580.0,254040.0,1290300.0,427640.0,207800.0,273130.0,428480.0,608220.0,1578700.0,175060.0,425570.0,377880.0,417270.0,293390.0,3787600.0,423450.0,158020.0,1375000.0,930330.0,1199100.0,695560.0,471560.0,324440.0,117670.0,937310.0,217790.0,123520.0,689650.0,593990.0,351120.0,792340.0,217420.0,186450.0,203970.0,275640.0,183910.0,822610.0,832810.0,910240.0,577750.0,664990.0,871250.0,235210.0,665660.0,391020.0,213720.0,493980.0,594780.0,407940.0,56070.0,634260.0,777530.0,384920.0,119010.0,250260.0,228950.0,264240.0,578610.0,361990.0,1560200.0,902160.0,661960.0,410430.0,290810.0,548110.0,522730.0,424020.0,361990.0,418260.0,482750.0,539330.0,1388400.0,881360.0,825760.0,1267400.0,208810.0,288760.0,588840.0,517740.0,360140.0,622030.0,555820.0,803670.0,578910.0,228560.0,407090.0,822410.0,514620.0,216170.0,485350.0,314550.0,162770.0,255700.0,1304700.0,384030.0,1036500.0,307280.0,401120.0,295300.0,593300.0,1.9515,2.336,3.9939,2.8917,2.8366,4.5091,3.008,2.8421,5.816,1.2623,2.8596,3.6605,2.8119,2.3315,4.2682,1.7867,1.6721,3.387,1.7878,1.6694,3.3884,0.3949,2.1319,3.2053,0.39651,2.1318,3.2061,1.0063,2.7148,2.8774,1.8167,2.5893,4.0005,3.0064,2.8417,5.8125,1.8974,1.9145,4.4932,1.8976,1.9164,4.4924,2.0677,2.1455,4.6736,1.9422,2.5967,4.8866,1.2872,2.4859,3.9484,0.49866,2.4709,2.4723,2.0506,3.0655,3.9972,0.39421,2.3727,3.4405,1.0049,2.0606,3.2734,2.5451,2.2972,4.291,4.6002,3.0026,0.48755,0.74554,2.425,3.7688,1.701,1.6012,4.1584,2.321,2.7565,4.592,1.6602,1.6814,4.2503,0.39051,1.9238,3.2044,2.1208,2.8132,4.5953,2.6404,2.4471,4.9916,1.6014,2.4362,3.469,1.6611,1.6326,4.0833,1.84,1.9875,3.727,1.4644,2.459,3.3431,1.078,2.2912,3.1569,1.237,2.6904,3.3068,1.467,1.8657,4.1179,1.0235,2.6038,4.0672,5.5447,2.9021,1.8559,2.1664,2.5318,4.5372,0.76564,1.9871,3.35,2.3496,2.1016,4.1928,2.3863,2.5132,4.4292,0.73951,2.4663,2.8457,0.0058031,2.6896,2.0494,2.6415,2.4455,4.9931,3.2078,2.9385,6.1978,1.141,2.5625,3.0666,1.6608,1.6326,4.0891,1.2902,1.7552,3.7992,1.7001,2.0081,3.4511,0.5341,1.9773,3.2562,2.3184,2.1835,4.4579,0.32498,2.2972,3.4115,0.21982,2.6178,3.3401,0.55367,2.7857,3.2494,1.265,2.506,2.9763,0.44909,2.4497,2.7163,1.4731,2.0955,4.3486,1.3948,1.8078,4.2925,0.44315,2.4511,2.712,0.442,2.448,2.7094,1.0481,2.167,3.6606,1.5283,1.6178,3.2865,0.2218,2.6182,3.3397,2.9739,2.8699,5.8904,1.9425,2.0523,3.9897,1.8898,1.9666,3.9048,2.1423,2.1547,4.9813,1.242,2.6256,2.8872,4.689,2.9884,0.41414,0.69815,1.9305,2.9946,1.9033,1.9594,3.8848,1.193,1.8473,3.6435,1.9785,1.8985,3.8194,0.46069,2.4508,2.5662,1.3915,2.1561,3.1763,0.63771,1.9471,3.1195,0.50721,3.0398,2.424,6.1737,2.8636,2.5376,1.441,2.2516,3.5653,4.6919,2.9901,0.41459,2.4261,2.337,4.5575,2.1684,2.1867,4.1018,1.1221,2.7992,3.6469,1.8914,1.9661,3.9061,2.6469,2.2918,4.7933,0.78014,2.1418,3.9578,2.4669,2.7244,4.9903,1.6014,1.8361,4.2592,1.8906,1.9656,3.9066,2.4692,2.7243,4.9932,1.445,2.3902,3.259,5.9223,2.8792,2.2006,2.0141,1.9505,4.7515,1.1176,2.8008,3.6435,1.3729,2.3888,3.8401,1.1207,2.8005,3.6468,1.8401,1.8007,4.0943,1.9097,2.0687,4.3835,0.97871,2.0888,2.8325,0.066912,2.7974,2.8317,1.087,1.9609,4.2608,1.6128,1.8057,3.9685,1.3817,1.5865,3.8363,0.91022,2.4625,2.7711,2.1087,2.557,4.921,1.973,1.9887,4.4761,1.1623,3.075,3.3969,1.4462,1.4652,4.2333,0.7461,1.9976,2.7445,2.1553,2.3804,3.7113,0.69006,2.1931,3.9428,1.9905,2.1289,3.4396,1.0829,2.1906,3.6363,2.5302,1.9987,4.4673,2.7132,2.3755,5.0125
0.00016869,0.0001891,0.00013806,28.928,28.928,28.927,0.00016869,0.0001891,0.00013806,29.701,27.781,28.509,29.829,28.331,27.727,27.562,28.224,27.848,27.399,30.093,28.808,30.072,30.087,30.581,29.589,29.63,30.405,29.531,28.312,29.683,30.017,28.154,29.548,28.472,29.567,28.439,28.221,30.342,29.225,29.789,27.593,28.679,27.817,30.301,29.131,27.987,29.061,28.254,30.54,28.988,29.457,27.827,29.713,28.066,29.105,28.916,29.668,26.124,29.281,27.77,28.697,29.788,29.974,28.96,27.572,28.685,29.234,28.421,27.154,29.918,28.459,28.345,28.066,28.474,27.115,27.199,30.368,30.195,28.802,27.291,29.377,28.115,27.955,29.053,29.455,29.683,29.299,28.142,28.351,29.725,27.77,29.868,28.535,28.394,27.44,29.122,29.169,29.162,28.058,29.332,29.338,29.379,28.08,30.257,29.253,29.103,28.628,28.116,29.237,28.591,27.741,29.831,28.437,28.868,29.565,29.148,28.456,29.042,26.715,29.536,29.179,28.576,29.843,28.84,28.58,28.728,0.00018514,0.00019677,0.00019304,0.00018297,0.000196,0.0001928,0.00019334,0.00018791,0.00018728,0.00018133,0.00018221,0.00019728,0.0001965,0.00019616,0.00018727,0.0001881,0.00018346,0.00019325,0.00020099,0.00019906,0.00018486,0.00020228,0.00018275,0.00019611,0.00020659,0.00018581,0.00020543,0.00019377,0.0001902,0.00018456,0.00018572,0.00020062,0.00018993,0.0001736,0.00018513,0.00018253,0.00019623,0.0001958,0.00018323,0.00018694,0.00018476,0.00018895,0.00018312,0.00018292,0.00018901,0.00018155,0.00020852,0.00018785,0.00019057,0.00020128,0.00018562,0.00018985,0.00018959,0.00021057,0.00021046,0.00018426,0.00018197,0.0001821,0.00018533,0.0001894,0.00018512,0.0001779,0.00017799,0.00020328,0.00020774,0.00019264,0.00017766,0.00019779,0.00018442,0.00018922,0.00018326,0.00018171,0.00018565,0.00018931,0.00019114,0.00018556,0.00019032,0.00018621,0.00019635,0.00018871,0.00018631,0.00018649,0.00018865,0.00018079,0.00017978,0.00018284,0.00018816,0.00018345,0.00018462,0.00019697,0.00019321,0.00018423,0.00018295,0.00018206,0.00019267,0.00018395,0.0001778,0.00018004,0.00019441,0.00018588,0.00017432,0.00018618,0.00018605,0.00019997,0.00020048,0.00017983,0.00018372,0.00017844,0.00018005,0.00018663,0.00017489,0.0001777,0.00017941,0.00018183,0.0001753,0.00018156,0.00017785,1126500.0,243970.0,543910.0,897930.0,154960.0,884250.0,637210.0,497140.0,600880.0,470440.0,2199100.0,656760.0,532120.0,532690.0,250490.0,1401800.0,673460.0,245580.0,254040.0,1290300.0,427640.0,207800.0,273130.0,428480.0,608220.0,1578700.0,175060.0,425570.0,377880.0,417270.0,293390.0,3787600.0,423450.0,158020.0,1375000.0,930330.0,1199100.0,695560.0,471560.0,324440.0,117670.0,937310.0,217790.0,123520.0,689650.0,593990.0,351120.0,792340.0,217420.0,186450.0,203970.0,275640.0,183910.0,822610.0,832810.0,910240.0,577750.0,664990.0,871250.0,235210.0,665660.0,391020.0,213720.0,493980.0,594780.0,407940.0,56070.0,634260.0,777530.0,384920.0,119010.0,250260.0,228950.0,264240.0,578610.0,361990.0,1560200.0,902160.0,661960.0,410430.0,290810.0,548110.0,522730.0,424020.0,361990.0,418260.0,482750.0,539330.0,1388400.0,881360.0,825760.0,1267400.0,208810.0,288760.0,588840.0,517740.0,360140.0,622030.0,555820.0,803670.0,578910.0,228560.0,407090.0,822410.0,514620.0,216170.0,485350.0,314550.0,162770.0,255700.0,1304700.0,384030.0,1036500.0,307280.0,401120.0,295300.0,593300.0,1.9515,2.336,3.9939,2.8917,2.8366,4.5091,3.008,2.8421,5.816,1.2623,2.8596,3.6605,2.8119,2.3315,4.2682,1.7867,1.6721,3.387,1.7878,1.6694,3.3884,0.3949,2.1319,3.2053,0.39651,2.1318,3.2061,1.0063,2.7148,2.8774,1.8167,2.5893,4.0005,3.0064,2.8417,5.8125,1.8974,1.9145,4.4932,1.8976,1.9164,4.4924,2.0677,2.1455,4.6736,1.9422,2.5967,4.8866,1.2872,2.4859,3.9484,0.49866,2.4709,2.4723,2.0506,3.0655,3.9973,0.39421,2.3727,3.4405,1.0049,2.0606,3.2734,2.5451,2.2972,4.291,4.6002,3.0026,0.48754,0.74555,2.425,3.7688,1.701,1.6012,4.1584,2.321,2.7565,4.592,1.6602,1.6814,4.2503,0.39051,1.9238,3.2044,2.1208,2.8132,4.5953,2.6404,2.4471,4.9917,1.6014,2.4362,3.469,1.6611,1.6326,4.0833,1.84,1.9875,3.727,1.4643,2.459,3.3431,1.078,2.2912,3.1569,1.237,2.6904,3.3068,1.467,1.8657,4.1179,1.0235,2.6038,4.0672,5.5447,2.9021,1.8559,2.1664,2.5318,4.5372,0.76563,1.9871,3.35,2.3496,2.1016,4.1928,2.3863,2.5132,4.4292,0.73951,2.4663,2.8457,0.0058045,2.6896,2.0494,2.6415,2.4455,4.9931,3.2078,2.9385,6.1978,1.141,2.5625,3.0666,1.6608,1.6326,4.0891,1.2902,1.7552,3.7992,1.7001,2.0081,3.4511,0.5341,1.9773,3.2562,2.3183,2.1836,4.4579,0.32498,2.2972,3.4115,0.21982,2.6178,3.3401,0.55368,2.7857,3.2494,1.265,2.506,2.9763,0.44909,2.4497,2.7163,1.4731,2.0955,4.3486,1.3948,1.8078,4.2925,0.44315,2.4511,2.712,0.442,2.448,2.7094,1.0481,2.167,3.6606,1.5283,1.6178,3.2865,0.2218,2.6182,3.3397,2.9739,2.8699,5.8904,1.9425,2.0523,3.9897,1.8898,1.9666,3.9048,2.1423,2.1547,4.9813,1.242,2.6256,2.8872,4.6889,2.9884,0.41412,0.69816,1.9306,2.9946,1.9033,1.9594,3.8848,1.193,1.8472,3.6435,1.9785,1.8985,3.8194,0.46069,2.4508,2.5662,1.3915,2.1561,3.1763,0.63771,1.9471,3.1195,0.50722,3.0398,2.4241,6.1737,2.8636,2.5376,1.441,2.2516,3.5653,4.6919,2.9901,0.41458,2.4261,2.337,4.5575,2.1684,2.1867,4.1018,1.1221,2.7992,3.647,1.8914,1.9661,3.9061,2.6469,2.2918,4.7933,0.78015,2.1418,3.9578,2.4669,2.7244,4.9903,1.6014,1.8361,4.2592,1.8906,1.9656,3.9066,2.4692,2.7243,4.9932,1.445,2.3902,3.259,5.9223,2.8792,2.2006,2.0141,1.9505,4.7515,1.1176,2.8008,3.6435,1.3729,2.3888,3.8401,1.1207,2.8005,3.6468,1.8401,1.8007,4.0943,1.9097,2.0687,4.3835,0.97871,2.0888,2.8325,0.066909,2.7974,2.8317,1.087,1.9609,4.2608,1.6128,1.8057,3.9685,1.3817,1.5865,3.8363,0.91022,2.4625,2.7711,2.1087,2.557,4.921,1.973,1.9887,4.4761,1.1623,3.075,3.3969,1.4462,1.4652,4.2333,0.74611,1.9976,2.7445,2.1553,2.3804,3.7113,0.69005,2.1931,3.9428,1.9905,2.1289,3.4396,1.0829,2.1906,3.6363,2.5303,1.9987,4.4673,2.7132,2.3755,5.0125
0.00027378,0.00030691,0.00022407,46.948,46.95,46.946,0.00027378,0.00030691,0.00022407,48.205,45.088,46.27,48.413,45.981,45.001,44.732,45.807,45.196,44.469,48.841,46.755,48.807,48.831,49.633,48.022,48.09,49.346,47.929,45.95,48.175,48.718,45.694,47.956,46.21,47.988,46.157,45.802,49.244,47.431,48.347,44.783,46.546,45.147,49.178,47.28,45.422,47.166,45.856,49.565,47.048,47.809,45.163,48.224,45.551,47.237,46.93,48.151,42.398,47.523,45.07,46.576,48.346,48.648,47.002,44.749,46.555,47.447,46.128,44.07,48.556,46.188,46.003,45.55,46.213,44.007,44.143,49.286,49.006,46.746,44.292,47.678,45.63,45.371,47.153,47.805,48.175,47.552,45.675,46.014,48.243,45.07,48.475,46.312,46.083,44.535,47.265,47.342,47.329,45.539,47.605,47.615,47.682,45.573,49.106,47.476,47.234,46.463,45.631,47.451,46.403,45.023,48.416,46.153,46.853,47.983,47.306,46.183,47.135,43.357,47.936,47.357,46.378,48.435,46.807,46.384,46.625,0.00030048,0.00031935,0.0003133,0.00029696,0.00031811,0.00031291,0.00031379,0.00030498,0.00030395,0.00029429,0.00029572,0.00032019,0.00031892,0.00031837,0.00030395,0.00030529,0.00029775,0.00031365,0.0003262,0.00032307,0.00030002,0.0003283,0.0002966,0.00031829,0.0003353,0.00030156,0.0003334,0.00031448,0.0003087,0.00029954,0.00030143,0.0003256,0.00030825,0.00028175,0.00030046,0.00029625,0.00031847,0.00031778,0.00029738,0.0003034,0.00029987,0.00030666,0.0002972,0.00029688,0.00030675,0.00029465,0.00033843,0.00030488,0.0003093,0.00032668,0.00030125,0.00030813,0.00030771,0.00034176,0.00034157,0.00029905,0.00029534,0.00029555,0.00030079,0.00030739,0.00030045,0.00028873,0.00028887,0.00032992,0.00033717,0.00031265,0.00028834,0.00032102,0.0002993,0.00030711,0.00029743,0.00029491,0.00030131,0.00030724,0.00031022,0.00030117,0.00030889,0.00030221,0.00031868,0.00030628,0.00030238,0.00030267,0.00030618,0.00029342,0.00029178,0.00029674,0.00030538,0.00029775,0.00029963,0.00031969,0.00031358,0.00029901,0.00029692,0.00029548,0.0003127,0.00029854,0.00028857,0.00029221,0.00031553,0.00030168,0.00028291,0.00030216,0.00030196,0.00032454,0.00032538,0.00029186,0.00029818,0.0002896,0.00029222,0.00030289,0.00028384,0.00028841,0.00029119,0.00029511,0.00028451,0.00029467,0.00028865,1126500.0,243970.0,543910.0,897930.0,154960.0,884250.0,637210.0,497140.0,600880.0,470440.0,2199100.0,656760.0,532120.0,532690.0,250490.0,1401800.0,673460.0,245580.0,254040.0,1290300.0,427640.0,207800.0,273130.0,428480.0,608220.0,1578700.0,175060.0,425570.0,377880.0,417270.0,293390.0,3787600.0,423450.0,158020.0,1375000.0,930330.0,1199100.0,695560.0,471560.0,324440.0,117670.0,937310.0,217790.0,123520.0,689650.0,593990.0,351120.0,792340.0,217420.0,186450.0,203970.0,275640.0,183910.0,822610.0,832810.0,910240.0,577750.0,664990.0,871250.0,235210.0,665660.0,391020.0,213720.0,493980.0,594780.0,407940.0,56070.0,634260.0,777530.0,384920.0,119010.0,250260.0,228950.0,264240.0,578610.0,361990.0,1560200.0,902160.0,661960.0,410430.0,290810.0,548110.0,522730.0,424020.0,361990.0,418260.0,482750.0,539330.0,1388400.0,881360.0,825760.0,1267400.0,208810.0,288760.0,588840.0,517740.0,360140.0,622030.0,555820.0,803670.0,578910.0,228560.0,407090.0,822410.0,514620.0,216170.0,485350.0,314550.0,162770.0,255700.0,1304700.0,384030.0,1036500.0,307280.0,401120.0,295300.0,593300.0,1.9515,2.336,3.9939,2.8917,2.8366,4.5091,3.008,2.8421,5.816,1.2623,2.8596,3.6605,2.8119,2.3315,4.2682,1.7867,1.6721,3.387,1.7878,1.6695,3.3884,0.3949,2.1319,3.2053,0.3965,2.1318,3.2061,1.0063,2.7148,2.8774,1.8167,2.5893,4.0005,3.0064,2.8417,5.8125,1.8974,1.9145,4.4932,1.8976,1.9164,4.4924,2.0677,2.1455,4.6736,1.9422,2.5967,4.8866,1.2872,2.4859,3.9484,0.49866,2.4709,2.4723,2.0508,3.0655,3.9974,0.39421,2.3727,3.4405,1.0049,2.0606,3.2735,2.5451,2.2972,4.291,4.6002,3.0026,0.48753,0.74557,2.425,3.7688,1.7009,1.6012,4.1583,2.321,2.7565,4.592,1.6602,1.6814,4.2503,0.39051,1.9238,3.2044,2.1208,2.8132,4.5954,2.6404,2.4471,4.9917,1.6014,2.4362,3.469,1.6611,1.6326,4.0833,1.84,1.9875,3.727,1.4643,2.459,3.3431,1.078,2.2912,3.1569,1.237,2.6904,3.3067,1.467,1.8657,4.1179,1.0235,2.6038,4.0672,5.5447,2.9021,1.8559,2.1664,2.5318,4.5372,0.76561,1.9871,3.35,2.3495,2.1016,4.1928,2.3863,2.5132,4.4292,0.7395,2.4663,2.8457,0.0058061,2.6896,2.0494,2.6415,2.4455,4.9931,3.2078,2.9385,6.1978,1.141,2.5625,3.0666,1.6608,1.6326,4.0891,1.2902,1.7552,3.7992,1.7001,2.0081,3.4511,0.53409,1.9773,3.2562,2.3183,2.1835,4.4579,0.32499,2.2972,3.4115,0.21982,2.6178,3.3401,0.55368,2.7857,3.2494,1.265,2.506,2.9763,0.4491,2.4497,2.7164,1.4731,2.0955,4.3486,1.3948,1.8078,4.2925,0.44315,2.4511,2.712,0.442,2.448,2.7094,1.0481,2.167,3.6606,1.5283,1.6178,3.2865,0.2218,2.6182,3.3397,2.9739,2.8699,5.8904,1.9425,2.0523,3.9897,1.8898,1.9666,3.9048,2.1423,2.1547,4.9813,1.242,2.6256,2.8872,4.6889,2.9884,0.41409,0.69818,1.9306,2.9946,1.9033,1.9594,3.8848,1.193,1.8472,3.6435,1.9785,1.8985,3.8194,0.46069,2.4508,2.5662,1.3915,2.1561,3.1763,0.63771,1.9471,3.1195,0.50724,3.0398,2.4241,6.1737,2.8636,2.5376,1.441,2.2516,3.5653,4.6919,2.9901,0.41455,2.4261,2.337,4.5575,2.1685,2.1867,4.1018,1.1221,2.7992,3.647,1.8914,1.9661,3.9061,2.6469,2.2918,4.7933,0.78015,2.1418,3.9578,2.4669,2.7244,4.9903,1.6014,1.8361,4.2592,1.8906,1.9656,3.9066,2.4692,2.7243,4.9932,1.445,2.3902,3.259,5.9224,2.8792,2.2006,2.0141,1.9505,4.7515,1.1176,2.8008,3.6435,1.3729,2.3888,3.8401,1.1207,2.8005,3.6468,1.8401,1.8007,4.0944,1.9097,2.0687,4.3835,0.9787,2.0888,2.8325,0.066904,2.7974,2.8317,1.087,1.9609,4.2608,1.6129,1.8057,3.9685,1.3817,1.5865,3.8363,0.91022,2.4625,2.7711,2.1087,2.557,4.921,1.973,1.9887,4.4761,1.1624,3.075,3.397,1.4462,1.4652,4.2333,0.74611,1.9976,2.7445,2.1553,2.3804,3.7113,0.69004,2.1931,3.9428,1.9905,2.1289,3.4396,1.0829,2.1906,3.6363,2.5303,1.9987,4.4673,2.7132,2.3755,5.0125
0.00043138,0.0004836,0.00035305,73.975,73.979,73.97,0.00043138,0.0004836,0.00035305,75.957,71.044,72.908,76.284,72.452,70.907,70.485,72.178,71.216,70.069,76.959,73.672,76.906,76.943,78.206,75.669,75.774,77.755,75.522,72.404,75.909,76.765,72.0,75.565,72.813,75.614,72.73,72.17,77.595,74.736,76.18,70.566,73.343,71.14,77.49,74.5,71.573,74.319,72.255,78.1,74.134,75.333,71.165,75.988,71.776,74.431,73.948,75.871,66.806,74.884,71.016,73.39,76.179,76.656,74.062,70.511,73.357,74.763,72.685,69.442,76.511,72.779,72.487,71.774,72.818,69.343,69.555,77.661,77.219,73.659,69.791,75.127,71.899,71.491,74.298,75.328,75.91,74.927,71.969,72.505,76.015,71.016,76.383,72.974,72.612,70.174,74.476,74.597,74.577,71.756,75.011,75.026,75.132,71.809,77.377,74.808,74.428,73.211,71.901,74.768,73.116,70.943,76.289,72.723,73.827,75.606,74.54,72.771,74.27,68.317,75.532,74.62,73.078,76.318,73.752,73.087,73.465,0.00047346,0.00050319,0.00049366,0.00046792,0.00050125,0.00049305,0.00049443,0.00048056,0.00047894,0.00046371,0.00046596,0.00050453,0.00050253,0.00050166,0.00047893,0.00048104,0.00046916,0.00049422,0.000514,0.00050907,0.00047275,0.0005173,0.00046736,0.00050153,0.00052834,0.00047517,0.00052535,0.00049553,0.00048642,0.00047198,0.00047495,0.00051306,0.00048571,0.00044397,0.00047343,0.0004668,0.00050182,0.00050073,0.00046859,0.00047806,0.00047251,0.0004832,0.0004683,0.0004678,0.00048335,0.00046429,0.00053327,0.00048039,0.00048736,0.00051476,0.00047469,0.00048552,0.00048485,0.00053851,0.00053821,0.00047121,0.00046537,0.0004657,0.00047396,0.00048435,0.00047343,0.00045495,0.00045518,0.00051986,0.00053127,0.00049265,0.00045433,0.00050583,0.00047161,0.00048391,0.00046866,0.00046469,0.00047478,0.00048412,0.00048882,0.00047457,0.00048671,0.0004762,0.00050215,0.00048261,0.00047646,0.00047691,0.00048246,0.00046234,0.00045976,0.00046758,0.0004812,0.00046916,0.00047213,0.00050374,0.00049411,0.00047115,0.00046786,0.00046559,0.00049272,0.00047041,0.0004547,0.00046043,0.00049717,0.00047536,0.00044578,0.00047611,0.0004758,0.00051138,0.0005127,0.00045988,0.00046983,0.00045633,0.00046044,0.00047725,0.00044725,0.00045443,0.00045882,0.000465,0.00044829,0.00046432,0.00045482,1126500.0,243970.0,543910.0,897930.0,154960.0,884250.0,637210.0,497140.0,600880.0,470440.0,2199100.0,656760.0,532120.0,532690.0,250490.0,1401800.0,673460.0,245580.0,254040.0,1290300.0,427640.0,207800.0,273130.0,428480.0,608220.0,1578700.0,175060.0,425570.0,377880.0,417270.0,293390.0,3787600.0,423450.0,158020.0,1375000.0,930330.0,1199100.0,695560.0,471560.0,324440.0,117670.0,937310.0,217790.0,123520.0,689650.0,593990.0,351120.0,792340.0,217420.0,186450.0,203970.0,275640.0,183910.0,822610.0,832810.0,910240.0,577750.0,664990.0,871250.0,235210.0,665660.0,391020.0,213720.0,493980.0,594780.0,407940.0,56070.0,634260.0,777530.0,384920.0,119010.0,250260.0,228950.0,264240.0,578610.0,361990.0,1560200.0,902160.0,661960.0,410430.0,290810.0,548110.0,522730.0,424020.0,361990.0,418260.0,482750.0,539330.0,1388400.0,881360.0,825760.0,1267400.0,208810.0,288760.0,588840.0,517740.0,360140.0,622030.0,555820.0,803670.0,578910.0,228560.0,407090.0,822410.0,514620.0,216170.0,485350.0,314550.0,162770.0,255700.0,1304700.0,384030.0,1036500.0,307280.0,401120.0,295300.0,593300.0,1.9515,2.336,3.9939,2.8917,2.8366,4.5091,3.008,2.8421,5.816,1.2623,2.8596,3.6604,2.812,2.3315,4.2683,1.7868,1.6721,3.387,1.7878,1.6695,3.3884,0.39489,2.1319,3.2053,0.39649,2.1318,3.2061,1.0062,2.7148,2.8775,1.8167,2.5893,4.0005,3.0064,2.8417,5.8125,1.8974,1.9145,4.4932,1.8976,1.9164,4.4924,2.0676,2.1455,4.6736,1.9422,2.5967,4.8866,1.2872,2.4859,3.9484,0.49865,2.4709,2.4723,2.051,3.0655,3.9976,0.3942,2.3727,3.4405,1.0049,2.0606,3.2735,2.5451,2.2972,4.291,4.6001,3.0026,0.48751,0.74557,2.425,3.7688,1.7009,1.6012,4.1584,2.321,2.7565,4.592,1.6602,1.6814,4.2503,0.39051,1.9238,3.2044,2.1208,2.8132,4.5954,2.6404,2.4471,4.9917,1.6014,2.4362,3.469,1.6611,1.6326,4.0834,1.84,1.9875,3.727,1.4643,2.459,3.3431,1.078,2.2912,3.1569,1.237,2.6905,3.3067,1.467,1.8657,4.1179,1.0235,2.6038,4.0672,5.5447,2.9021,1.8559,2.1664,2.5317,4.5373,0.76561,1.9871,3.35,2.3495,2.1016,4.1928,2.3863,2.5132,4.4292,0.73949,2.4663,2.8457,0.0058004,2.6896,2.0494,2.6415,2.4455,4.9931,3.2078,2.9385,6.1979,1.141,2.5625,3.0666,1.6608,1.6326,4.0891,1.2902,1.7552,3.7992,1.7001,2.0081,3.4511,0.53409,1.9773,3.2562,2.3183,2.1835,4.4579,0.32499,2.2972,3.4115,0.21982,2.6178,3.3401,0.5537,2.7857,3.2494,1.265,2.506,2.9763,0.44911,2.4497,2.7164,1.4731,2.0955,4.3486,1.3948,1.8078,4.2925,0.44314,2.4511,2.712,0.442,2.448,2.7094,1.0481,2.167,3.6606,1.5283,1.6178,3.2865,0.22181,2.6182,3.3397,2.9739,2.8699,5.8904,1.9425,2.0523,3.9897,1.8898,1.9666,3.9048,2.1424,2.1547,4.9813,1.2419,2.6255,2.8872,4.6889,2.9884,0.41404,0.69819,1.9306,2.9946,1.9033,1.9594,3.8848,1.193,1.8472,3.6435,1.9785,1.8985,3.8194,0.46069,2.4508,2.5662,1.3915,2.1561,3.1763,0.63772,1.9471,3.1195,0.50726,3.0398,2.4241,6.1737,2.8636,2.5376,1.441,2.2516,3.5653,4.6919,2.9901,0.41452,2.4261,2.337,4.5575,2.1685,2.1867,4.1018,1.1221,2.7992,3.647,1.8913,1.9661,3.9061,2.6469,2.2918,4.7933,0.78017,2.1419,3.9578,2.4669,2.7244,4.9903,1.6014,1.8361,4.2592,1.8905,1.9656,3.9066,2.4692,2.7243,4.9932,1.445,2.3902,3.259,5.9224,2.8792,2.2006,2.0141,1.9505,4.7515,1.1176,2.8008,3.6435,1.3729,2.3888,3.84,1.1207,2.8005,3.6468,1.8401,1.8007,4.0944,1.9097,2.0687,4.3835,0.9787,2.0888,2.8325,0.066892,2.7974,2.8317,1.087,1.9609,4.2609,1.6129,1.8057,3.9685,1.3817,1.5865,3.8363,0.91023,2.4625,2.7711,2.1087,2.557,4.921,1.973,1.9887,4.4761,1.1625,3.075,3.3971,1.4462,1.4652,4.2333,0.74612,1.9976,2.7445,2.1553,2.3804,3.7113,0.69002,2.1931,3.9428,1.9905,2.1289,3.4396,1.0829,2.1906,3.6363,2.5303,1.9987,4.4673,2.7132,2.3755,5.0124
0.00066773,0.00074858,0.00054646,114.51,114.51,114.49,0.00066773,0.00074858,0.00054646,117.58,109.97,112.86,118.08,112.15,109.76,109.1,111.73,110.24,108.46,119.13,114.04,119.05,119.1,121.06,117.13,117.29,120.36,116.9,112.08,117.5,118.83,111.45,116.97,112.71,117.05,112.58,111.72,120.11,115.69,117.92,109.23,113.53,110.12,119.95,115.32,110.79,115.04,111.85,120.89,114.75,116.61,110.16,117.62,111.1,115.21,114.47,117.44,103.41,115.92,109.93,113.61,117.92,118.66,114.64,109.15,113.55,115.73,112.51,107.49,118.44,112.66,112.21,111.1,112.72,107.34,107.67,120.22,119.53,114.02,108.03,116.29,111.29,110.66,115.01,116.61,117.5,115.98,111.4,112.23,117.67,109.93,118.24,112.96,112.4,108.62,115.28,115.47,115.44,111.08,116.11,116.13,116.3,111.15,119.77,115.8,115.21,113.32,111.3,115.73,113.18,109.81,118.09,112.57,114.28,117.03,115.38,112.64,114.96,105.75,116.92,115.5,113.12,118.13,114.16,113.13,113.72,0.00073289,0.00077888,0.00076414,0.0007243,0.00077591,0.0007632,0.00076534,0.00074386,0.00074136,0.00071779,0.00072127,0.00078098,0.00077788,0.00077654,0.00074136,0.00074462,0.00072621,0.00076502,0.00079564,0.00078801,0.00073178,0.00080075,0.00072345,0.00077633,0.00081784,0.00073553,0.00081322,0.00076705,0.00075295,0.00073058,0.00073518,0.00079419,0.00075185,0.00068724,0.00073282,0.0007226,0.00077679,0.0007751,0.00072536,0.00074,0.00073142,0.00074796,0.0007249,0.00072412,0.0007482,0.00071868,0.00082548,0.0007436,0.00075439,0.00079683,0.00073479,0.00075158,0.00075051,0.00083359,0.00083312,0.00072941,0.00072035,0.00072087,0.00073367,0.00074973,0.00073284,0.00070424,0.00070458,0.00080472,0.00082237,0.0007626,0.00070326,0.000783,0.00073001,0.00074908,0.00072545,0.00071931,0.00073492,0.00074938,0.00075665,0.00073461,0.00075339,0.00073712,0.00077729,0.00074705,0.00073752,0.00073823,0.00074681,0.00071566,0.00071166,0.00072378,0.00074486,0.00072624,0.00073082,0.00077976,0.00076485,0.0007293,0.00072421,0.0007207,0.0007627,0.00072815,0.00070385,0.00071271,0.00076958,0.00073582,0.00069002,0.00073698,0.00073651,0.00079158,0.00079363,0.00071185,0.00072726,0.00070635,0.00071272,0.00073874,0.0006923,0.00070342,0.00071022,0.00071977,0.00069391,0.00071872,0.00070401,1126500.0,243970.0,543910.0,897930.0,154960.0,884250.0,637210.0,497140.0,600880.0,470440.0,2199100.0,656760.0,532120.0,532690.0,250490.0,1401800.0,673460.0,245580.0,254040.0,1290300.0,427640.0,207800.0,273130.0,428480.0,608220.0,1578700.0,175060.0,425570.0,377880.0,417270.0,293390.0,3787600.0,423450.0,158020.0,1375000.0,930330.0,1199100.0,695560.0,471560.0,324440.0,117670.0,937310.0,217790.0,123520.0,689650.0,593990.0,351120.0,792340.0,217420.0,186450.0,203970.0,275640.0,183910.0,822610.0,832810.0,910240.0,577750.0,664990.0,871250.0,235210.0,665660.0,391020.0,213720.0,493980.0,594780.0,407940.0,56070.0,634260.0,777530.0,384920.0,119010.0,250260.0,228950.0,264240.0,578610.0,361990.0,1560200.0,902160.0,661960.0,410430.0,290810.0,548110.0,522730.0,424020.0,361990.0,418260.0,482750.0,539330.0,1388400.0,881360.0,825760.0,1267400.0,208810.0,288760.0,588840.0,517740.0,360140.0,622030.0,555820.0,803670.0,578910.0,228560.0,407090.0,822410.0,514620.0,216170.0,485350.0,314550.0,162770.0,255700.0,1304700.0,384030.0,1036500.0,307280.0,401120.0,295300.0,593300.0,1.9515,2.336,3.9939,2.8916,2.8366,4.5091,3.008,2.8421,5.816,1.2623,2.8596,3.6604,2.812,2.3315,4.2683,1.7868,1.6721,3.387,1.7879,1.6694,3.3884,0.39488,2.1319,3.2053,0.39648,2.1318,3.2061,1.0062,2.7148,2.8775,1.8167,2.5893,4.0005,3.0064,2.8417,5.8126,1.8974,1.9145,4.4932,1.8976,1.9164,4.4924,2.0676,2.1455,4.6736,1.9422,2.5967,4.8866,1.2872,2.4859,3.9484,0.49865,2.4709,2.4723,2.0512,3.0655,3.9979,0.39419,2.3727,3.4405,1.0048,2.0606,3.2735,2.5451,2.2972,4.291,4.6001,3.0026,0.48749,0.74559,2.425,3.7688,1.7009,1.6012,4.1583,2.321,2.7565,4.592,1.6602,1.6814,4.2503,0.39052,1.9239,3.2044,2.1209,2.8133,4.5954,2.6404,2.4471,4.9917,1.6014,2.4362,3.469,1.6611,1.6326,4.0834,1.8399,1.9875,3.727,1.4643,2.459,3.3431,1.0781,2.2912,3.1569,1.2369,2.6905,3.3067,1.467,1.8657,4.1179,1.0235,2.6038,4.0672,5.5447,2.9022,1.8559,2.1664,2.5317,4.5373,0.76559,1.9871,3.35,2.3495,2.1016,4.1928,2.3863,2.5132,4.4292,0.73947,2.4663,2.8457,0.0057944,2.6896,2.0494,2.6415,2.4455,4.9931,3.2079,2.9385,6.1979,1.1411,2.5625,3.0666,1.6607,1.6326,4.0891,1.2902,1.7552,3.7992,1.7001,2.0081,3.4511,0.53408,1.9773,3.2562,2.3183,2.1836,4.4579,0.325,2.2973,3.4115,0.21981,2.6178,3.3401,0.55371,2.7858,3.2494,1.2651,2.506,2.9764,0.44912,2.4497,2.7164,1.4731,2.0955,4.3486,1.3948,1.8078,4.2925,0.44314,2.4511,2.712,0.44201,2.448,2.7094,1.0481,2.167,3.6606,1.5283,1.6178,3.2865,0.2218,2.6182,3.3397,2.9739,2.8699,5.8904,1.9425,2.0523,3.9897,1.8898,1.9666,3.9048,2.1424,2.1547,4.9813,1.2419,2.6255,2.8872,4.6888,2.9884,0.41397,0.69822,1.9306,2.9946,1.9033,1.9594,3.8848,1.193,1.8472,3.6435,1.9785,1.8985,3.8194,0.46069,2.4508,2.5662,1.3915,2.1561,3.1763,0.63772,1.9471,3.1195,0.5073,3.0397,2.4241,6.1737,2.8636,2.5376,1.441,2.2516,3.5653,4.6918,2.9901,0.41447,2.4261,2.337,4.5575,2.1685,2.1867,4.1018,1.122,2.7993,3.6469,1.8913,1.9661,3.9061,2.6469,2.2918,4.7933,0.78018,2.1419,3.9578,2.4669,2.7244,4.9903,1.6014,1.8361,4.2592,1.8905,1.9656,3.9066,2.4692,2.7242,4.9932,1.4451,2.3902,3.259,5.9225,2.8792,2.2007,2.0141,1.9505,4.7515,1.1175,2.8008,3.6435,1.3729,2.3889,3.84,1.1207,2.8005,3.6468,1.8401,1.8007,4.0944,1.9096,2.0687,4.3835,0.97869,2.0888,2.8325,0.066885,2.7974,2.8317,1.087,1.9609,4.2609,1.6129,1.8057,3.9685,1.3816,1.5865,3.8363,0.91023,2.4625,2.7712,2.1087,2.557,4.9209,1.973,1.9887,4.4761,1.1626,3.075,3.3972,1.4462,1.4652,4.2333,0.74613,1.9976,2.7445,2.1553,2.3804,3.7113,0.68999,2.1931,3.9428,1.9905,2.1289,3.4396,1.0829,2.1906,3.6363,2.5303,1.9987,4.4673,2.7132,2.3755,5.0124
0.0010221,0.0011458,0.0008367,175.25,175.27,175.22,0.001022,0.0011458,0.00083627,179.96,168.29,172.74,180.73,171.66,168.0,166.99,171.01,168.71,166.0,182.31,174.55,182.21,182.29,185.28,179.27,179.51,184.22,178.93,171.54,179.84,181.87,170.58,179.03,172.51,179.14,172.31,170.99,183.83,177.06,180.48,167.2,173.75,168.57,183.58,176.51,169.57,176.07,171.2,185.03,175.64,178.47,168.6,180.03,170.06,176.34,175.19,179.75,158.28,177.42,168.26,173.88,180.48,181.62,175.47,167.06,173.8,177.12,172.21,164.52,181.27,172.43,171.74,170.05,172.52,164.3,164.79,184.0,182.94,174.51,165.36,177.99,170.34,169.37,176.02,178.47,179.84,177.51,170.5,171.78,180.09,168.26,180.97,172.88,172.03,166.26,176.44,176.73,176.69,170.01,177.72,177.75,177.99,170.12,183.32,177.23,176.33,173.45,170.34,177.14,173.22,168.08,180.75,172.29,174.92,179.12,176.57,172.41,175.96,161.86,178.94,176.78,173.12,180.81,174.73,173.16,174.04,0.0011217,0.0011921,0.0011697,0.0011086,0.0011876,0.0011682,0.0011714,0.0011386,0.0011347,0.0010986,0.0011039,0.0011954,0.0011906,0.0011886,0.0011346,0.0011397,0.0011114,0.0011709,0.0012178,0.0012061,0.00112,0.0012255,0.0011072,0.0011882,0.0012517,0.0011257,0.0012446,0.001174,0.0011524,0.0011182,0.0011252,0.0012156,0.0011507,0.001052,0.0011216,0.001106,0.0011889,0.0011863,0.0011103,0.0011326,0.0011195,0.0011447,0.0011095,0.0011083,0.0011452,0.0011,0.0012634,0.0011381,0.0011547,0.0012196,0.0011247,0.0011504,0.0011486,0.0012759,0.0012751,0.0011164,0.0011025,0.0011033,0.0011229,0.0011475,0.0011216,0.0010779,0.0010784,0.0012316,0.0012586,0.0011673,0.0010764,0.0011985,0.0011173,0.0011465,0.0011104,0.0011009,0.0011248,0.0011469,0.0011581,0.0011244,0.0011531,0.0011282,0.0011896,0.0011434,0.0011288,0.0011299,0.0011431,0.0010953,0.0010892,0.0011078,0.00114,0.0011115,0.0011186,0.0011935,0.0011707,0.0011162,0.0011084,0.001103,0.0011674,0.0011145,0.0010772,0.0010909,0.0011779,0.0011262,0.0010561,0.001128,0.0011273,0.0012115,0.0012148,0.0010896,0.001113,0.0010812,0.0010909,0.0011308,0.0010596,0.0010767,0.001087,0.0011017,0.0010622,0.0011001,0.0010775,1126500.0,243970.0,543910.0,897930.0,154960.0,884250.0,637210.0,497140.0,600880.0,470440.0,2199100.0,656760.0,532120.0,532690.0,250490.0,1401800.0,673460.0,245580.0,254040.0,1290300.0,427640.0,207800.0,273130.0,428480.0,608220.0,1578700.0,175060.0,425570.0,377880.0,417270.0,293390.0,3787600.0,423450.0,158020.0,1375000.0,930330.0,1199100.0,695560.0,471560.0,324440.0,117670.0,937310.0,217790.0,123520.0,689650.0,593990.0,351120.0,792340.0,217420.0,186450.0,203970.0,275640.0,183910.0,822610.0,832810.0,910240.0,577750.0,664990.0,871250.0,235210.0,665660.0,391020.0,213720.0,493980.0,594780.0,407940.0,56070.0,634260.0,777530.0,384920.0,119010.0,250260.0,228950.0,264240.0,578610.0,361990.0,1560200.0,902160.0,661960.0,410430.0,290810.0,548110.0,522730.0,424020.0,361990.0,418260.0,482750.0,539330.0,1388400.0,881360.0,825760.0,1267400.0,208810.0,288760.0,588840.0,517740.0,360140.0,622030.0,555820.0,803670.0,578910.0,228560.0,407090.0,822410.0,514620.0,216170.0,485350.0,314550.0,162770.0,255700.0,1304700.0,384030.0,1036500.0,307280.0,401120.0,295300.0,593300.0,1.9515,2.336,3.9939,2.8916,2.8366,4.5092,3.008,2.842,5.816,1.2623,2.8596,3.6604,2.8121,2.3315,4.2683,1.7868,1.6721,3.387,1.788,1.6695,3.3884,0.39485,2.1319,3.2053,0.39645,2.1318,3.2061,1.0061,2.7148,2.8774,1.8167,2.5893,4.0005,3.0065,2.8417,5.8126,1.8974,1.9145,4.4932,1.8976,1.9164,4.4924,2.0676,2.1455,4.6736,1.9422,2.5967,4.8866,1.2872,2.4859,3.9484,0.49865,2.4709,2.4723,2.0517,3.0655,3.9983,0.39418,2.3726,3.4404,1.0048,2.0606,3.2735,2.5451,2.2972,4.2911,4.6,3.0026,0.48747,0.74562,2.4251,3.7688,1.7009,1.6012,4.1583,2.321,2.7565,4.592,1.6602,1.6814,4.2503,0.39052,1.9239,3.2044,2.1209,2.8133,4.5954,2.6405,2.447,4.9917,1.6014,2.4362,3.469,1.6611,1.6326,4.0834,1.8399,1.9875,3.727,1.4642,2.459,3.3432,1.0781,2.2912,3.1569,1.2369,2.6905,3.3067,1.467,1.8657,4.1179,1.0234,2.6038,4.0672,5.5446,2.9022,1.8559,2.1664,2.5317,4.5373,0.76556,1.987,3.35,2.3495,2.1016,4.1928,2.3863,2.5132,4.4292,0.73944,2.4663,2.8457,0.0057828,2.6896,2.0494,2.6416,2.4455,4.9931,3.2079,2.9385,6.198,1.1411,2.5625,3.0666,1.6607,1.6326,4.0892,1.2903,1.7552,3.7992,1.7001,2.0081,3.4511,0.53406,1.9773,3.2562,2.3182,2.1836,4.4579,0.32501,2.2973,3.4115,0.2198,2.6178,3.3401,0.55372,2.7858,3.2494,1.2651,2.506,2.9764,0.44914,2.4497,2.7164,1.4731,2.0955,4.3485,1.3948,1.8078,4.2924,0.44313,2.4511,2.7119,0.44202,2.448,2.7094,1.0481,2.167,3.6606,1.5283,1.6178,3.2865,0.2218,2.6182,3.3397,2.9739,2.8699,5.8904,1.9425,2.0523,3.9897,1.8898,1.9666,3.9048,2.1424,2.1547,4.9813,1.2419,2.6255,2.8871,4.6887,2.9884,0.41387,0.69827,1.9306,2.9946,1.9034,1.9594,3.8848,1.193,1.8472,3.6435,1.9785,1.8985,3.8194,0.46069,2.4508,2.5662,1.3915,2.1561,3.1763,0.63772,1.9472,3.1195,0.50737,3.0397,2.4241,6.1737,2.8635,2.5375,1.441,2.2516,3.5653,4.6918,2.9901,0.41441,2.4261,2.337,4.5575,2.1685,2.1867,4.1018,1.122,2.7993,3.6469,1.8913,1.9661,3.9061,2.647,2.2918,4.7933,0.7802,2.1419,3.9578,2.4668,2.7244,4.9903,1.6014,1.836,4.2592,1.8905,1.9656,3.9066,2.4692,2.7242,4.9933,1.4451,2.3902,3.259,5.9226,2.8792,2.2008,2.0141,1.9505,4.7515,1.1175,2.8008,3.6434,1.373,2.3889,3.84,1.1207,2.8005,3.6468,1.8401,1.8007,4.0944,1.9096,2.0687,4.3835,0.97869,2.0888,2.8325,0.066873,2.7974,2.8317,1.087,1.961,4.2609,1.613,1.8057,3.9685,1.3816,1.5865,3.8363,0.91024,2.4625,2.7712,2.1088,2.557,4.9209,1.973,1.9887,4.4761,1.1628,3.075,3.3975,1.4462,1.4651,4.2333,0.74614,1.9976,2.7445,2.1552,2.3804,3.7113,0.68994,2.1931,3.9428,1.9905,2.1289,3.4396,1.0829,2.1906,3.6362,2.5303,1.9987,4.4673,2.7132,2.3755,5.0124
0.0015535,0.0016978,0.001337,259.25,259.29,259.19,0.0015125,0.0016977,0.0012347,266.24,248.15,256.56,267.39,254.99,250.37,248.0,253.5,248.53,246.23,268.17,258.72,269.49,269.33,273.51,264.64,264.27,272.06,264.82,253.87,265.22,268.01,252.14,264.95,254.13,264.18,254.32,253.58,271.07,262.06,266.1,248.91,256.12,251.7,271.07,261.45,250.62,259.68,254.88,273.1,259.49,263.33,249.34,265.87,252.41,261.32,258.48,265.79,236.0,261.93,249.89,257.35,266.27,268.36,258.97,248.47,257.67,261.43,254.73,244.1,267.82,255.28,255.27,251.04,254.59,244.61,244.99,272.35,269.99,258.38,245.97,262.9,251.82,250.49,259.82,264.56,265.66,262.06,251.8,254.2,265.81,250.33,267.34,255.48,254.24,246.76,260.46,262.18,261.59,252.5,262.92,262.87,262.74,251.5,270.89,262.25,261.4,256.6,251.51,261.95,256.16,248.95,267.75,254.32,259.29,265.48,260.33,255.47,261.62,240.53,264.59,261.43,255.56,268.15,259.52,256.94,256.82,0.0016603,0.0017707,0.0017504,0.0016512,0.0017684,0.0017513,0.0017446,0.0017031,0.0016828,0.0016302,0.0016305,0.0017767,0.001767,0.0017613,0.0016755,0.0016886,0.0016382,0.0017322,0.0018039,0.0017852,0.0016519,0.0018064,0.0016367,0.0017592,0.0018448,0.0016611,0.0018369,0.0017414,0.0016992,0.0016546,0.0016588,0.0018106,0.001696,0.0015707,0.0016559,0.0016382,0.001757,0.001749,0.0016531,0.001671,0.0016536,0.0016886,0.0016406,0.0016364,0.0016992,0.0016295,0.0018634,0.0016821,0.0017217,0.0017999,0.00167,0.0017025,0.001694,0.0018846,0.0018811,0.0016605,0.0016342,0.001628,0.0016609,0.0017023,0.0016569,0.0015958,0.0016029,0.0018179,0.0018569,0.0017379,0.0016002,0.0017736,0.0016489,0.0016974,0.0016517,0.001626,0.0016628,0.0016961,0.0017097,0.0016667,0.0017034,0.0016664,0.0017572,0.0016922,0.0016674,0.0016812,0.0016903,0.0016193,0.0016122,0.0016442,0.0016847,0.001649,0.0016562,0.0017729,0.0017336,0.0016529,0.0016386,0.0016312,0.0017285,0.0016538,0.0015972,0.0016186,0.0017423,0.0016699,0.0015684,0.0016792,0.0016765,0.0017919,0.0018102,0.001627,0.0016436,0.0016148,0.0016335,0.0016949,0.0015751,0.0016086,0.0016081,0.0016489,0.0015909,0.0016443,0.0016009,1126500.0,243970.0,543910.0,897930.0,154960.0,884250.0,637210.0,497140.0,600880.0,470440.0,2199100.0,656760.0,532120.0,532690.0,250490.0,1401800.0,673460.0,245580.0,254040.0,1290300.0,427640.0,207800.0,273130.0,428480.0,608220.0,1578700.0,175060.0,425570.0,377880.0,417270.0,293390.0,3787600.0,423450.0,158020.0,1375000.0,930330.0,1199100.0,695560.0,471560.0,324440.0,117670.0,937310.0,217790.0,123520.0,689650.0,593990.0,351120.0,792340.0,217420.0,186450.0,203970.0,275640.0,183910.0,822610.0,832810.0,910240.0,577750.0,664990.0,871250.0,235210.0,665660.0,391020.0,213720.0,493980.0,594780.0,407940.0,56070.0,634260.0,777530.0,384920.0,119010.0,250260.0,228950.0,264240.0,578610.0,361990.0,1560200.0,902160.0,661960.0,410430.0,290810.0,548110.0,522730.0,424020.0,361990.0,418260.0,482750.0,539330.0,1388400.0,881360.0,825760.0,1267400.0,208810.0,288760.0,588840.0,517740.0,360140.0,622030.0,555820.0,803670.0,578910.0,228560.0,407090.0,822410.0,514620.0,216170.0,485350.0,314550.0,162770.0,255700.0,1304700.0,384030.0,1036500.0,307280.0,401120.0,295300.0,593300.0,1.9514,2.336,3.9939,2.8916,2.8366,4.5092,3.008,2.842,5.816,1.2622,2.8596,3.6604,2.8122,2.3315,4.2683,1.7868,1.6721,3.387,1.788,1.6695,3.3884,0.39483,2.1319,3.2053,0.39641,2.1318,3.2061,1.0061,2.7148,2.8774,1.8167,2.5893,4.0006,3.0065,2.8416,5.8127,1.8975,1.9145,4.4932,1.8976,1.9164,4.4924,2.0676,2.1455,4.6736,1.9422,2.5968,4.8866,1.2872,2.4859,3.9483,0.49862,2.4709,2.4723,2.0522,3.0655,3.9989,0.39417,2.3726,3.4404,1.0048,2.0606,3.2735,2.5452,2.2972,4.2911,4.6,3.0026,0.48746,0.74565,2.4251,3.7688,1.7008,1.6012,4.1583,2.321,2.7565,4.592,1.6602,1.6814,4.2503,0.39052,1.9239,3.2044,2.1209,2.8133,4.5954,2.6405,2.447,4.9918,1.6014,2.4363,3.4691,1.6611,1.6326,4.0834,1.8399,1.9875,3.727,1.4642,2.459,3.3432,1.0781,2.2912,3.1569,1.2368,2.6905,3.3066,1.467,1.8657,4.1179,1.0234,2.6038,4.0672,5.5445,2.9022,1.8558,2.1664,2.5317,4.5373,0.76552,1.987,3.35,2.3495,2.1016,4.1928,2.3864,2.5131,4.4292,0.73941,2.4662,2.8457,0.0057544,2.6897,2.0494,2.6416,2.4455,4.9931,3.208,2.9386,6.1981,1.1411,2.5625,3.0666,1.6607,1.6326,4.0892,1.2903,1.7552,3.7992,1.7002,2.0081,3.4511,0.53405,1.9773,3.2562,2.3182,2.1836,4.4579,0.32502,2.2973,3.4115,0.21978,2.6178,3.3401,0.55374,2.7858,3.2495,1.2652,2.506,2.9765,0.44916,2.4497,2.7164,1.4731,2.0955,4.3485,1.3948,1.8079,4.2924,0.44312,2.4511,2.7119,0.44203,2.448,2.7094,1.048,2.167,3.6606,1.5283,1.6178,3.2865,0.2218,2.6182,3.3397,2.9739,2.8699,5.8904,1.9425,2.0522,3.9897,1.8898,1.9666,3.9048,2.1424,2.1547,4.9813,1.2419,2.6255,2.8871,4.6886,2.9884,0.41371,0.69833,1.9306,2.9946,1.9034,1.9594,3.8848,1.193,1.8472,3.6435,1.9786,1.8985,3.8193,0.46068,2.4508,2.5661,1.3915,2.1561,3.1764,0.63772,1.9472,3.1195,0.50746,3.0397,2.4242,6.1737,2.8635,2.5375,1.4409,2.2515,3.5653,4.6917,2.9901,0.41432,2.4261,2.3369,4.5575,2.1685,2.1867,4.1018,1.122,2.7993,3.6469,1.8913,1.9661,3.9061,2.647,2.2917,4.7933,0.78022,2.1419,3.9578,2.4668,2.7244,4.9903,1.6015,1.836,4.2593,1.8905,1.9656,3.9066,2.4693,2.7242,4.9933,1.4452,2.3902,3.259,5.9227,2.8792,2.2009,2.0141,1.9505,4.7515,1.1174,2.8008,3.6434,1.3729,2.3889,3.84,1.1207,2.8005,3.6468,1.8401,1.8006,4.0944,1.9096,2.0687,4.3835,0.97867,2.0888,2.8325,0.066873,2.7975,2.8317,1.087,1.961,4.2609,1.613,1.8057,3.9684,1.3816,1.5866,3.8363,0.91026,2.4625,2.7713,2.1088,2.557,4.9209,1.973,1.9887,4.4762,1.163,3.075,3.3977,1.4462,1.4651,4.2333,0.74615,1.9976,2.7445,2.1552,2.3804,3.7113,0.68993,2.1931,3.9428,1.9905,2.1289,3.4397,1.0829,2.1906,3.6362,2.5303,1.9987,4.4674,2.7132,2.3755,5.0124
0.0023497,0.002106,0.0027152,318.79,318.72,318.9,0.0018642,0.0021051,0.0015028,326.42,316.56,315.84,325.18,315.39,310.51,318.28,309.38,299.06,322.17,325.25,313.91,325.2,324.09,342.42,318.46,319.06,326.37,320.26,322.4,326.29,326.05,316.22,321.41,306.23,316.57,313.89,311.7,330.46,318.89,319.92,312.82,309.56,321.01,326.36,332.87,312.77,313.35,320.08,329.25,321.82,321.92,312.25,328.21,312.15,320.58,314.27,322.71,298.35,321.52,310.26,324.94,323.06,324.68,312.7,310.83,317.42,319.14,319.61,302.26,331.46,322.84,319.31,306.85,307.73,308.02,307.49,332.36,326.48,326.66,309.9,323.66,313.44,313.2,316.1,338.11,320.34,315.52,309.19,320.04,321.54,317.87,321.28,317.42,305.54,307.02,317.4,338.98,320.07,319.51,320.16,317.26,321.56,314.95,326.44,316.93,340.16,309.38,303.73,318.67,309.92,301.93,324.64,312.95,315.86,325.48,337.22,312.03,325.78,295.34,322.57,319.6,321.82,328.8,318.74,314.0,315.06,0.0020385,0.002332,0.0022634,0.0020952,0.0022219,0.002273,0.0022999,0.002181,0.0020967,0.002137,0.0020204,0.0021922,0.0021815,0.0021589,0.0020993,0.0020755,0.0019887,0.0020979,0.0021892,0.0022679,0.0020324,0.002199,0.0020531,0.002135,0.0022237,0.001996,0.0022646,0.0021402,0.0020688,0.0020078,0.0019885,0.0022801,0.0020441,0.002003,0.0019889,0.0020861,0.002191,0.0021012,0.0020761,0.0020066,0.0020475,0.0020591,0.0020538,0.0020164,0.0020961,0.0019932,0.0022573,0.0020335,0.0021765,0.0022038,0.0020702,0.0021493,0.0020477,0.0022702,0.0022606,0.0020764,0.0020082,0.0019815,0.0020825,0.0021052,0.0020475,0.002018,0.0020037,0.0022158,0.0022349,0.0021879,0.002007,0.002158,0.0019891,0.0021447,0.0020819,0.0019995,0.002068,0.0021178,0.0020782,0.0021297,0.0020493,0.0020086,0.0021553,0.0021322,0.0020217,0.0021358,0.0020392,0.002013,0.0019505,0.0020427,0.0020597,0.0021317,0.0020239,0.0022435,0.0021164,0.0020063,0.0020176,0.002046,0.0021045,0.0020305,0.0020791,0.0019839,0.0021233,0.0020626,0.0019445,0.0020992,0.0020871,0.0022241,0.0022813,0.0020995,0.0021435,0.0020606,0.0021341,0.0022095,0.0019756,0.0021167,0.0020605,0.0021415,0.0020582,0.0021013,0.0020352,1126500.0,243970.0,543910.0,897930.0,154960.0,884250.0,637210.0,497140.0,600880.0,470440.0,2199100.0,656760.0,532120.0,532690.0,250490.0,1401800.0,673460.0,245580.0,254040.0,1290300.0,427640.0,207800.0,273130.0,428480.0,608220.0,1578700.0,175060.0,425570.0,377880.0,417270.0,293390.0,3787600.0,423450.0,158020.0,1375000.0,930330.0,1199100.0,695560.0,471560.0,324440.0,117670.0,937310.0,217790.0,123520.0,689650.0,593990.0,351120.0,792340.0,217420.0,186450.0,203970.0,275640.0,183910.0,822610.0,832810.0,910240.0,577750.0,664990.0,871250.0,235210.0,665660.0,391020.0,213720.0,493980.0,594780.0,407940.0,56070.0,634260.0,777530.0,384920.0,119010.0,250260.0,228950.0,264240.0,578610.0,361990.0,1560200.0,902160.0,661960.0,410430.0,290810.0,548110.0,522730.0,424020.0,361990.0,418260.0,482750.0,539330.0,1388400.0,881360.0,825760.0,1267400.0,208810.0,288760.0,588840.0,517740.0,360140.0,622030.0,555820.0,803670.0,578910.0,228560.0,407090.0,822410.0,514620.0,216170.0,485350.0,314550.0,162770.0,255700.0,1304700.0,384030.0,1036500.0,307280.0,401120.0,295300.0,593300.0,1.9514,2.3359,3.9939,2.8923,2.8366,4.5091,3.0077,2.842,5.8159,1.2622,2.8595,3.6604,2.8118,2.3314,4.2684,1.7865,1.6721,3.387,1.7874,1.6694,3.3884,0.39491,2.1319,3.2053,0.39652,2.1318,3.2062,1.0065,2.7148,2.8774,1.8169,2.5893,4.0005,3.0064,2.8416,5.8127,1.8974,1.9145,4.4932,1.8976,1.9163,4.4925,2.0678,2.1454,4.6735,1.9422,2.5968,4.8866,1.2873,2.4859,3.9483,0.49858,2.4709,2.4724,2.0526,3.0655,3.9994,0.39433,2.3726,3.4404,1.0049,2.0606,3.2735,2.5452,2.2973,4.2911,4.6001,3.0027,0.48751,0.74561,2.4251,3.7688,1.7008,1.6012,4.1583,2.321,2.7565,4.5921,1.6603,1.6814,4.2503,0.39047,1.9239,3.2044,2.121,2.8133,4.5954,2.6406,2.447,4.9918,1.6014,2.4363,3.4691,1.6609,1.6326,4.0834,1.8399,1.9875,3.727,1.4641,2.459,3.3432,1.0781,2.2912,3.1569,1.2368,2.6905,3.3066,1.467,1.8657,4.1179,1.0234,2.6038,4.0672,5.5444,2.9022,1.8558,2.1664,2.5317,4.5373,0.76551,1.987,3.35,2.3495,2.1016,4.1928,2.3864,2.5131,4.4292,0.7394,2.4662,2.8457,0.0057121,2.6897,2.0494,2.6416,2.4455,4.9932,3.2081,2.9386,6.1981,1.1411,2.5625,3.0666,1.6606,1.6326,4.0892,1.2903,1.7552,3.7992,1.7002,2.008,3.4511,0.53405,1.9773,3.2562,2.3182,2.1836,4.4579,0.32503,2.2973,3.4115,0.21976,2.6178,3.3401,0.55378,2.7858,3.2495,1.2653,2.506,2.9765,0.44917,2.4497,2.7164,1.4731,2.0955,4.3485,1.3948,1.8079,4.2924,0.4431,2.4511,2.7119,0.44202,2.4481,2.7094,1.0481,2.167,3.6606,1.5283,1.6178,3.2865,0.22179,2.6182,3.3397,2.9739,2.8699,5.8905,1.9426,2.0522,3.9898,1.8898,1.9666,3.9049,2.1424,2.1547,4.9813,1.2419,2.6255,2.8871,4.6884,2.9884,0.41345,0.69833,1.9306,2.9946,1.9034,1.9594,3.8848,1.1929,1.8472,3.6435,1.9785,1.8985,3.8193,0.4606,2.4508,2.5661,1.3916,2.1561,3.1764,0.6377,1.9472,3.1195,0.50746,3.0397,2.4243,6.1736,2.8635,2.5375,1.4408,2.2515,3.5653,4.6916,2.9902,0.41411,2.4262,2.3369,4.5575,2.1683,2.1867,4.1018,1.1221,2.7993,3.6469,1.8913,1.9661,3.9061,2.6469,2.2917,4.7933,0.78009,2.1419,3.9578,2.4669,2.7244,4.9903,1.6016,1.836,4.2593,1.8906,1.9656,3.9066,2.4694,2.7242,4.9934,1.4451,2.3902,3.259,5.9226,2.8792,2.201,2.014,1.9505,4.7515,1.1174,2.8008,3.6433,1.3727,2.3889,3.84,1.1207,2.8005,3.6468,1.8401,1.8006,4.0944,1.9099,2.0686,4.3835,0.97857,2.0888,2.8325,0.066979,2.7975,2.8317,1.0871,1.961,4.2609,1.6128,1.8057,3.9684,1.3816,1.5866,3.8363,0.91047,2.4626,2.7713,2.1083,2.557,4.9209,1.9729,1.9887,4.4762,1.1629,3.075,3.3974,1.4463,1.4652,4.2333,0.74595,1.9976,2.7444,2.1556,2.3803,3.7113,0.69046,2.1932,3.9429,1.9905,2.1289,3.4397,1.0829,2.1906,3.6362,2.5303,1.9987,4.4674,2.7129,2.3755,5.0124
0.0035411,0.0023063,0.0053934,344.61,344.2,345.23,0.0020213,0.0023003,0.0016028,350.44,370.21,336.69,344.35,336.33,330.16,372.13,328.5,314.21,387.15,348.45,326.77,338.7,337.53,385.58,332.64,338.19,337.79,333.67,369.52,356.72,349.56,355.49,337.42,322.72,328.61,344.3,333.77,355.17,336.97,334.44,345.25,327.49,360.94,340.38,382.09,348.5,329.71,352.76,344.93,355.04,347.08,349.52,359.44,337.41,343.03,335.37,340.76,331.43,348.64,337.24,368.12,343.29,341.34,328.8,341.1,341.81,342.7,358.57,328.04,364.2,366.22,351.21,330.12,324.33,341.13,340.23,353.33,344.31,370.3,344.63,352.45,347.24,349.3,337.2,389.22,334.8,329.69,335.16,360.66,339.33,358.58,333.59,350.7,316.64,335.92,339.54,397.12,341.66,360.43,338.8,330.44,346.66,352.38,340.89,331.49,403.57,321.79,319.17,335.64,325.46,315.39,339.58,340.45,333.64,346.74,403.03,331.9,354.57,313.23,343.62,338.12,368.67,350.25,340.1,332.96,340.99,0.0021918,0.0028338,0.0025845,0.0023529,0.0024246,0.0025985,0.0028079,0.0024634,0.0023066,0.002572,0.002228,0.0023391,0.0023508,0.0023101,0.0023643,0.0022343,0.0021221,0.0022013,0.0022902,0.0025988,0.0022212,0.0023593,0.0023091,0.0022392,0.0023416,0.0020796,0.0024799,0.0022894,0.0022184,0.0021109,0.0020676,0.0025209,0.0021509,0.0022517,0.0020646,0.0023952,0.0024388,0.0021936,0.0022879,0.0020879,0.0022533,0.0022111,0.0022981,0.0022021,0.0022565,0.0021227,0.0023942,0.0021317,0.0024179,0.0023806,0.0022443,0.0024341,0.0021629,0.002368,0.002357,0.0022767,0.0021538,0.0021172,0.0023338,0.0022798,0.0022443,0.0022893,0.0022014,0.0023726,0.0023376,0.0024221,0.0022178,0.0022813,0.0020878,0.0024289,0.002317,0.0021727,0.0022873,0.0023565,0.0022118,0.0024511,0.0021313,0.0020995,0.0023301,0.002405,0.0021379,0.0024115,0.0021272,0.0022235,0.0020382,0.0022284,0.00221,0.0024964,0.0021539,0.0025283,0.002242,0.0021039,0.0021895,0.0022932,0.0022283,0.0021713,0.0024676,0.0021126,0.0022581,0.0022192,0.0021126,0.0022921,0.0022703,0.0024441,0.0025283,0.002409,0.0025848,0.0023182,0.0024796,0.0025499,0.0021843,0.0024968,0.00242,0.0024622,0.0023495,0.0023648,0.0023117,1126500.0,243970.0,543910.0,897930.0,154960.0,884250.0,637210.0,497140.0,600880.0,470440.0,2199100.0,656760.0,532120.0,532690.0,250490.0,1401800.0,673460.0,245580.0,254040.0,1290300.0,427640.0,207800.0,273130.0,428480.0,608220.0,1578700.0,175060.0,425570.0,377880.0,417270.0,293390.0,3787600.0,423450.0,158020.0,1375000.0,930330.0,1199100.0,695560.0,471560.0,324440.0,117670.0,937310.0,217790.0,123520.0,689650.0,593990.0,351120.0,792340.0,217420.0,186450.0,203970.0,275640.0,183910.0,822610.0,832810.0,910240.0,577750.0,664990.0,871250.0,235210.0,665660.0,391020.0,213720.0,493980.0,594780.0,407940.0,56070.0,634260.0,777530.0,384920.0,119010.0,250260.0,228950.0,264240.0,578610.0,361990.0,1560200.0,902160.0,661960.0,410430.0,290810.0,548110.0,522730.0,424020.0,361990.0,418260.0,482750.0,539330.0,1388400.0,881360.0,825760.0,1267400.0,208810.0,288760.0,588840.0,517740.0,360140.0,622030.0,555820.0,803670.0,578910.0,228560.0,407090.0,822410.0,514620.0,216170.0,485350.0,314550.0,162770.0,255700.0,1304700.0,384030.0,1036500.0,307280.0,401120.0,295300.0,593300.0,1.9514,2.3359,3.9939,2.8934,2.8366,4.5089,3.0073,2.842,5.8157,1.2624,2.8594,3.6605,2.8109,2.3314,4.2684,1.7859,1.672,3.387,1.7859,1.6694,3.3885,0.39515,2.1319,3.2055,0.39678,2.1318,3.2062,1.0072,2.7148,2.8774,1.8173,2.5892,4.0005,3.0061,2.8416,5.8126,1.8973,1.9144,4.4932,1.8976,1.9163,4.4925,2.0682,2.1454,4.6735,1.9424,2.5967,4.8866,1.2875,2.4859,3.9483,0.49856,2.4709,2.4724,2.0528,3.0655,3.9998,0.39464,2.3726,3.4404,1.0051,2.0605,3.2735,2.5454,2.2973,4.2911,4.6003,3.0027,0.48762,0.74553,2.4251,3.7688,1.7009,1.6012,4.1583,2.3211,2.7565,4.5921,1.6604,1.6813,4.2503,0.39038,1.9239,3.2044,2.1211,2.8133,4.5954,2.6405,2.447,4.9918,1.6015,2.4363,3.4691,1.6607,1.6325,4.0835,1.8399,1.9875,3.727,1.4641,2.459,3.3433,1.0781,2.2913,3.157,1.2368,2.6905,3.3065,1.4671,1.8657,4.1179,1.0234,2.6038,4.0672,5.5441,2.9023,1.8556,2.1664,2.5317,4.5374,0.76552,1.987,3.35,2.3495,2.1016,4.1928,2.3864,2.5131,4.4292,0.7394,2.4662,2.8457,0.0056553,2.6898,2.0494,2.6416,2.4454,4.9932,3.2081,2.9386,6.1982,1.1411,2.5625,3.0667,1.6606,1.6326,4.0893,1.2903,1.7552,3.7992,1.7002,2.008,3.4512,0.53404,1.9773,3.2562,2.3181,2.1836,4.4579,0.32503,2.2973,3.4115,0.21976,2.6178,3.3401,0.55385,2.7859,3.2496,1.2654,2.506,2.9766,0.44916,2.4497,2.7164,1.4731,2.0955,4.3485,1.3948,1.8079,4.2925,0.44308,2.4511,2.7119,0.44198,2.4481,2.7094,1.0481,2.167,3.6607,1.5282,1.6178,3.2865,0.22178,2.6182,3.3398,2.9741,2.8698,5.8906,1.9427,2.0522,3.9899,1.8899,1.9666,3.9049,2.1424,2.1547,4.9813,1.2418,2.6255,2.8871,4.6878,2.9884,0.41285,0.69825,1.9306,2.9946,1.9033,1.9594,3.8848,1.1927,1.8472,3.6435,1.9785,1.8985,3.8193,0.46047,2.4508,2.566,1.3916,2.1561,3.1764,0.63765,1.9472,3.1195,0.50739,3.0397,2.4243,6.1734,2.8635,2.5374,1.4407,2.2515,3.5653,4.691,2.9901,0.41345,2.4262,2.3369,4.5575,2.1681,2.1867,4.1018,1.1221,2.7993,3.647,1.8914,1.9661,3.9062,2.6468,2.2917,4.7934,0.77984,2.1419,3.9578,2.467,2.7243,4.9904,1.6019,1.836,4.2595,1.8908,1.9655,3.9067,2.4696,2.7242,4.9934,1.4448,2.3902,3.259,5.9223,2.8792,2.201,2.014,1.9505,4.7515,1.1172,2.8008,3.6433,1.3722,2.389,3.8399,1.1207,2.8005,3.6467,1.8399,1.8006,4.0944,1.9104,2.0686,4.3836,0.97836,2.0889,2.8325,0.067118,2.7975,2.8315,1.0873,1.9611,4.2609,1.6123,1.8057,3.9684,1.3815,1.5866,3.8362,0.91079,2.4627,2.7712,2.1074,2.5572,4.921,1.9727,1.9888,4.4763,1.1619,3.0751,3.3961,1.4465,1.4653,4.2333,0.74555,1.9977,2.7443,2.1565,2.3803,3.7116,0.69166,2.1934,3.9431,1.9907,2.129,3.4398,1.0828,2.1907,3.6361,2.5302,1.9988,4.4675,2.7123,2.3756,5.0126
0.0053211,0.0024607,0.0096117,361.16,360.15,362.67,0.0021237,0.0024319,0.0016614,364.25,415.91,346.16,354.15,342.87,336.35,422.79,337.78,319.99,444.32,363.09,327.18,341.71,341.57,422.1,336.55,348.34,338.81,335.77,407.78,378.98,363.93,385.83,342.93,330.31,330.58,366.19,346.13,370.71,345.18,339.16,368.34,336.39,391.02,344.15,421.83,375.03,336.69,375.48,350.6,379.15,363.08,377.58,381.53,353.15,355.86,347.35,349.04,355.59,366.35,354.7,401.09,353.97,348.12,335.51,361.8,356.85,356.94,387.86,345.06,387.53,399.39,373.78,344.48,331.7,364.72,364.34,364.33,352.35,403.85,370.26,372.15,371.89,376.1,348.97,429.9,339.25,334.03,352.32,391.61,347.46,390.57,335.48,374.89,317.55,356.19,352.59,445.24,353.84,393.87,347.42,333.15,362.55,380.6,345.02,335.78,457.36,323.72,325.2,341.03,331.03,319.23,343.3,358.79,341.21,360.25,460.24,341.74,375.92,319.76,355.0,341.72,412.36,360.21,351.0,341.5,357.66,0.0022815,0.0032876,0.0028269,0.0025517,0.0025289,0.0028354,0.0032971,0.0026763,0.0024527,0.0029541,0.0023852,0.0024018,0.0024536,0.0024013,0.002586,0.0023279,0.0021988,0.0022395,0.0023128,0.0028655,0.002359,0.0024581,0.0025089,0.0022718,0.0023938,0.0021,0.0026353,0.0023712,0.0023107,0.0021506,0.0020847,0.002692,0.002197,0.0024392,0.0020765,0.0026454,0.0026224,0.0022214,0.0024352,0.0021071,0.0024008,0.0023042,0.0024828,0.0023316,0.0023524,0.0021919,0.0024647,0.0021671,0.0025943,0.0024924,0.0023547,0.0026509,0.0022169,0.0023949,0.0023839,0.0024131,0.0022394,0.0021943,0.0025212,0.0023928,0.0023824,0.0024974,0.0023401,0.0024643,0.0023716,0.0025887,0.0023718,0.0023383,0.0021255,0.0026456,0.0024911,0.0022893,0.0024452,0.0025325,0.0022831,0.0027073,0.0021475,0.0021266,0.0024426,0.0026135,0.0021926,0.0026287,0.002148,0.0023757,0.0020601,0.0023558,0.0023005,0.0027976,0.0022229,0.0027586,0.002298,0.0021344,0.0023029,0.0024803,0.0022859,0.0022478,0.0027987,0.0021761,0.002327,0.0023031,0.0022191,0.0024224,0.0023851,0.002598,0.0027015,0.0026606,0.0029741,0.002507,0.0027622,0.002793,0.0023335,0.0027535,0.0027526,0.0026951,0.0025636,0.0025545,0.0025317,1126500.0,243970.0,543910.0,897930.0,154960.0,884250.0,637210.0,497140.0,600880.0,470440.0,2199100.0,656760.0,532120.0,532690.0,250490.0,1401800.0,673460.0,245580.0,254040.0,1290300.0,427640.0,207800.0,273130.0,428480.0,608220.0,1578700.0,175060.0,425570.0,377880.0,417270.0,293390.0,3787600.0,423450.0,158020.0,1375000.0,930330.0,1199100.0,695560.0,471560.0,324440.0,117670.0,937310.0,217790.0,123520.0,689650.0,593990.0,351120.0,792340.0,217420.0,186450.0,203970.0,275640.0,183910.0,822610.0,832810.0,910240.0,577750.0,664990.0,871250.0,235210.0,665660.0,391020.0,213720.0,493980.0,594780.0,407940.0,56070.0,634260.0,777530.0,384920.0,119010.0,250260.0,228950.0,264240.0,578610.0,361990.0,1560200.0,902160.0,661960.0,410430.0,290810.0,548110.0,522730.0,424020.0,361990.0,418260.0,482750.0,539330.0,1388400.0,881360.0,825760.0,1267400.0,208810.0,288760.0,588840.0,517740.0,360140.0,622030.0,555820.0,803670.0,578910.0,228560.0,407090.0,822410.0,514620.0,216170.0,485350.0,314550.0,162770.0,255700.0,1304700.0,384030.0,1036500.0,307280.0,401120.0,295300.0,593300.0,1.9513,2.3359,3.994,2.8946,2.8367,4.5083,3.0065,2.8419,5.8152,1.2625,2.8593,3.6607,2.8098,2.3313,4.2684,1.7853,1.6719,3.387,1.7839,1.6693,3.3884,0.39539,2.1319,3.2057,0.39707,2.1317,3.2064,1.008,2.7146,2.8774,1.8178,2.5891,4.0004,3.0057,2.8416,5.8125,1.8971,1.9144,4.4932,1.8976,1.9162,4.4925,2.0685,2.1454,4.6734,1.9425,2.5967,4.8866,1.2877,2.4859,3.9483,0.49854,2.4709,2.4725,2.0528,3.0655,4.0,0.39492,2.3725,3.4404,1.0053,2.0605,3.2735,2.5455,2.2973,4.2911,4.6006,3.0027,0.48779,0.74543,2.4252,3.7689,1.701,1.6012,4.1583,2.3211,2.7564,4.5921,1.6605,1.6813,4.2503,0.39027,1.924,3.2044,2.1211,2.8133,4.5954,2.6405,2.447,4.9919,1.6015,2.4363,3.4692,1.6604,1.6326,4.0835,1.8399,1.9874,3.727,1.464,2.459,3.3434,1.0781,2.2913,3.157,1.2368,2.6905,3.3064,1.4672,1.8657,4.1179,1.0234,2.6039,4.0673,5.5437,2.9023,1.8553,2.1664,2.5317,4.5374,0.76552,1.987,3.35,2.3495,2.1016,4.1928,2.3864,2.5131,4.4291,0.7394,2.4661,2.8457,0.0055465,2.6898,2.0493,2.6416,2.4454,4.9932,3.2081,2.9386,6.1981,1.1412,2.5626,3.0668,1.6606,1.6327,4.0893,1.2903,1.7552,3.7992,1.7002,2.008,3.4513,0.53401,1.9773,3.2562,2.3181,2.1836,4.4579,0.32502,2.2974,3.4115,0.21975,2.6179,3.3401,0.55389,2.786,3.2497,1.2654,2.506,2.9768,0.44914,2.4497,2.7164,1.4731,2.0955,4.3485,1.3949,1.8079,4.2926,0.44305,2.4511,2.7119,0.44193,2.448,2.7094,1.0482,2.1671,3.6608,1.5281,1.6178,3.2865,0.22176,2.6183,3.3398,2.9743,2.8697,5.8909,1.9428,2.0521,3.9901,1.8899,1.9666,3.905,2.1423,2.1547,4.9814,1.2416,2.6255,2.8871,4.6867,2.9883,0.41168,0.69815,1.9306,2.9946,1.9032,1.9594,3.8848,1.1926,1.8472,3.6435,1.9783,1.8985,3.8193,0.46036,2.4508,2.5661,1.3916,2.1561,3.1765,0.63757,1.9472,3.1195,0.50735,3.0397,2.4245,6.1731,2.8636,2.5374,1.4406,2.2515,3.5653,4.6897,2.9901,0.41204,2.4261,2.3369,4.5576,2.1678,2.1867,4.1018,1.1222,2.7993,3.647,1.8914,1.966,3.9063,2.6465,2.2917,4.7934,0.77955,2.142,3.9578,2.4672,2.7242,4.9905,1.6023,1.8361,4.2598,1.891,1.9654,3.9068,2.4697,2.7241,4.9935,1.4445,2.3902,3.259,5.9218,2.8792,2.2009,2.0138,1.9505,4.7516,1.1171,2.8009,3.6432,1.3718,2.389,3.84,1.1207,2.8006,3.6467,1.8397,1.8006,4.0944,1.911,2.0685,4.3839,0.97812,2.089,2.8325,0.067198,2.7975,2.8314,1.0874,1.9611,4.2608,1.6118,1.8058,3.9684,1.3815,1.5867,3.8362,0.91107,2.4628,2.7712,2.1065,2.5574,4.9212,1.9725,1.989,4.4764,1.1605,3.0753,3.3944,1.4467,1.4655,4.2332,0.74509,1.9978,2.7442,2.1578,2.3803,3.7119,0.69344,2.1938,3.9436,1.9908,2.1291,3.4399,1.0827,2.1908,3.6359,2.5302,1.9988,4.4677,2.7117,2.3757,5.0129
0.0079753,0.0026588,0.01595,379.16,377.17,382.13,0.0022333,0.002567,0.0017327,379.19,455.83,355.89,367.84,351.12,342.51,474.53,347.63,325.05,493.64,380.69,327.38,347.78,350.75,463.71,341.53,360.84,343.25,339.77,442.44,404.09,380.36,413.75,351.1,340.17,334.64,388.92,360.58,388.53,356.33,346.32,392.72,347.53,419.87,350.76,457.87,399.68,346.08,398.02,359.16,403.21,380.7,403.7,404.64,370.4,371.12,361.38,360.14,380.08,384.82,372.97,429.73,366.71,357.64,344.82,382.65,374.0,372.83,414.74,363.82,411.41,428.48,397.16,360.52,341.38,387.7,389.46,377.86,362.88,434.09,395.5,393.62,396.23,401.94,362.81,466.15,346.0,340.52,371.34,420.67,357.99,421.74,339.17,399.63,319.77,378.12,368.24,488.64,368.63,428.7,358.64,337.84,380.53,407.96,351.41,342.0,506.27,326.6,333.2,347.92,338.09,326.33,348.15,377.82,350.86,375.91,513.71,352.14,405.55,325.36,368.3,344.79,458.29,371.77,363.88,352.05,374.16,0.0023786,0.0036979,0.0030453,0.0027572,0.0026399,0.0030459,0.0037814,0.0028725,0.0025841,0.0032819,0.002554,0.0024609,0.0025701,0.0025219,0.0028351,0.0024223,0.0022864,0.0022995,0.0023457,0.0031035,0.0025149,0.0025714,0.0026971,0.0023206,0.0024616,0.0021331,0.0028021,0.0024682,0.0024191,0.002209,0.002117,0.0028705,0.0022582,0.0026193,0.0021055,0.0028734,0.002794,0.0022658,0.0025813,0.0021442,0.0025491,0.0024084,0.0026573,0.0024683,0.0024593,0.002277,0.002551,0.0022208,0.0027733,0.00261,0.002471,0.0028381,0.0022849,0.0024413,0.0024301,0.0025507,0.0023389,0.002282,0.0026914,0.0025181,0.0025236,0.002682,0.0024836,0.0025688,0.0024226,0.002751,0.0025317,0.0024117,0.0021781,0.0028384,0.0026626,0.002417,0.0025995,0.002703,0.0023675,0.0029364,0.0021777,0.002167,0.0025673,0.0028091,0.0022619,0.0028401,0.0021791,0.0025305,0.0020896,0.0024944,0.0024067,0.0030677,0.0023081,0.002998,0.0023686,0.0021768,0.0024269,0.0026612,0.0023577,0.0023376,0.0031041,0.0022487,0.0024081,0.0023977,0.0023305,0.0025737,0.0025064,0.002752,0.0028747,0.0028953,0.0033369,0.0026811,0.0030589,0.0029803,0.0024857,0.0029627,0.0030941,0.0028927,0.0027557,0.0027343,0.0027359,1126500.0,243970.0,543910.0,897930.0,154960.0,884250.0,637210.0,497140.0,600880.0,470440.0,2199100.0,656760.0,532120.0,532690.0,250490.0,1401800.0,673460.0,245580.0,254040.0,1290300.0,427640.0,207800.0,273130.0,428480.0,608220.0,1578700.0,175060.0,425570.0,377880.0,417270.0,293390.0,3787600.0,423450.0,158020.0,1375000.0,930330.0,1199100.0,695560.0,471560.0,324440.0,117670.0,937310.0,217790.0,123520.0,689650.0,593990.0,351120.0,792340.0,217420.0,186450.0,203970.0,275640.0,183910.0,822610.0,832810.0,910240.0,577750.0,664990.0,871250.0,235210.0,665660.0,391020.0,213720.0,493980.0,594780.0,407940.0,56070.0,634260.0,777530.0,384920.0,119010.0,250260.0,228950.0,264240.0,578610.0,361990.0,1560200.0,902160.0,661960.0,410430.0,290810.0,548110.0,522730.0,424020.0,361990.0,418260.0,482750.0,539330.0,1388400.0,881360.0,825760.0,1267400.0,208810.0,288760.0,588840.0,517740.0,360140.0,622030.0,555820.0,803670.0,578910.0,228560.0,407090.0,822410.0,514620.0,216170.0,485350.0,314550.0,162770.0,255700.0,1304700.0,384030.0,1036500.0,307280.0,401120.0,295300.0,593300.0,1.9512,2.3359,3.994,2.8961,2.8368,4.5074,3.0053,2.8419,5.8142,1.2628,2.859,3.661,2.8083,2.3314,4.2682,1.7844,1.6716,3.3869,1.7812,1.6691,3.3881,0.39554,2.1318,3.206,0.39735,2.1317,3.2066,1.0087,2.7145,2.8773,1.8181,2.5889,4.0002,3.0052,2.8416,5.8123,1.897,1.9143,4.4932,1.8975,1.9162,4.4925,2.0688,2.1454,4.6733,1.9427,2.5966,4.8867,1.2879,2.4859,3.9483,0.4985,2.471,2.4726,2.0529,3.0654,4.0002,0.39509,2.3724,3.4403,1.0054,2.0605,3.2735,2.5457,2.2973,4.2911,4.6011,3.0027,0.48815,0.74529,2.4252,3.7689,1.7011,1.6012,4.1584,2.3212,2.7564,4.5922,1.6606,1.6813,4.2503,0.39012,1.924,3.2044,2.1211,2.8133,4.5954,2.6404,2.4469,4.9919,1.6015,2.4363,3.4692,1.6601,1.6326,4.0835,1.84,1.9874,3.7271,1.464,2.4591,3.3434,1.078,2.2913,3.1571,1.2367,2.6904,3.3063,1.4672,1.8656,4.1179,1.0235,2.6039,4.0673,5.5431,2.9023,1.8548,2.1664,2.5316,4.5375,0.76548,1.9869,3.35,2.3495,2.1016,4.1928,2.3864,2.5131,4.4291,0.73936,2.4661,2.8457,0.0053834,2.6899,2.0492,2.6416,2.4453,4.9933,3.208,2.9386,6.1981,1.1412,2.5626,3.0669,1.6605,1.6328,4.0895,1.2902,1.7551,3.7991,1.7002,2.008,3.4514,0.5339,1.9772,3.2561,2.318,2.1835,4.4579,0.32498,2.2974,3.4115,0.21972,2.6179,3.3401,0.5539,2.7861,3.2498,1.2656,2.5061,2.977,0.44911,2.4497,2.7165,1.473,2.0954,4.3485,1.3949,1.808,4.2928,0.44301,2.4511,2.712,0.44186,2.448,2.7094,1.0483,2.1673,3.661,1.528,1.6178,3.2865,0.22173,2.6183,3.3398,2.9747,2.8695,5.8913,1.9429,2.0521,3.9903,1.8899,1.9665,3.9051,2.1422,2.1547,4.9814,1.2414,2.6255,2.887,4.685,2.9882,0.40996,0.69803,1.9306,2.9946,1.903,1.9593,3.8848,1.1924,1.8472,3.6435,1.9782,1.8984,3.8193,0.46026,2.4507,2.566,1.3916,2.1561,3.1766,0.63746,1.9472,3.1195,0.50727,3.0397,2.4246,6.1728,2.8635,2.5374,1.4404,2.2515,3.5653,4.6878,2.99,0.40998,2.4261,2.3369,4.5576,2.1675,2.1868,4.1018,1.1223,2.7993,3.6471,1.8915,1.966,3.9065,2.6463,2.2917,4.7934,0.77916,2.142,3.9578,2.4674,2.7241,4.9908,1.6026,1.8361,4.2603,1.8913,1.9653,3.9071,2.4699,2.724,4.9936,1.4441,2.3903,3.259,5.9213,2.8791,2.2008,2.0137,1.9505,4.7516,1.1169,2.801,3.6432,1.3712,2.3892,3.8399,1.1206,2.8006,3.6466,1.8395,1.8007,4.0945,1.9116,2.0684,4.3843,0.97783,2.0891,2.8325,0.067173,2.7976,2.8311,1.0875,1.9612,4.2608,1.6113,1.8059,3.9684,1.3815,1.5869,3.8362,0.9113,2.4631,2.7712,2.1055,2.5577,4.9213,1.9722,1.9893,4.4767,1.1593,3.0756,3.3928,1.447,1.4658,4.2332,0.74455,1.998,2.744,2.1595,2.3803,3.7122,0.69578,2.1944,3.9445,1.9912,2.1294,3.4401,1.0826,2.1911,3.6357,2.5302,1.9989,4.468,2.7111,2.376,5.0133
0.009957,0.0027979,0.020696,390.31,387.5,394.52,0.0023002,0.0026466,0.0017806,388.26,476.27,361.46,377.75,357.9,346.72,504.38,353.46,327.17,518.35,392.27,327.32,352.41,358.64,490.06,344.76,369.18,347.49,343.1,460.72,420.0,390.65,428.25,357.25,346.83,337.86,402.21,370.06,399.92,364.43,351.61,407.52,354.98,435.84,356.03,476.95,412.71,352.65,410.78,365.61,416.91,391.58,417.58,418.48,381.08,381.28,370.44,368.1,394.28,395.65,383.84,443.82,375.14,364.53,351.54,394.57,385.02,382.89,428.73,375.44,425.38,442.84,410.9,370.73,348.23,400.37,404.18,386.92,370.44,449.37,409.42,406.98,409.8,415.87,371.98,484.02,351.19,345.57,383.22,435.9,365.78,438.71,342.36,414.09,321.74,391.35,379.22,510.04,378.59,448.94,366.53,341.61,392.59,422.9,356.57,346.74,530.12,328.71,339.24,353.04,343.4,331.91,351.59,389.65,357.47,384.25,538.32,358.54,426.12,328.74,378.11,347.3,484.7,379.71,372.31,359.35,384.89,0.0024376,0.0039165,0.0031607,0.0028802,0.0027156,0.0031637,0.00406,0.0029765,0.0026504,0.003445,0.0026566,0.0024935,0.0026416,0.0026063,0.002992,0.0024764,0.0023424,0.0023453,0.0023702,0.003227,0.0026138,0.0026419,0.0027973,0.0023576,0.0025073,0.0021579,0.0029022,0.0025322,0.0024893,0.0022531,0.0021427,0.0029779,0.0023001,0.0027191,0.0021311,0.0029946,0.0028849,0.0022991,0.0026637,0.002175,0.0026336,0.0024731,0.0027516,0.002551,0.0025261,0.0023348,0.0026081,0.002262,0.0028771,0.0026787,0.0025406,0.0029291,0.0023312,0.0024777,0.0024667,0.0026295,0.0024036,0.0023384,0.0027784,0.0025958,0.002606,0.002774,0.0025678,0.0026364,0.0024615,0.0028403,0.0026247,0.0024617,0.0022177,0.0029338,0.0027567,0.0024968,0.0026843,0.0027952,0.0024238,0.0030493,0.0022029,0.0021986,0.0026454,0.0029111,0.0023128,0.0029546,0.0022033,0.0026212,0.002111,0.0025782,0.002481,0.0032,0.0023662,0.0031366,0.0024171,0.0022079,0.0025088,0.0027598,0.0024091,0.002398,0.0032549,0.0022959,0.0024646,0.0024589,0.0023994,0.0026693,0.0025789,0.0028454,0.0029716,0.0030173,0.003502,0.0027727,0.0032399,0.0030726,0.0025804,0.0030813,0.0032899,0.0029966,0.0028571,0.0028328,0.0028535,1126500.0,243970.0,543910.0,897930.0,154960.0,884250.0,637210.0,497140.0,600880.0,470440.0,2199100.0,656760.0,532120.0,532690.0,250490.0,1401800.0,673460.0,245580.0,254040.0,1290300.0,427640.0,207800.0,273130.0,428480.0,608220.0,1578700.0,175060.0,425570.0,377880.0,417270.0,293390.0,3787600.0,423450.0,158020.0,1375000.0,930330.0,1199100.0,695560.0,471560.0,324440.0,117670.0,937310.0,217790.0,123520.0,689650.0,593990.0,351120.0,792340.0,217420.0,186450.0,203970.0,275640.0,183910.0,822610.0,832810.0,910240.0,577750.0,664990.0,871250.0,235210.0,665660.0,391020.0,213720.0,493980.0,594780.0,407940.0,56070.0,634260.0,777530.0,384920.0,119010.0,250260.0,228950.0,264240.0,578610.0,361990.0,1560200.0,902160.0,661960.0,410430.0,290810.0,548110.0,522730.0,424020.0,361990.0,418260.0,482750.0,539330.0,1388400.0,881360.0,825760.0,1267400.0,208810.0,288760.0,588840.0,517740.0,360140.0,622030.0,555820.0,803670.0,578910.0,228560.0,407090.0,822410.0,514620.0,216170.0,485350.0,314550.0,162770.0,255700.0,1304700.0,384030.0,1036500.0,307280.0,401120.0,295300.0,593300.0,1.9512,2.3359,3.994,2.8971,2.8368,4.5067,3.0044,2.8419,5.8135,1.2631,2.8588,3.6612,2.8073,2.3314,4.2681,1.7837,1.6715,3.3868,1.7793,1.669,3.3879,0.39556,2.1317,3.2062,0.39749,2.1316,3.2068,1.0091,2.7144,2.8773,1.8183,2.5887,4.0001,3.0048,2.8416,5.8122,1.8969,1.9143,4.4932,1.8974,1.9161,4.4925,2.069,2.1455,4.6732,1.9428,2.5966,4.8867,1.288,2.4859,3.9483,0.49846,2.471,2.4726,2.0528,3.0654,4.0003,0.39514,2.3724,3.4402,1.0054,2.0605,3.2734,2.5457,2.2973,4.2911,4.6013,3.0027,0.48836,0.74519,2.4252,3.7689,1.7011,1.6012,4.1584,2.3212,2.7564,4.5922,1.6606,1.6813,4.2503,0.39002,1.924,3.2043,2.1212,2.8133,4.5954,2.6404,2.4469,4.9919,1.6015,2.4363,3.4693,1.6599,1.6326,4.0834,1.8399,1.9874,3.7271,1.4638,2.4592,3.3434,1.078,2.2913,3.1571,1.2367,2.6904,3.3062,1.4672,1.8656,4.1179,1.0234,2.6039,4.0673,5.5429,2.9023,1.8546,2.1664,2.5316,4.5375,0.76545,1.9869,3.35,2.3495,2.1016,4.1928,2.3863,2.5131,4.4291,0.73934,2.4661,2.8457,0.0052655,2.6899,2.0491,2.6416,2.4453,4.9934,3.208,2.9386,6.1982,1.1412,2.5626,3.0669,1.6604,1.6328,4.0895,1.2902,1.7551,3.7992,1.7002,2.008,3.4514,0.53382,1.9772,3.2561,2.318,2.1835,4.4579,0.32495,2.2975,3.4116,0.21969,2.6179,3.3401,0.55386,2.7861,3.2498,1.2656,2.5061,2.977,0.44909,2.4498,2.7165,1.473,2.0954,4.3485,1.3948,1.808,4.2928,0.443,2.4511,2.712,0.44185,2.448,2.7095,1.0483,2.1673,3.661,1.528,1.6177,3.2865,0.2217,2.6183,3.3398,2.9749,2.8694,5.8916,1.9429,2.0521,3.9905,1.8899,1.9665,3.9052,2.1422,2.1546,4.9814,1.2413,2.6256,2.887,4.6842,2.9882,0.40913,0.69796,1.9306,2.9946,1.9029,1.9593,3.8848,1.1923,1.8472,3.6435,1.9781,1.8984,3.8193,0.46027,2.4507,2.5661,1.3916,2.1561,3.1766,0.6374,1.9472,3.1195,0.50745,3.0397,2.4248,6.1726,2.8635,2.5373,1.4403,2.2515,3.5654,4.6868,2.9898,0.40892,2.426,2.3369,4.5576,2.1673,2.1868,4.1018,1.1223,2.7993,3.6472,1.8915,1.966,3.9066,2.6461,2.2917,4.7934,0.77891,2.142,3.9579,2.4675,2.724,4.9909,1.6029,1.8361,4.2605,1.8914,1.9653,3.9072,2.47,2.724,4.9937,1.4438,2.3903,3.2589,5.9209,2.8791,2.2008,2.0136,1.9505,4.7517,1.1168,2.801,3.6431,1.371,2.3893,3.84,1.1206,2.8006,3.6466,1.8393,1.8006,4.0945,1.9121,2.0683,4.3845,0.97763,2.0892,2.8325,0.067112,2.7976,2.8308,1.0875,1.9613,4.2608,1.611,1.806,3.9683,1.3815,1.587,3.8361,0.91141,2.4633,2.7712,2.1049,2.558,4.9215,1.972,1.9896,4.4769,1.1587,3.0757,3.392,1.4472,1.466,4.2331,0.74419,1.9981,2.7438,2.1608,2.3803,3.7124,0.69734,2.1949,3.945,1.9914,2.1295,3.4402,1.0826,2.1913,3.6355,2.5303,1.999,4.4681,2.7108,2.3761,5.0136
0.01193,0.0029442,0.025409,401.36,397.79,406.71,0.0023661,0.0027235,0.0018302,397.5,493.34,367.46,388.73,366.06,352.33,529.47,359.62,329.44,538.1,403.95,328.85,358.7,368.97,514.58,349.14,378.12,353.68,348.0,476.37,435.52,401.45,440.24,364.85,354.48,342.4,414.56,379.93,411.58,373.66,358.14,421.33,363.34,449.51,362.79,493.48,424.2,360.45,422.17,373.46,429.71,402.65,429.63,431.86,391.61,391.84,380.27,377.1,407.08,406.46,393.97,455.71,384.3,372.87,359.57,405.19,396.12,393.21,440.94,386.73,438.67,454.74,423.26,381.17,356.18,411.16,417.55,396.94,379.12,462.52,421.42,420.19,422.32,428.67,381.97,499.21,357.74,351.94,395.44,449.52,374.49,453.29,346.92,427.5,325.03,403.87,390.79,528.23,389.07,466.9,375.75,346.96,404.62,436.12,363.07,352.68,550.54,332.02,346.26,359.88,349.33,338.92,356.55,400.7,365.29,391.75,560.25,365.26,445.94,333.03,388.19,351.7,507.21,388.62,381.53,367.66,394.53,0.002498,0.004101,0.0032606,0.0029952,0.0027942,0.0032728,0.0042932,0.003066,0.0027067,0.0035752,0.0027529,0.0025323,0.0027159,0.0027007,0.0031381,0.0025313,0.0024009,0.002402,0.002405,0.0033319,0.0027109,0.0027171,0.0028826,0.0024049,0.0025606,0.0021907,0.0029977,0.0026001,0.0025625,0.0023056,0.0021771,0.0030779,0.0023494,0.002805,0.0021665,0.0031001,0.0029659,0.0023423,0.002738,0.0022155,0.0027136,0.00254,0.0028351,0.0026317,0.0025936,0.0023964,0.0026725,0.0023112,0.002971,0.0027493,0.0026063,0.0030065,0.0023837,0.0025266,0.0025149,0.0027003,0.0024696,0.0023973,0.0028541,0.0026718,0.0026847,0.0028517,0.0026437,0.0027066,0.00251,0.0029167,0.0027093,0.0025201,0.0022646,0.0030157,0.0028383,0.0025762,0.0027624,0.0028811,0.0024862,0.0031467,0.0022378,0.0022385,0.0027272,0.003003,0.002369,0.003054,0.0022354,0.0027051,0.0021394,0.0026587,0.0025582,0.0033128,0.0024285,0.0032602,0.0024751,0.002248,0.0025885,0.0028473,0.0024668,0.0024626,0.0033848,0.002348,0.0025261,0.0025256,0.0024657,0.0027628,0.0026511,0.0029306,0.0030608,0.0031191,0.0036496,0.0028529,0.0034029,0.0031531,0.0026687,0.0031934,0.0034551,0.0030899,0.0029489,0.0029233,0.0029537,1126500.0,243970.0,543910.0,897930.0,154960.0,884250.0,637210.0,497140.0,600880.0,470440.0,2199100.0,656760.0,532120.0,532690.0,250490.0,1401800.0,673460.0,245580.0,254040.0,1290300.0,427640.0,207800.0,273130.0,428480.0,608220.0,1578700.0,175060.0,425570.0,377880.0,417270.0,293390.0,3787600.0,423450.0,158020.0,1375000.0,930330.0,1199100.0,695560.0,471560.0,324440.0,117670.0,937310.0,217790.0,123520.0,689650.0,593990.0,351120.0,792340.0,217420.0,186450.0,203970.0,275640.0,183910.0,822610.0,832810.0,910240.0,577750.0,664990.0,871250.0,235210.0,665660.0,391020.0,213720.0,493980.0,594780.0,407940.0,56070.0,634260.0,777530.0,384920.0,119010.0,250260.0,228950.0,264240.0,578610.0,361990.0,1560200.0,902160.0,661960.0,410430.0,290810.0,548110.0,522730.0,424020.0,361990.0,418260.0,482750.0,539330.0,1388400.0,881360.0,825760.0,1267400.0,208810.0,288760.0,588840.0,517740.0,360140.0,622030.0,555820.0,803670.0,578910.0,228560.0,407090.0,822410.0,514620.0,216170.0,485350.0,314550.0,162770.0,255700.0,1304700.0,384030.0,1036500.0,307280.0,401120.0,295300.0,593300.0,1.9511,2.3359,3.9941,2.8981,2.8369,4.5062,3.0034,2.8419,5.8127,1.2633,2.8586,3.6615,2.8063,2.3315,4.268,1.7831,1.6713,3.3867,1.7775,1.6689,3.3877,0.39553,2.1316,3.2065,0.39758,2.1316,3.2069,1.0095,2.7143,2.8773,1.8185,2.5886,4.0,3.0045,2.8416,5.812,1.8968,1.9143,4.4932,1.8974,1.9161,4.4925,2.0691,2.1455,4.6731,1.9428,2.5965,4.8867,1.2881,2.4858,3.9483,0.49844,2.471,2.4727,2.0529,3.0654,4.0005,0.39516,2.3723,3.4401,1.0055,2.0605,3.2734,2.5458,2.2973,4.2911,4.6017,3.0027,0.48874,0.74512,2.4252,3.7689,1.7011,1.6012,4.1584,2.3212,2.7563,4.5922,1.6606,1.6813,4.2502,0.38993,1.9241,3.2044,2.1211,2.8133,4.5953,2.6403,2.4469,4.992,1.6015,2.4363,3.4693,1.6597,1.6326,4.0834,1.8399,1.9874,3.7271,1.4638,2.4592,3.3435,1.078,2.2913,3.1572,1.2366,2.6904,3.3061,1.4672,1.8656,4.1179,1.0234,2.6039,4.0674,5.5423,2.9023,1.8541,2.1664,2.5316,4.5376,0.7654,1.9869,3.35,2.3495,2.1016,4.1928,2.3863,2.5131,4.4291,0.73929,2.466,2.8457,0.0051416,2.69,2.0491,2.6416,2.4452,4.9934,3.208,2.9386,6.1981,1.1412,2.5626,3.0671,1.6604,1.6329,4.0896,1.2902,1.7551,3.7991,1.7002,2.008,3.4516,0.53371,1.9772,3.256,2.318,2.1835,4.4579,0.32492,2.2975,3.4116,0.21967,2.6179,3.3402,0.55392,2.7863,3.2499,1.2657,2.5062,2.9772,0.44906,2.4497,2.7165,1.4729,2.0953,4.3484,1.3948,1.808,4.293,0.44296,2.451,2.712,0.4418,2.4479,2.7095,1.0483,2.1675,3.6612,1.5279,1.6177,3.2865,0.22168,2.6183,3.3399,2.9753,2.8693,5.892,1.943,2.052,3.9907,1.8899,1.9665,3.9053,2.1421,2.1546,4.9814,1.241,2.6256,2.8868,4.6827,2.9881,0.40761,0.69788,1.9306,2.9945,1.9028,1.9593,3.8847,1.1922,1.8471,3.6434,1.9781,1.8984,3.8193,0.46026,2.4506,2.5661,1.3916,2.1561,3.1767,0.63733,1.9473,3.1195,0.50725,3.0397,2.4247,6.1724,2.8635,2.5373,1.4401,2.2515,3.5653,4.6852,2.9898,0.40726,2.426,2.3368,4.5577,2.1671,2.1868,4.1017,1.1224,2.7994,3.6473,1.8915,1.9659,3.9068,2.6459,2.2917,4.7934,0.77863,2.142,3.9579,2.4677,2.7239,4.9911,1.6031,1.8361,4.2609,1.8916,1.9652,3.9074,2.4702,2.7239,4.9938,1.4436,2.3903,3.2589,5.9206,2.879,2.2007,2.0135,1.9506,4.7517,1.1166,2.8011,3.6431,1.3707,2.3894,3.8399,1.1206,2.8007,3.6466,1.8392,1.8007,4.0945,1.9125,2.0682,4.3848,0.97742,2.0893,2.8325,0.066996,2.7977,2.8306,1.0875,1.9614,4.2608,1.6106,1.8061,3.9683,1.3815,1.5871,3.8361,0.91151,2.4636,2.7713,2.1043,2.5582,4.9215,1.9718,1.9899,4.4771,1.1585,3.0759,3.3915,1.4474,1.4662,4.233,0.74382,1.9982,2.7436,2.1619,2.3803,3.7126,0.69883,2.1953,3.9456,1.9917,2.1297,3.4403,1.0827,2.1916,3.6353,2.5304,1.9991,4.4683,2.7105,2.3763,5.0138
0.013405,0.0030549,0.028931,409.3,405.1,415.61,0.0024132,0.0027773,0.0018671,404.14,504.83,371.82,396.91,372.16,356.75,546.33,364.0,330.92,551.05,412.39,330.22,363.39,376.88,531.7,352.39,384.76,358.61,351.98,486.88,446.56,409.09,447.94,370.74,360.15,345.94,422.96,387.07,420.03,380.76,363.17,430.96,369.52,458.58,368.11,504.62,431.79,366.33,429.74,379.55,438.51,410.55,437.62,441.37,398.99,399.61,387.43,383.98,415.72,413.94,400.9,463.34,391.08,379.17,365.7,412.29,404.12,400.73,448.97,394.66,447.95,462.42,431.72,388.76,362.21,418.24,426.61,404.24,385.74,471.1,429.27,429.65,430.76,437.15,389.24,509.06,362.83,356.81,404.01,458.5,381.09,462.81,350.52,436.74,327.7,412.44,399.37,540.21,396.8,478.98,382.67,351.21,413.3,444.93,368.0,357.23,564.2,334.64,351.36,365.28,353.74,344.16,360.36,408.33,371.14,396.83,574.97,369.98,459.78,336.37,395.66,355.37,522.32,395.29,388.33,373.73,401.22,0.0025413,0.0042246,0.0033276,0.0030758,0.0028502,0.0033495,0.0044494,0.0031252,0.0027433,0.0036605,0.0028205,0.0025607,0.0027673,0.0027694,0.0032401,0.0025694,0.0024438,0.0024455,0.0024325,0.0034016,0.0027799,0.0027696,0.0029382,0.0024416,0.0026,0.002216,0.0030635,0.0026493,0.0026158,0.0023465,0.002204,0.0031474,0.002386,0.0028619,0.0021949,0.0031712,0.003019,0.0023752,0.0027871,0.0022475,0.0027684,0.0025876,0.0028912,0.0026892,0.0026408,0.002442,0.0027197,0.0023494,0.0030343,0.0027977,0.0026512,0.0030555,0.0024228,0.0025639,0.0025522,0.0027475,0.0025173,0.0024402,0.0029032,0.002725,0.0027394,0.002902,0.0026953,0.0027577,0.0025472,0.0029666,0.0027662,0.0025624,0.0023005,0.0030682,0.0028914,0.0026329,0.0028143,0.0029375,0.0025311,0.0032093,0.0022651,0.0022687,0.0027838,0.0030633,0.0024114,0.0031184,0.0022603,0.0027627,0.0021615,0.0027133,0.0026152,0.0033869,0.0024746,0.0033431,0.0025182,0.0022792,0.0026452,0.0029054,0.0025096,0.0025105,0.0034718,0.0023869,0.00257,0.0025746,0.0025125,0.0028273,0.0027012,0.0029886,0.0031208,0.0031875,0.0037482,0.0029057,0.0035147,0.0032092,0.0027315,0.0032741,0.0035653,0.0031551,0.0030125,0.0029844,0.0030219,1126500.0,243970.0,543910.0,897930.0,154960.0,884250.0,637210.0,497140.0,600880.0,470440.0,2199100.0,656760.0,532120.0,532690.0,250490.0,1401800.0,673460.0,245580.0,254040.0,1290300.0,427640.0,207800.0,273130.0,428480.0,608220.0,1578700.0,175060.0,425570.0,377880.0,417270.0,293390.0,3787600.0,423450.0,158020.0,1375000.0,930330.0,1199100.0,695560.0,471560.0,324440.0,117670.0,937310.0,217790.0,123520.0,689650.0,593990.0,351120.0,792340.0,217420.0,186450.0,203970.0,275640.0,183910.0,822610.0,832810.0,910240.0,577750.0,664990.0,871250.0,235210.0,665660.0,391020.0,213720.0,493980.0,594780.0,407940.0,56070.0,634260.0,777530.0,384920.0,119010.0,250260.0,228950.0,264240.0,578610.0,361990.0,1560200.0,902160.0,661960.0,410430.0,290810.0,548110.0,522730.0,424020.0,361990.0,418260.0,482750.0,539330.0,1388400.0,881360.0,825760.0,1267400.0,208810.0,288760.0,588840.0,517740.0,360140.0,622030.0,555820.0,803670.0,578910.0,228560.0,407090.0,822410.0,514620.0,216170.0,485350.0,314550.0,162770.0,255700.0,1304700.0,384030.0,1036500.0,307280.0,401120.0,295300.0,593300.0,1.951,2.3359,3.9941,2.8989,2.837,4.5058,3.0026,2.8419,5.8121,1.2635,2.8585,3.6617,2.8055,2.3315,4.268,1.7827,1.6712,3.3866,1.7762,1.6688,3.3875,0.39547,2.1315,3.2067,0.39763,2.1315,3.207,1.0098,2.7142,2.8773,1.8186,2.5885,3.9999,3.0042,2.8415,5.8119,1.8968,1.9143,4.4932,1.8973,1.9161,4.4925,2.0692,2.1455,4.673,1.9429,2.5965,4.8867,1.2882,2.4858,3.9482,0.4984,2.471,2.4727,2.0529,3.0654,4.0006,0.39518,2.3723,3.44,1.0055,2.0605,3.2734,2.5458,2.2974,4.2911,4.6019,3.0026,0.48889,0.74504,2.4252,3.7689,1.7011,1.6012,4.1584,2.3212,2.7563,4.5922,1.6606,1.6813,4.2502,0.38985,1.9241,3.2043,2.1211,2.8133,4.5952,2.6403,2.4468,4.992,1.6015,2.4363,3.4693,1.6595,1.6326,4.0834,1.8399,1.9874,3.7271,1.4637,2.4593,3.3435,1.078,2.2913,3.1572,1.2365,2.6903,3.306,1.4672,1.8656,4.1179,1.0234,2.6039,4.0674,5.542,2.9023,1.8539,2.1664,2.5316,4.5376,0.76537,1.9869,3.35,2.3494,2.1016,4.1928,2.3863,2.5131,4.4291,0.73928,2.466,2.8457,0.0050579,2.69,2.049,2.6416,2.4452,4.9934,3.2079,2.9386,6.1982,1.1412,2.5627,3.0671,1.6603,1.6329,4.0896,1.2902,1.7551,3.7991,1.7002,2.008,3.4516,0.53363,1.9772,3.2559,2.3179,2.1835,4.4579,0.32489,2.2975,3.4116,0.21964,2.6179,3.3402,0.5539,2.7863,3.2499,1.2657,2.5062,2.9773,0.44905,2.4497,2.7165,1.4729,2.0953,4.3484,1.3948,1.8081,4.293,0.44296,2.451,2.712,0.44178,2.4479,2.7095,1.0483,2.1675,3.6612,1.5279,1.6177,3.2865,0.22166,2.6183,3.3399,2.9754,2.8692,5.8922,1.943,2.052,3.9908,1.8899,1.9664,3.9053,2.1421,2.1546,4.9814,1.2408,2.6256,2.8868,4.6821,2.988,0.40695,0.69782,1.9306,2.9945,1.9028,1.9593,3.8847,1.1922,1.8471,3.6434,1.978,1.8984,3.8193,0.46028,2.4506,2.5661,1.3916,2.1561,3.1767,0.63728,1.9473,3.1195,0.5073,3.0396,2.4249,6.1722,2.8635,2.5372,1.4401,2.2515,3.5653,4.6845,2.9897,0.4065,2.426,2.3368,4.5577,2.1669,2.1868,4.1017,1.1224,2.7994,3.6474,1.8915,1.9659,3.9069,2.6458,2.2918,4.7933,0.77843,2.142,3.958,2.4677,2.7238,4.9911,1.6032,1.8362,4.2611,1.8917,1.9651,3.9074,2.4703,2.7239,4.9938,1.4434,2.3903,3.2588,5.9203,2.879,2.2007,2.0135,1.9506,4.7517,1.1165,2.8011,3.6431,1.3706,2.3894,3.8399,1.1206,2.8007,3.6466,1.839,1.8007,4.0946,1.9129,2.0682,4.3849,0.97726,2.0893,2.8325,0.066912,2.7977,2.8304,1.0876,1.9615,4.2608,1.6104,1.8061,3.9683,1.3816,1.5872,3.8361,0.91158,2.4637,2.7713,2.1039,2.5584,4.9215,1.9717,1.9901,4.4773,1.1584,3.076,3.3912,1.4476,1.4664,4.233,0.74355,1.9983,2.7435,2.1627,2.3803,3.7127,0.69986,2.1956,3.9459,1.9919,2.1299,3.4404,1.0827,2.1918,3.6352,2.5305,1.9991,4.4684,2.7103,2.3765,5.014
0.014876,0.0031686,0.032436,417.14,412.3,424.4,0.0024594,0.0028297,0.001904,410.73,515.45,376.34,405.15,378.14,361.5,561.84,368.48,332.54,562.83,420.64,332.11,368.38,385.24,547.71,355.93,391.51,363.91,356.39,496.67,457.19,416.68,454.82,377.0,366.01,349.75,430.79,394.16,428.37,388.15,368.48,440.15,375.84,466.98,373.8,515.07,438.82,372.46,436.81,386.01,446.86,418.3,444.94,450.61,406.16,407.4,394.66,391.12,423.85,421.18,407.45,470.33,397.93,385.84,372.17,418.87,412.05,408.17,456.37,402.33,456.83,469.38,439.62,396.24,368.49,424.67,435.16,411.74,392.64,479.0,436.47,438.82,438.63,445.08,396.58,518.14,368.3,362.0,412.4,466.85,387.87,471.62,354.5,445.41,330.77,420.58,408.0,551.31,404.54,490.17,389.88,355.9,421.79,453.02,373.22,362.11,576.89,337.66,356.54,371.09,358.16,349.59,364.56,415.56,377.31,401.82,588.63,374.75,472.78,339.98,403.18,359.5,536.16,402.12,395.29,379.91,407.64,0.0025844,0.0043387,0.0033914,0.0031533,0.0029032,0.0034241,0.0045927,0.0031812,0.002778,0.0037384,0.0028855,0.0025913,0.0028184,0.0028392,0.0033357,0.0026076,0.0024871,0.0024911,0.002463,0.0034665,0.0028466,0.0028219,0.0029888,0.002481,0.0026409,0.0022431,0.0031255,0.0026986,0.0026687,0.0023895,0.0022328,0.0032138,0.0024238,0.0029148,0.0022257,0.003238,0.0030683,0.0024102,0.0028332,0.0022821,0.0028206,0.0026345,0.0029433,0.0027453,0.002687,0.0024881,0.0027677,0.0023897,0.003094,0.0028447,0.0026937,0.0031005,0.0024628,0.0026042,0.0025924,0.0027913,0.0025646,0.0024829,0.002948,0.0027765,0.0027916,0.002948,0.0027434,0.0028082,0.0025866,0.0030121,0.0028195,0.0026065,0.0023383,0.0031163,0.0029402,0.0026879,0.0028624,0.0029904,0.0025766,0.0032672,0.0022951,0.0023009,0.0028395,0.0031195,0.0024548,0.0031786,0.0022874,0.0028167,0.0021857,0.0027655,0.0026725,0.0034556,0.002521,0.0034202,0.0025634,0.0023129,0.0027003,0.0029591,0.0025538,0.0025594,0.0035527,0.0024274,0.0026143,0.0026242,0.0025577,0.0028889,0.0027501,0.0030434,0.0031783,0.0032522,0.0038401,0.0029556,0.0036189,0.0032646,0.0027926,0.0033533,0.0036657,0.0032188,0.0030745,0.003043,0.0030859,1126500.0,243970.0,543910.0,897930.0,154960.0,884250.0,637210.0,497140.0,600880.0,470440.0,2199100.0,656760.0,532120.0,532690.0,250490.0,1401800.0,673460.0,245580.0,254040.0,1290300.0,427640.0,207800.0,273130.0,428480.0,608220.0,1578700.0,175060.0,425570.0,377880.0,417270.0,293390.0,3787600.0,423450.0,158020.0,1375000.0,930330.0,1199100.0,695560.0,471560.0,324440.0,117670.0,937310.0,217790.0,123520.0,689650.0,593990.0,351120.0,792340.0,217420.0,186450.0,203970.0,275640.0,183910.0,822610.0,832810.0,910240.0,577750.0,664990.0,871250.0,235210.0,665660.0,391020.0,213720.0,493980.0,594780.0,407940.0,56070.0,634260.0,777530.0,384920.0,119010.0,250260.0,228950.0,264240.0,578610.0,361990.0,1560200.0,902160.0,661960.0,410430.0,290810.0,548110.0,522730.0,424020.0,361990.0,418260.0,482750.0,539330.0,1388400.0,881360.0,825760.0,1267400.0,208810.0,288760.0,588840.0,517740.0,360140.0,622030.0,555820.0,803670.0,578910.0,228560.0,407090.0,822410.0,514620.0,216170.0,485350.0,314550.0,162770.0,255700.0,1304700.0,384030.0,1036500.0,307280.0,401120.0,295300.0,593300.0,1.951,2.3359,3.9941,2.8996,2.837,4.5054,3.0019,2.8418,5.8115,1.2638,2.8583,3.6619,2.8048,2.3315,4.2679,1.7823,1.6711,3.3865,1.775,1.6688,3.3873,0.3954,2.1314,3.2069,0.39767,2.1315,3.2072,1.01,2.7142,2.8772,1.8187,2.5884,3.9998,3.004,2.8415,5.8118,1.8968,1.9143,4.4932,1.8972,1.916,4.4926,2.0693,2.1456,4.673,1.943,2.5965,4.8868,1.2882,2.4858,3.9482,0.49838,2.471,2.4728,2.053,3.0654,4.0008,0.39517,2.3722,3.4399,1.0055,2.0604,3.2733,2.5459,2.2974,4.2911,4.6022,3.0026,0.48925,0.74498,2.4253,3.7689,1.7011,1.6012,4.1584,2.3212,2.7563,4.5923,1.6606,1.6813,4.2502,0.38978,1.9241,3.2043,2.121,2.8133,4.5951,2.6402,2.4468,4.992,1.6015,2.4363,3.4693,1.6594,1.6326,4.0834,1.8399,1.9874,3.7271,1.4637,2.4593,3.3436,1.078,2.2913,3.1572,1.2364,2.6903,3.3059,1.4672,1.8655,4.1178,1.0234,2.6039,4.0674,5.5416,2.9023,1.8535,2.1664,2.5316,4.5376,0.76533,1.9869,3.3499,2.3494,2.1016,4.1928,2.3863,2.5132,4.429,0.73923,2.466,2.8457,0.0049696,2.6901,2.0489,2.6416,2.4451,4.9935,3.2079,2.9386,6.1982,1.1413,2.5627,3.0672,1.6603,1.633,4.0897,1.2902,1.755,3.7991,1.7001,2.008,3.4516,0.53353,1.9772,3.2558,2.3179,2.1835,4.4579,0.32487,2.2976,3.4116,0.21962,2.618,3.3402,0.55394,2.7864,3.25,1.2658,2.5062,2.9774,0.44902,2.4497,2.7165,1.4729,2.0953,4.3484,1.3948,1.8081,4.2931,0.44293,2.451,2.712,0.44176,2.4479,2.7095,1.0484,2.1676,3.6613,1.5278,1.6177,3.2864,0.22163,2.6183,3.3399,2.9756,2.8691,5.8925,1.9431,2.052,3.9909,1.8899,1.9664,3.9054,2.142,2.1546,4.9814,1.2406,2.6256,2.8867,4.6811,2.988,0.40595,0.69777,1.9306,2.9945,1.9027,1.9593,3.8847,1.1921,1.8471,3.6434,1.9779,1.8984,3.8193,0.4603,2.4505,2.5661,1.3916,2.1561,3.1768,0.63723,1.9473,3.1196,0.5072,3.0396,2.4248,6.172,2.8634,2.5371,1.44,2.2515,3.5653,4.6836,2.9896,0.40545,2.426,2.3368,4.5577,2.1667,2.1869,4.1017,1.1225,2.7994,3.6474,1.8915,1.9659,3.907,2.6457,2.2918,4.7933,0.77821,2.142,3.958,2.4678,2.7237,4.9913,1.6034,1.8362,4.2613,1.8918,1.9651,3.9076,2.4704,2.7238,4.9939,1.4432,2.3903,3.2588,5.9201,2.8789,2.2006,2.0134,1.9506,4.7518,1.1164,2.8011,3.643,1.3704,2.3895,3.8399,1.1206,2.8007,3.6466,1.8389,1.8007,4.0946,1.9132,2.0681,4.3851,0.97709,2.0894,2.8325,0.066811,2.7978,2.8301,1.0876,1.9616,4.2608,1.6102,1.8062,3.9682,1.3817,1.5873,3.8361,0.91165,2.4639,2.7714,2.1035,2.5586,4.9215,1.9716,1.9903,4.4774,1.1585,3.0761,3.391,1.4478,1.4665,4.233,0.74327,1.9984,2.7434,2.1634,2.3803,3.7128,0.70087,2.1958,3.9463,1.9922,2.13,3.4405,1.0828,2.192,3.635,2.5306,1.9992,4.4685,2.7101,2.3766,5.0142
0.01707,0.0033456,0.037658,428.72,422.88,437.48,0.0025275,0.002906,0.0019597,420.53,530.64,383.48,417.33,386.61,369.02,583.28,375.28,335.24,579.47,432.61,335.79,376.07,397.81,569.83,361.54,401.73,372.24,363.65,510.62,472.26,427.72,464.21,386.86,374.97,355.79,441.48,404.48,440.6,399.66,376.84,453.21,385.43,478.64,382.9,529.97,448.64,382.01,446.55,396.25,458.7,429.61,455.01,464.09,416.34,419.01,405.49,402.25,435.15,431.52,416.49,480.15,408.25,396.28,382.36,427.83,423.67,419.21,466.67,413.25,469.47,479.06,450.6,407.24,378.28,433.34,447.03,422.99,403.41,490.1,446.26,452.0,449.53,456.1,407.49,530.98,377.07,370.18,424.3,478.51,398.22,483.77,361.04,457.47,335.97,431.81,420.88,567.23,416.0,505.51,400.8,363.54,434.04,464.1,381.3,369.88,595.24,342.78,364.03,380.24,364.58,357.67,371.24,425.67,386.92,409.45,608.59,381.73,490.68,345.75,414.36,366.23,555.15,412.49,405.81,389.07,416.74,0.0026484,0.0044995,0.0034843,0.003265,0.0029761,0.0035329,0.0047895,0.0032611,0.0028278,0.003849,0.0029787,0.0026407,0.0028926,0.0029408,0.0034679,0.0026643,0.0025528,0.0025613,0.0025129,0.0035586,0.0029414,0.0028975,0.0030588,0.0025436,0.0027037,0.0022861,0.0032116,0.0027706,0.0027469,0.0024573,0.0022786,0.0033081,0.0024813,0.0029881,0.0022756,0.0033331,0.0031368,0.0024651,0.0028966,0.0023376,0.0028944,0.0027025,0.0030162,0.0028275,0.0027528,0.002557,0.00284,0.002453,0.003177,0.0029119,0.0027525,0.0031635,0.0025233,0.0026682,0.0026568,0.0028511,0.0026338,0.0025461,0.0030098,0.0028494,0.0028656,0.0030122,0.0028099,0.0028822,0.0026486,0.0030731,0.0028929,0.0026725,0.0023973,0.0031833,0.0030064,0.0027667,0.0029283,0.0030634,0.0026436,0.0033489,0.0023437,0.0023512,0.0029182,0.003198,0.002521,0.0032616,0.0023316,0.0028916,0.0022254,0.0028373,0.0027578,0.0035542,0.00259,0.0035257,0.002632,0.0023669,0.0027787,0.003033,0.002621,0.0026342,0.0036691,0.0024904,0.0026781,0.0026982,0.0026219,0.0029744,0.0028203,0.0031195,0.0032608,0.0033464,0.003975,0.003026,0.0037629,0.0033486,0.0028816,0.0034703,0.0038022,0.0033138,0.0031667,0.0031269,0.0031763,1126500.0,243970.0,543910.0,897930.0,154960.0,884250.0,637210.0,497140.0,600880.0,470440.0,2199100.0,656760.0,532120.0,532690.0,250490.0,1401800.0,673460.0,245580.0,254040.0,1290300.0,427640.0,207800.0,273130.0,428480.0,608220.0,1578700.0,175060.0,425570.0,377880.0,417270.0,293390.0,3787600.0,423450.0,158020.0,1375000.0,930330.0,1199100.0,695560.0,471560.0,324440.0,117670.0,937310.0,217790.0,123520.0,689650.0,593990.0,351120.0,792340.0,217420.0,186450.0,203970.0,275640.0,183910.0,822610.0,832810.0,910240.0,577750.0,664990.0,871250.0,235210.0,665660.0,391020.0,213720.0,493980.0,594780.0,407940.0,56070.0,634260.0,777530.0,384920.0,119010.0,250260.0,228950.0,264240.0,578610.0,361990.0,1560200.0,902160.0,661960.0,410430.0,290810.0,548110.0,522730.0,424020.0,361990.0,418260.0,482750.0,539330.0,1388400.0,881360.0,825760.0,1267400.0,208810.0,288760.0,588840.0,517740.0,360140.0,622030.0,555820.0,803670.0,578910.0,228560.0,407090.0,822410.0,514620.0,216170.0,485350.0,314550.0,162770.0,255700.0,1304700.0,384030.0,1036500.0,307280.0,401120.0,295300.0,593300.0,1.9509,2.3359,3.9941,2.9008,2.837,4.505,3.0007,2.8418,5.8106,1.2642,2.858,3.6622,2.8037,2.3316,4.2678,1.7816,1.671,3.3864,1.7732,1.6687,3.3871,0.39527,2.1313,3.2071,0.3977,2.1314,3.2073,1.0104,2.7141,2.8772,1.8188,2.5883,3.9996,3.0036,2.8415,5.8117,1.8967,1.9143,4.4932,1.8972,1.916,4.4926,2.0694,2.1456,4.6728,1.9431,2.5965,4.8868,1.2883,2.4858,3.9481,0.49833,2.471,2.4728,2.0531,3.0654,4.001,0.39515,2.3721,3.4397,1.0056,2.0604,3.2733,2.546,2.2974,4.2911,4.6027,3.0026,0.48967,0.74487,2.4253,3.7689,1.7011,1.6012,4.1584,2.3212,2.7563,4.5923,1.6606,1.6813,4.2502,0.38967,1.9242,3.2043,2.1209,2.8133,4.595,2.6402,2.4468,4.992,1.6015,2.4363,3.4694,1.6592,1.6326,4.0834,1.8399,1.9874,3.727,1.4636,2.4594,3.3436,1.0779,2.2913,3.1572,1.2362,2.6902,3.3057,1.4673,1.8655,4.1178,1.0234,2.6039,4.0674,5.5411,2.9022,1.8531,2.1663,2.5315,4.5376,0.76527,1.9868,3.3499,2.3494,2.1016,4.1928,2.3862,2.5132,4.429,0.73918,2.4659,2.8457,0.0048413,2.6901,2.0489,2.6415,2.4451,4.9935,3.2079,2.9386,6.1983,1.1413,2.5627,3.0672,1.6602,1.633,4.0898,1.2901,1.755,3.7991,1.7001,2.008,3.4517,0.53339,1.9771,3.2557,2.3178,2.1835,4.4579,0.32482,2.2976,3.4116,0.21958,2.618,3.3402,0.55397,2.7865,3.2501,1.2658,2.5063,2.9775,0.449,2.4497,2.7165,1.4728,2.0952,4.3483,1.3948,1.8081,4.2932,0.44292,2.4509,2.712,0.44173,2.4478,2.7095,1.0484,2.1677,3.6614,1.5278,1.6177,3.2864,0.22159,2.6183,3.3399,2.9759,2.869,5.8928,1.9431,2.052,3.9911,1.8899,1.9664,3.9054,2.142,2.1546,4.9814,1.2403,2.6256,2.8865,4.6799,2.9879,0.40475,0.69767,1.9306,2.9944,1.9026,1.9592,3.8847,1.1921,1.847,3.6433,1.9779,1.8983,3.8193,0.46036,2.4504,2.5661,1.3915,2.156,3.1768,0.63715,1.9473,3.1196,0.50714,3.0396,2.4248,6.1717,2.8634,2.537,1.4398,2.2515,3.5653,4.6824,2.9895,0.40421,2.4259,2.3368,4.5577,2.1665,2.1869,4.1016,1.1226,2.7994,3.6475,1.8915,1.9659,3.9071,2.6455,2.2918,4.7933,0.77786,2.142,3.9581,2.4679,2.7236,4.9914,1.6036,1.8362,4.2616,1.8919,1.965,3.9077,2.4705,2.7238,4.994,1.4428,2.3903,3.2587,5.9197,2.8789,2.2006,2.0133,1.9506,4.7518,1.1162,2.8012,3.643,1.3702,2.3897,3.8399,1.1207,2.8007,3.6467,1.8387,1.8007,4.0946,1.9137,2.0681,4.3853,0.97682,2.0895,2.8325,0.066659,2.7978,2.8298,1.0876,1.9617,4.2609,1.6098,1.8062,3.9681,1.3818,1.5874,3.8361,0.91177,2.4641,2.7714,2.1027,2.5588,4.9214,1.9714,1.9906,4.4777,1.1587,3.0763,3.3909,1.4481,1.4667,4.2329,0.74284,1.9985,2.7433,2.1645,2.3804,3.7129,0.7023,2.1962,3.9468,1.9925,2.1302,3.4406,1.0829,2.1923,3.6348,2.5308,1.9992,4.4687,2.7097,2.3768,5.0143
0.018711,0.0034792,0.041558,437.01,430.37,446.97,0.002576,0.0029598,0.0020002,427.49,541.14,388.69,425.92,392.45,374.49,598.4,380.19,337.24,591.07,441.05,338.65,381.51,406.71,584.92,365.6,409.12,378.23,369.09,520.35,482.64,435.4,470.53,394.14,381.4,360.17,448.58,411.7,449.18,408.19,382.98,462.39,392.29,486.76,389.69,540.34,455.32,388.97,453.21,403.9,466.82,437.49,461.74,473.57,423.36,427.35,413.16,410.49,442.95,438.57,422.63,486.82,415.61,403.95,389.9,433.89,431.95,427.02,473.62,420.84,478.15,485.57,458.16,414.96,385.48,439.18,455.23,431.04,411.4,497.63,452.93,461.11,456.83,463.48,415.19,539.77,383.64,376.23,432.42,486.39,405.81,492.19,365.99,465.6,339.92,439.44,430.21,578.17,424.16,516.03,408.61,369.21,442.7,471.47,387.23,375.71,607.75,346.68,369.24,386.85,369.11,363.31,376.07,432.67,394.01,414.96,621.66,386.7,502.92,349.91,422.66,371.1,568.37,419.96,413.43,395.63,423.32,0.0026939,0.0046098,0.0035507,0.0033434,0.0030257,0.0036103,0.0049274,0.0033176,0.002863,0.0039262,0.0030442,0.0026769,0.0029441,0.0030116,0.003558,0.0027045,0.0026004,0.0026118,0.0025502,0.0036226,0.0030068,0.0029496,0.0031064,0.0025897,0.0027488,0.0023176,0.0032697,0.002821,0.002802,0.0025077,0.0023122,0.0033744,0.0025222,0.003039,0.002313,0.0033992,0.0031832,0.0025049,0.0029397,0.0023793,0.0029449,0.0027495,0.0030657,0.0028855,0.0027979,0.0026066,0.0028912,0.0025001,0.0032341,0.0029574,0.0027922,0.0032061,0.0025666,0.002715,0.0027046,0.0028913,0.0026828,0.0025906,0.003051,0.0028995,0.002916,0.0030556,0.0028553,0.0029339,0.0026941,0.0031141,0.002943,0.0027193,0.002441,0.0032282,0.0030512,0.002821,0.0029718,0.0031121,0.0026904,0.0034046,0.0023801,0.0023883,0.0029717,0.0032511,0.0025696,0.0033191,0.0023649,0.0029423,0.0022554,0.0028856,0.0028198,0.0036221,0.0026391,0.003598,0.0026809,0.0024068,0.002834,0.0030825,0.0026702,0.0026892,0.0037484,0.0025369,0.0027229,0.0027505,0.0026667,0.0030326,0.0028689,0.0031723,0.0033192,0.0034139,0.0040631,0.0030754,0.0038623,0.0034095,0.0029464,0.0035541,0.0038969,0.0033825,0.0032335,0.0031859,0.0032403,1126500.0,243970.0,543910.0,897930.0,154960.0,884250.0,637210.0,497140.0,600880.0,470440.0,2199100.0,656760.0,532120.0,532690.0,250490.0,1401800.0,673460.0,245580.0,254040.0,1290300.0,427640.0,207800.0,273130.0,428480.0,608220.0,1578700.0,175060.0,425570.0,377880.0,417270.0,293390.0,3787600.0,423450.0,158020.0,1375000.0,930330.0,1199100.0,695560.0,471560.0,324440.0,117670.0,937310.0,217790.0,123520.0,689650.0,593990.0,351120.0,792340.0,217420.0,186450.0,203970.0,275640.0,183910.0,822610.0,832810.0,910240.0,577750.0,664990.0,871250.0,235210.0,665660.0,391020.0,213720.0,493980.0,594780.0,407940.0,56070.0,634260.0,777530.0,384920.0,119010.0,250260.0,228950.0,264240.0,578610.0,361990.0,1560200.0,902160.0,661960.0,410430.0,290810.0,548110.0,522730.0,424020.0,361990.0,418260.0,482750.0,539330.0,1388400.0,881360.0,825760.0,1267400.0,208810.0,288760.0,588840.0,517740.0,360140.0,622030.0,555820.0,803670.0,578910.0,228560.0,407090.0,822410.0,514620.0,216170.0,485350.0,314550.0,162770.0,255700.0,1304700.0,384030.0,1036500.0,307280.0,401120.0,295300.0,593300.0,1.9508,2.3359,3.9941,2.9017,2.8371,4.5047,2.9999,2.8418,5.8099,1.2645,2.8579,3.6625,2.803,2.3316,4.2678,1.7812,1.6709,3.3863,1.772,1.6686,3.3869,0.39516,2.1312,3.2074,0.39771,2.1314,3.2075,1.0107,2.7141,2.8772,1.8189,2.5882,3.9995,3.0033,2.8415,5.8116,1.8967,1.9143,4.4932,1.8971,1.916,4.4926,2.0695,2.1457,4.6728,1.9432,2.5966,4.8868,1.2883,2.4858,3.9481,0.49829,2.471,2.4729,2.0531,3.0654,4.0011,0.39515,2.3721,3.4396,1.0056,2.0604,3.2732,2.546,2.2975,4.2911,4.6029,3.0026,0.48985,0.74478,2.4253,3.7689,1.7011,1.6012,4.1584,2.3212,2.7563,4.5923,1.6606,1.6813,4.2501,0.38958,1.9242,3.2043,2.1208,2.8133,4.5949,2.6401,2.4468,4.992,1.6015,2.4363,3.4694,1.659,1.6326,4.0834,1.8399,1.9874,3.727,1.4635,2.4594,3.3436,1.0779,2.2913,3.1573,1.2361,2.6902,3.3056,1.4673,1.8655,4.1178,1.0233,2.6039,4.0674,5.5409,2.9022,1.853,2.1663,2.5315,4.5377,0.76524,1.9869,3.3498,2.3494,2.1016,4.1928,2.3863,2.5132,4.4291,0.73917,2.4659,2.8457,0.0047443,2.6901,2.0488,2.6415,2.4451,4.9935,3.208,2.9386,6.1983,1.1412,2.5627,3.0672,1.6601,1.633,4.0898,1.2901,1.755,3.7991,1.7001,2.008,3.4517,0.53329,1.9771,3.2557,2.3178,2.1835,4.458,0.32478,2.2976,3.4116,0.21954,2.618,3.3402,0.55395,2.7865,3.2502,1.2658,2.5063,2.9775,0.44899,2.4497,2.7166,1.4728,2.0952,4.3483,1.3947,1.8081,4.2932,0.44294,2.4509,2.7121,0.44174,2.4478,2.7095,1.0484,2.1677,3.6614,1.5277,1.6177,3.2864,0.22157,2.6183,3.3399,2.976,2.869,5.893,1.9431,2.0519,3.9912,1.8898,1.9663,3.9054,2.142,2.1546,4.9814,1.2402,2.6257,2.8865,4.6793,2.9878,0.40415,0.69762,1.9306,2.9944,1.9025,1.9592,3.8847,1.192,1.847,3.6433,1.9778,1.8983,3.8192,0.46043,2.4504,2.5662,1.3915,2.156,3.1768,0.6371,1.9473,3.1196,0.50723,3.0395,2.425,6.1714,2.8634,2.5369,1.4397,2.2515,3.5653,4.6819,2.9894,0.40358,2.4259,2.3368,4.5577,2.1663,2.187,4.1016,1.1226,2.7994,3.6476,1.8915,1.9659,3.9072,2.6453,2.2918,4.7933,0.77761,2.142,3.9582,2.4679,2.7236,4.9914,1.6038,1.8362,4.2618,1.892,1.965,3.9077,2.4706,2.7237,4.9941,1.4426,2.3903,3.2586,5.9193,2.8788,2.2005,2.0132,1.9506,4.7518,1.1161,2.8012,3.643,1.37,2.3898,3.8399,1.1208,2.8007,3.6468,1.8386,1.8007,4.0946,1.9141,2.0681,4.3854,0.97661,2.0895,2.8325,0.066555,2.7979,2.8296,1.0877,1.9618,4.2609,1.6095,1.8063,3.9681,1.3819,1.5875,3.8361,0.91186,2.4643,2.7715,2.1022,2.559,4.9214,1.9712,1.9908,4.4779,1.1589,3.0764,3.3909,1.4483,1.4669,4.2329,0.74251,1.9986,2.7432,2.1653,2.3804,3.713,0.70332,2.1965,3.9471,1.9928,2.1304,3.4407,1.0829,2.1925,3.6346,2.5309,1.9993,4.4688,2.7094,2.377,5.0145
0.020345,0.0036172,0.045437,445.28,437.88,456.39,0.0026244,0.0030135,0.0020408,434.53,551.3,394.19,434.46,398.08,380.09,612.87,385.36,339.59,602.34,449.31,342.14,387.28,415.75,599.07,370.04,416.59,384.47,374.9,529.87,492.56,443.13,476.73,401.71,388.02,364.81,455.31,418.79,457.59,416.9,389.39,471.34,399.28,494.74,396.81,550.49,461.89,396.24,459.81,411.91,474.75,445.25,468.23,482.89,430.27,435.65,420.9,418.96,450.63,445.54,428.55,493.48,422.99,412.09,397.85,439.73,440.19,434.74,480.42,428.28,486.56,491.99,465.45,422.5,392.93,444.81,463.25,439.31,419.66,505.09,459.47,469.86,463.87,470.71,422.95,548.51,390.64,382.67,440.32,494.1,413.47,500.5,371.43,473.33,344.32,446.82,439.52,588.99,432.19,526.11,416.47,375.25,451.13,478.48,393.52,381.99,620.0,351.04,374.5,393.58,373.57,368.96,381.17,439.44,401.42,420.71,634.39,391.71,514.58,354.22,431.0,376.15,580.97,427.53,421.15,402.26,429.81,0.00274,0.0047157,0.0036175,0.0034204,0.0030726,0.0036864,0.0050585,0.0033743,0.002899,0.0040016,0.0031078,0.0027166,0.0029969,0.0030825,0.0036426,0.0027463,0.0026486,0.002664,0.0025904,0.0036854,0.0030698,0.0030024,0.0031532,0.0026383,0.0027957,0.0023511,0.0033253,0.0028713,0.0028565,0.0025597,0.0023478,0.0034392,0.0025645,0.0030892,0.0023524,0.003464,0.0032289,0.0025471,0.002983,0.0024232,0.0029944,0.002796,0.0031139,0.0029426,0.0028429,0.0026561,0.0029433,0.0025489,0.0032907,0.0030029,0.0028307,0.003249,0.0026104,0.0027658,0.0027557,0.0029304,0.0027313,0.0026346,0.0030915,0.0029486,0.0029648,0.0030985,0.002899,0.0029845,0.0027419,0.0031537,0.0029921,0.0027682,0.0024864,0.003273,0.0030955,0.0028733,0.0030138,0.00316,0.0027381,0.0034602,0.0024195,0.002428,0.0030245,0.0033034,0.0026192,0.0033763,0.0024014,0.0029908,0.0022879,0.0029327,0.002882,0.0036895,0.0026877,0.0036677,0.002731,0.0024489,0.0028875,0.00313,0.0027215,0.0027461,0.003826,0.0025853,0.0027684,0.0028024,0.00271,0.0030886,0.0029174,0.0032235,0.0033782,0.0034814,0.0041495,0.0031243,0.0039574,0.0034711,0.0030105,0.0036365,0.0039868,0.0034516,0.0033009,0.0032447,0.0033024,1126500.0,243970.0,543910.0,897930.0,154960.0,884250.0,637210.0,497140.0,600880.0,470440.0,2199100.0,656760.0,532120.0,532690.0,250490.0,1401800.0,673460.0,245580.0,254040.0,1290300.0,427640.0,207800.0,273130.0,428480.0,608220.0,1578700.0,175060.0,425570.0,377880.0,417270.0,293390.0,3787600.0,423450.0,158020.0,1375000.0,930330.0,1199100.0,695560.0,471560.0,324440.0,117670.0,937310.0,217790.0,123520.0,689650.0,593990.0,351120.0,792340.0,217420.0,186450.0,203970.0,275640.0,183910.0,822610.0,832810.0,910240.0,577750.0,664990.0,871250.0,235210.0,665660.0,391020.0,213720.0,493980.0,594780.0,407940.0,56070.0,634260.0,777530.0,384920.0,119010.0,250260.0,228950.0,264240.0,578610.0,361990.0,1560200.0,902160.0,661960.0,410430.0,290810.0,548110.0,522730.0,424020.0,361990.0,418260.0,482750.0,539330.0,1388400.0,881360.0,825760.0,1267400.0,208810.0,288760.0,588840.0,517740.0,360140.0,622030.0,555820.0,803670.0,578910.0,228560.0,407090.0,822410.0,514620.0,216170.0,485350.0,314550.0,162770.0,255700.0,1304700.0,384030.0,1036500.0,307280.0,401120.0,295300.0,593300.0,1.9508,2.3359,3.9942,2.9026,2.8371,4.5044,2.999,2.8417,5.8092,1.2648,2.8577,3.6627,2.8022,2.3317,4.2677,1.7807,1.6708,3.3862,1.7707,1.6686,3.3867,0.39504,2.1311,3.2076,0.39771,2.1314,3.2076,1.0109,2.7141,2.8772,1.819,2.5881,3.9994,3.003,2.8414,5.8115,1.8966,1.9143,4.4932,1.897,1.916,4.4926,2.0696,2.1458,4.6727,1.9433,2.5966,4.8868,1.2884,2.4859,3.948,0.49826,2.471,2.4729,2.0533,3.0653,4.0015,0.39513,2.372,3.4395,1.0056,2.0604,3.2732,2.5461,2.2975,4.2911,4.6033,3.0025,0.49025,0.7447,2.4253,3.7689,1.7011,1.6012,4.1584,2.3212,2.7562,4.5923,1.6606,1.6812,4.2501,0.38949,1.9242,3.2043,2.1207,2.8133,4.5948,2.6401,2.4467,4.9921,1.6015,2.4363,3.4694,1.6588,1.6326,4.0834,1.8398,1.9873,3.727,1.4634,2.4595,3.3437,1.0779,2.2913,3.1573,1.236,2.6901,3.3054,1.4673,1.8655,4.1177,1.0233,2.6039,4.0674,5.5403,2.9022,1.8525,2.1663,2.5315,4.5377,0.76518,1.9868,3.3498,2.3494,2.1016,4.1928,2.3862,2.5133,4.429,0.73912,2.4658,2.8456,0.0046398,2.6902,2.0487,2.6415,2.445,4.9935,3.208,2.9386,6.1984,1.1413,2.5627,3.0673,1.6601,1.6331,4.0899,1.2901,1.7549,3.799,1.7001,2.008,3.4518,0.53316,1.9771,3.2555,2.3177,2.1836,4.458,0.32474,2.2977,3.4116,0.21951,2.618,3.3402,0.55403,2.7866,3.2503,1.2659,2.5063,2.9777,0.44897,2.4497,2.7166,1.4728,2.0952,4.3482,1.3947,1.8081,4.2933,0.44293,2.4509,2.7121,0.44173,2.4477,2.7096,1.0485,2.1678,3.6615,1.5277,1.6177,3.2864,0.22153,2.6183,3.3399,2.9762,2.8689,5.8932,1.9431,2.0519,3.9914,1.8898,1.9663,3.9055,2.1419,2.1546,4.9814,1.2399,2.6257,2.8863,4.6782,2.9877,0.403,0.69754,1.9306,2.9943,1.9024,1.9592,3.8846,1.192,1.847,3.6433,1.9777,1.8983,3.8192,0.46049,2.4503,2.5662,1.3915,2.156,3.1769,0.63704,1.9473,3.1196,0.50711,3.0395,2.4249,6.1711,2.8634,2.5368,1.4396,2.2515,3.5653,4.6809,2.9893,0.40247,2.4259,2.3368,4.5577,2.1661,2.187,4.1015,1.1227,2.7994,3.6477,1.8915,1.9658,3.9073,2.6452,2.2918,4.7933,0.77733,2.142,3.9583,2.468,2.7235,4.9915,1.604,1.8362,4.2621,1.8921,1.9649,3.9079,2.4707,2.7237,4.9942,1.4423,2.3904,3.2585,5.919,2.8787,2.2004,2.0131,1.9506,4.7518,1.116,2.8012,3.6429,1.3699,2.3899,3.8398,1.1208,2.8008,3.6468,1.8384,1.8007,4.0946,1.9145,2.068,4.3856,0.97638,2.0896,2.8325,0.066433,2.7979,2.8293,1.0877,1.9619,4.261,1.6093,1.8063,3.968,1.382,1.5876,3.8361,0.91196,2.4644,2.7715,2.1016,2.5591,4.9213,1.971,1.991,4.4781,1.1593,3.0765,3.391,1.4486,1.4671,4.2329,0.74217,1.9987,2.7431,2.1661,2.3805,3.7131,0.70434,2.1968,3.9475,1.9931,2.1306,3.4408,1.083,2.1928,3.6344,2.531,1.9993,4.4689,2.7091,2.3771,5.0146
0.022784,0.0038313,0.051213,457.57,448.94,470.51,0.0026962,0.0030923,0.0021019,445.03,566.32,402.73,446.8,406.14,388.52,633.66,393.15,343.46,619.17,461.34,347.99,395.86,428.62,618.84,376.88,427.71,393.67,383.91,543.97,506.44,454.29,486.02,413.07,397.81,371.98,464.68,428.73,469.62,429.95,399.27,484.22,409.53,506.35,407.88,565.44,471.58,407.22,469.25,424.33,486.2,456.36,477.58,496.52,439.94,447.69,432.14,431.86,461.53,455.49,436.81,503.46,433.78,424.4,410.04,447.93,452.15,446.02,490.4,438.81,498.56,501.57,475.85,433.33,404.24,452.76,474.71,451.34,432.3,516.21,468.88,482.15,473.91,481.12,434.04,561.71,401.55,392.49,451.21,505.44,424.86,512.65,380.07,484.21,351.39,457.08,453.01,605.48,443.68,540.44,427.7,384.53,463.07,488.53,402.97,391.79,638.72,358.06,381.69,403.56,379.88,377.11,388.88,448.99,412.7,429.6,654.16,398.95,531.05,360.76,443.22,383.85,599.03,438.82,432.61,412.05,439.14,0.0028085,0.0048704,0.0037179,0.0035319,0.0031385,0.0037978,0.0052455,0.0034585,0.002953,0.0041146,0.0032005,0.002778,0.0030732,0.0031818,0.0037609,0.0028083,0.0027207,0.00274,0.0026527,0.0037787,0.0031579,0.0030777,0.003223,0.0027112,0.002865,0.002403,0.0034036,0.002942,0.0029351,0.002638,0.0024029,0.0035326,0.0026264,0.003162,0.0024141,0.0035591,0.0032959,0.0026108,0.0030447,0.0024919,0.0030654,0.0028619,0.0031841,0.0030263,0.0029055,0.002728,0.003019,0.0026233,0.0033709,0.0030675,0.0028841,0.0033131,0.0026748,0.0028425,0.0028347,0.0029849,0.0028009,0.0026986,0.0031506,0.0030173,0.003034,0.0031623,0.0029607,0.0030562,0.0028143,0.0032095,0.0030616,0.0028384,0.0025555,0.0033396,0.0031591,0.0029462,0.0030733,0.0032285,0.0028052,0.0035439,0.0024809,0.0024882,0.0030968,0.0033805,0.0026929,0.0034601,0.0024592,0.0030589,0.0023396,0.0029978,0.0029721,0.0037922,0.0027574,0.0037668,0.0028026,0.0025133,0.0029622,0.0031985,0.002798,0.002832,0.0039439,0.0026588,0.0028316,0.0028775,0.0027708,0.0031669,0.0029871,0.0032954,0.0034668,0.0035823,0.0042843,0.0031962,0.0040927,0.0035643,0.0031043,0.0037572,0.0041146,0.0035559,0.0034028,0.0033321,0.0033919,1126500.0,243970.0,543910.0,897930.0,154960.0,884250.0,637210.0,497140.0,600880.0,470440.0,2199100.0,656760.0,532120.0,532690.0,250490.0,1401800.0,673460.0,245580.0,254040.0,1290300.0,427640.0,207800.0,273130.0,428480.0,608220.0,1578700.0,175060.0,425570.0,377880.0,417270.0,293390.0,3787600.0,423450.0,158020.0,1375000.0,930330.0,1199100.0,695560.0,471560.0,324440.0,117670.0,937310.0,217790.0,123520.0,689650.0,593990.0,351120.0,792340.0,217420.0,186450.0,203970.0,275640.0,183910.0,822610.0,832810.0,910240.0,577750.0,664990.0,871250.0,235210.0,665660.0,391020.0,213720.0,493980.0,594780.0,407940.0,56070.0,634260.0,777530.0,384920.0,119010.0,250260.0,228950.0,264240.0,578610.0,361990.0,1560200.0,902160.0,661960.0,410430.0,290810.0,548110.0,522730.0,424020.0,361990.0,418260.0,482750.0,539330.0,1388400.0,881360.0,825760.0,1267400.0,208810.0,288760.0,588840.0,517740.0,360140.0,622030.0,555820.0,803670.0,578910.0,228560.0,407090.0,822410.0,514620.0,216170.0,485350.0,314550.0,162770.0,255700.0,1304700.0,384030.0,1036500.0,307280.0,401120.0,295300.0,593300.0,1.9506,2.3359,3.9942,2.904,2.8372,4.504,2.9978,2.8417,5.8083,1.2653,2.8574,3.6632,2.8011,2.3317,4.2677,1.78,1.6707,3.3861,1.7689,1.6685,3.3865,0.39484,2.1309,3.2078,0.39768,2.1313,3.2077,1.0114,2.7141,2.8771,1.8192,2.588,3.9992,3.0026,2.8414,5.8113,1.8965,1.9143,4.4933,1.8969,1.9161,4.4927,2.0697,2.1459,4.6726,1.9435,2.5966,4.8868,1.2885,2.4859,3.9479,0.49819,2.471,2.473,2.0535,3.0653,4.0018,0.39512,2.3719,3.4392,1.0057,2.0604,3.2731,2.5462,2.2976,4.2911,4.6038,3.0025,0.49069,0.74455,2.4254,3.7689,1.7011,1.6012,4.1583,2.3212,2.7562,4.5923,1.6606,1.6812,4.2501,0.38935,1.9242,3.2042,2.1205,2.8133,4.5946,2.6401,2.4467,4.9921,1.6015,2.4363,3.4694,1.6586,1.6326,4.0834,1.8398,1.9873,3.727,1.4633,2.4596,3.3438,1.0778,2.2913,3.1573,1.2358,2.6901,3.3051,1.4674,1.8654,4.1177,1.0232,2.604,4.0674,5.5397,2.9022,1.8521,2.1662,2.5315,4.5377,0.76512,1.9868,3.3497,2.3493,2.1017,4.1928,2.3862,2.5134,4.4291,0.73908,2.4657,2.8456,0.0044834,2.6903,2.0486,2.6415,2.445,4.9936,3.208,2.9386,6.1985,1.1413,2.5628,3.0674,1.66,1.6331,4.09,1.2901,1.7549,3.799,1.7001,2.008,3.4519,0.53299,1.9771,3.2554,2.3177,2.1836,4.458,0.32467,2.2977,3.4116,0.21944,2.618,3.3402,0.55409,2.7866,3.2505,1.2659,2.5064,2.9778,0.44896,2.4497,2.7166,1.4728,2.0951,4.3481,1.3947,1.8081,4.2933,0.44296,2.4508,2.7121,0.44174,2.4476,2.7096,1.0485,2.1679,3.6616,1.5276,1.6177,3.2864,0.22149,2.6183,3.3399,2.9764,2.8688,5.8935,1.9431,2.0518,3.9916,1.8898,1.9662,3.9056,2.1419,2.1545,4.9813,1.2395,2.6257,2.8861,4.677,2.9876,0.4017,0.69742,1.9306,2.9943,1.9023,1.9592,3.8846,1.1919,1.847,3.6432,1.9776,1.8982,3.8192,0.4606,2.4502,2.5662,1.3915,2.156,3.1769,0.63695,1.9473,3.1195,0.5071,3.0394,2.425,6.1707,2.8633,2.5366,1.4394,2.2515,3.5652,4.6798,2.9892,0.40125,2.4258,2.3367,4.5577,2.1658,2.1871,4.1015,1.1228,2.7994,3.6478,1.8915,1.9658,3.9074,2.6449,2.2919,4.7932,0.77691,2.142,3.9584,2.468,2.7234,4.9915,1.6042,1.8361,4.2624,1.8922,1.9648,3.908,2.4708,2.7236,4.9943,1.4419,2.3904,3.2584,5.9185,2.8786,2.2003,2.013,1.9506,4.7518,1.1158,2.8012,3.6429,1.3696,2.3901,3.8398,1.1209,2.8008,3.647,1.8382,1.8007,4.0946,1.9151,2.068,4.3858,0.97602,2.0896,2.8325,0.066275,2.798,2.829,1.0877,1.962,4.2611,1.6088,1.8064,3.968,1.3821,1.5877,3.8361,0.91211,2.4646,2.7716,2.1007,2.5593,4.9212,1.9707,1.9914,4.4783,1.1598,3.0766,3.3911,1.4489,1.4673,4.2328,0.74164,1.9988,2.743,2.1672,2.3806,3.7132,0.70579,2.1972,3.948,1.9935,2.1308,3.4409,1.0831,2.1931,3.6342,2.5312,1.9994,4.469,2.7086,2.3773,5.0147
0.024606,0.003992,0.055526,466.32,456.7,480.76,0.002747,0.0031474,0.0021463,452.41,576.61,408.92,455.5,411.68,394.42,648.48,398.87,346.35,630.95,469.69,352.28,401.89,437.58,632.24,381.83,435.56,400.09,390.41,553.79,515.76,461.9,492.47,421.16,404.59,377.12,470.87,435.48,477.77,439.35,406.42,493.26,416.58,514.57,416.06,575.79,478.19,415.01,475.82,433.49,493.96,463.87,483.82,505.94,446.5,456.14,439.82,441.27,469.12,462.11,442.42,510.28,441.24,433.18,418.85,453.55,460.55,453.83,497.14,446.06,506.62,508.03,483.09,440.71,412.36,458.26,482.73,459.69,441.53,523.76,475.49,490.34,480.58,488.04,441.57,570.74,409.58,399.6,458.38,513.08,433.07,521.28,386.56,491.4,356.66,464.06,462.53,616.73,451.63,550.44,435.34,391.2,471.36,495.15,409.82,399.08,651.19,363.26,386.55,410.49,384.41,382.72,394.32,455.59,420.93,436.03,666.45,404.12,542.56,365.36,452.35,389.16,611.77,446.89,440.86,419.13,445.95,0.0028565,0.0049758,0.0037904,0.0036105,0.0031834,0.0038763,0.0053782,0.0035194,0.002992,0.0041937,0.0032649,0.0028217,0.0031264,0.0032502,0.0038409,0.0028527,0.0027717,0.0027928,0.0026975,0.0038437,0.0032171,0.0031284,0.0032714,0.0027628,0.0029129,0.0024407,0.0034559,0.00299,0.0029886,0.0026946,0.0024428,0.003598,0.0026685,0.0032132,0.0024598,0.0036249,0.0033412,0.0026554,0.0030873,0.0025427,0.0031132,0.0029058,0.0032316,0.0030841,0.0029476,0.0027783,0.0030703,0.0026776,0.0034264,0.00311,0.0029201,0.0033567,0.0027191,0.0028965,0.0028916,0.003022,0.0028492,0.0027425,0.0031899,0.003064,0.0030799,0.0032052,0.0030033,0.0031047,0.0028662,0.0032478,0.0031098,0.0028861,0.0026059,0.0033842,0.0032034,0.0029945,0.0031121,0.0032739,0.00285,0.003601,0.002526,0.0025315,0.0031444,0.0034324,0.0027466,0.0035196,0.0025026,0.0031042,0.0023782,0.0030416,0.003036,0.0038624,0.0028056,0.0038359,0.002851,0.0025594,0.0030141,0.0032442,0.0028531,0.0028944,0.0040226,0.002712,0.0028749,0.0029291,0.0028134,0.0032203,0.0030352,0.0033454,0.0035307,0.0036554,0.0043675,0.0032471,0.0041883,0.0036313,0.0031729,0.0038429,0.0042046,0.0036314,0.0034768,0.0033949,0.003456,1126500.0,243970.0,543910.0,897930.0,154960.0,884250.0,637210.0,497140.0,600880.0,470440.0,2199100.0,656760.0,532120.0,532690.0,250490.0,1401800.0,673460.0,245580.0,254040.0,1290300.0,427640.0,207800.0,273130.0,428480.0,608220.0,1578700.0,175060.0,425570.0,377880.0,417270.0,293390.0,3787600.0,423450.0,158020.0,1375000.0,930330.0,1199100.0,695560.0,471560.0,324440.0,117670.0,937310.0,217790.0,123520.0,689650.0,593990.0,351120.0,792340.0,217420.0,186450.0,203970.0,275640.0,183910.0,822610.0,832810.0,910240.0,577750.0,664990.0,871250.0,235210.0,665660.0,391020.0,213720.0,493980.0,594780.0,407940.0,56070.0,634260.0,777530.0,384920.0,119010.0,250260.0,228950.0,264240.0,578610.0,361990.0,1560200.0,902160.0,661960.0,410430.0,290810.0,548110.0,522730.0,424020.0,361990.0,418260.0,482750.0,539330.0,1388400.0,881360.0,825760.0,1267400.0,208810.0,288760.0,588840.0,517740.0,360140.0,622030.0,555820.0,803670.0,578910.0,228560.0,407090.0,822410.0,514620.0,216170.0,485350.0,314550.0,162770.0,255700.0,1304700.0,384030.0,1036500.0,307280.0,401120.0,295300.0,593300.0,1.9506,2.336,3.9942,2.905,2.8372,4.5037,2.9969,2.8416,5.8075,1.2656,2.8572,3.6635,2.8003,2.3318,4.2676,1.7795,1.6706,3.386,1.7676,1.6684,3.3863,0.39468,2.1308,3.2081,0.39764,2.1313,3.2079,1.0117,2.7141,2.8771,1.8193,2.5879,3.9991,3.0022,2.8414,5.8112,1.8965,1.9144,4.4933,1.8968,1.9161,4.4927,2.0698,2.146,4.6725,1.9436,2.5966,4.8868,1.2886,2.4859,3.9479,0.49814,2.471,2.473,2.0536,3.0653,4.002,0.39512,2.3719,3.4391,1.0058,2.0605,3.2731,2.5463,2.2976,4.2912,4.6041,3.0024,0.49087,0.74443,2.4254,3.7689,1.7011,1.6012,4.1583,2.3211,2.7562,4.5923,1.6607,1.6812,4.2501,0.38924,1.9242,3.2042,2.1204,2.8133,4.5944,2.64,2.4467,4.9921,1.6015,2.4363,3.4694,1.6584,1.6326,4.0834,1.8398,1.9873,3.727,1.4631,2.4596,3.3438,1.0778,2.2913,3.1573,1.2357,2.69,3.305,1.4674,1.8654,4.1177,1.0232,2.604,4.0674,5.5394,2.9021,1.8518,2.1662,2.5315,4.5377,0.76507,1.9868,3.3496,2.3493,2.1017,4.1928,2.3863,2.5134,4.4291,0.73908,2.4657,2.8457,0.004371,2.6903,2.0485,2.6414,2.445,4.9935,3.2081,2.9387,6.1986,1.1412,2.5628,3.0674,1.6599,1.6332,4.09,1.2901,1.7549,3.799,1.7001,2.0079,3.4519,0.53286,1.9771,3.2553,2.3176,2.1836,4.458,0.32461,2.2977,3.4115,0.21939,2.618,3.3402,0.55412,2.7867,3.2505,1.2659,2.5064,2.9779,0.44897,2.4497,2.7166,1.4727,2.0951,4.3481,1.3946,1.8081,4.2934,0.44299,2.4508,2.7122,0.44177,2.4476,2.7097,1.0485,2.168,3.6616,1.5276,1.6177,3.2864,0.22144,2.6183,3.3399,2.9765,2.8687,5.8937,1.9431,2.0518,3.9917,1.8898,1.9662,3.9056,2.1418,2.1545,4.9813,1.2393,2.6258,2.8861,4.6763,2.9875,0.40096,0.69734,1.9307,2.9942,1.9022,1.9591,3.8846,1.1918,1.8469,3.6432,1.9776,1.8982,3.8191,0.4607,2.4501,2.5663,1.3915,2.156,3.1769,0.63689,1.9473,3.1195,0.50723,3.0394,2.4252,6.1704,2.8633,2.5364,1.4392,2.2515,3.5652,4.6793,2.9891,0.4006,2.4258,2.3367,4.5577,2.1655,2.1871,4.1015,1.1229,2.7994,3.6479,1.8914,1.9657,3.9075,2.6447,2.2919,4.7932,0.7766,2.1421,3.9586,2.4679,2.7234,4.9915,1.6044,1.8361,4.2626,1.8923,1.9648,3.908,2.4709,2.7236,4.9943,1.4417,2.3904,3.2583,5.918,2.8786,2.2002,2.0129,1.9506,4.7518,1.1157,2.8012,3.6429,1.3695,2.3902,3.8398,1.1211,2.8008,3.6471,1.838,1.8007,4.0946,1.9155,2.0679,4.3859,0.97575,2.0897,2.8325,0.066174,2.798,2.8287,1.0878,1.9621,4.2612,1.6085,1.8064,3.9679,1.3822,1.5877,3.8361,0.91222,2.4648,2.7717,2.1001,2.5595,4.9211,1.9705,1.9916,4.4785,1.1602,3.0767,3.3913,1.4492,1.4674,4.2328,0.74124,1.9989,2.7429,2.168,2.3806,3.7132,0.70683,2.1974,3.9483,1.9938,2.131,3.441,1.0832,2.1934,3.634,2.5314,1.9994,4.4691,2.7082,2.3775,5.0148
0.02642,0.0041585,0.059813,475.15,464.61,490.96,0.0027985,0.0032038,0.0021907,460.08,586.69,415.34,464.25,417.25,400.44,662.89,404.85,349.61,642.64,477.95,357.23,408.28,446.69,645.11,387.21,443.41,406.98,397.28,563.64,524.81,469.7,499.17,429.45,411.52,382.68,477.03,442.18,485.82,448.7,413.89,502.29,423.77,523.02,424.59,586.24,485.05,423.2,482.71,443.01,501.86,471.4,490.19,515.39,453.15,464.54,447.64,450.9,476.94,468.99,448.12,517.45,448.72,442.62,428.21,459.27,469.09,461.64,504.11,453.39,514.67,514.77,490.38,447.95,420.78,463.86,490.89,468.42,451.01,531.61,482.32,498.32,487.34,495.13,449.26,580.12,418.15,407.25,465.5,520.89,441.31,530.15,393.69,498.51,362.46,471.11,472.06,628.2,459.45,560.37,442.94,398.22,479.51,501.76,417.21,406.96,663.75,369.03,391.66,417.49,388.91,388.33,400.04,462.12,429.47,442.67,678.89,409.34,553.78,370.1,461.45,394.61,624.21,455.08,449.17,426.33,452.72,0.0029067,0.0050791,0.0038638,0.003689,0.0032279,0.003954,0.0055063,0.0035813,0.0030323,0.0042724,0.0033284,0.0028694,0.0031819,0.0033195,0.0039179,0.0028991,0.0028232,0.0028487,0.0027457,0.0039093,0.0032752,0.0031811,0.0033215,0.0028168,0.0029629,0.0024815,0.0035084,0.0030386,0.0030423,0.0027516,0.0024851,0.0036637,0.0027126,0.0032663,0.0025078,0.0036913,0.0033887,0.0027036,0.003133,0.002596,0.0031623,0.0029505,0.0032803,0.0031426,0.0029912,0.0028288,0.0031237,0.0027336,0.0034843,0.0031555,0.0029571,0.0034029,0.0027647,0.0029569,0.0029536,0.0030603,0.0028981,0.0027867,0.0032314,0.0031115,0.0031263,0.0032502,0.0030462,0.0031524,0.0029207,0.0032872,0.0031593,0.0029376,0.0026578,0.0034314,0.0032498,0.0030419,0.0031522,0.003321,0.0028969,0.0036606,0.002575,0.0025791,0.0031928,0.003486,0.0028014,0.0035811,0.0025503,0.0031494,0.00242,0.0030865,0.0031008,0.0039341,0.0028537,0.003905,0.0029006,0.0026079,0.0030648,0.00329,0.0029119,0.0029596,0.0041016,0.0027673,0.0029208,0.0029806,0.0028549,0.0032726,0.0030842,0.0033949,0.0035968,0.0037283,0.0044524,0.0032984,0.0042814,0.0036986,0.0032408,0.0039268,0.0042921,0.0037075,0.0035516,0.0034584,0.0035186,1126500.0,243970.0,543910.0,897930.0,154960.0,884250.0,637210.0,497140.0,600880.0,470440.0,2199100.0,656760.0,532120.0,532690.0,250490.0,1401800.0,673460.0,245580.0,254040.0,1290300.0,427640.0,207800.0,273130.0,428480.0,608220.0,1578700.0,175060.0,425570.0,377880.0,417270.0,293390.0,3787600.0,423450.0,158020.0,1375000.0,930330.0,1199100.0,695560.0,471560.0,324440.0,117670.0,937310.0,217790.0,123520.0,689650.0,593990.0,351120.0,792340.0,217420.0,186450.0,203970.0,275640.0,183910.0,822610.0,832810.0,910240.0,577750.0,664990.0,871250.0,235210.0,665660.0,391020.0,213720.0,493980.0,594780.0,407940.0,56070.0,634260.0,777530.0,384920.0,119010.0,250260.0,228950.0,264240.0,578610.0,361990.0,1560200.0,902160.0,661960.0,410430.0,290810.0,548110.0,522730.0,424020.0,361990.0,418260.0,482750.0,539330.0,1388400.0,881360.0,825760.0,1267400.0,208810.0,288760.0,588840.0,517740.0,360140.0,622030.0,555820.0,803670.0,578910.0,228560.0,407090.0,822410.0,514620.0,216170.0,485350.0,314550.0,162770.0,255700.0,1304700.0,384030.0,1036500.0,307280.0,401120.0,295300.0,593300.0,1.9505,2.336,3.9942,2.906,2.8372,4.5035,2.9959,2.8415,5.8068,1.266,2.857,3.6638,2.7996,2.3318,4.2676,1.7791,1.6705,3.3859,1.7663,1.6684,3.3862,0.39452,2.1307,3.2083,0.39759,2.1312,3.208,1.012,2.7141,2.8771,1.8194,2.5878,3.999,3.0019,2.8413,5.811,1.8964,1.9144,4.4933,1.8967,1.9161,4.4927,2.0699,2.1461,4.6724,1.9438,2.5967,4.8868,1.2887,2.4859,3.9478,0.4981,2.4709,2.4731,2.0539,3.0653,4.0025,0.3951,2.3718,3.4389,1.0058,2.0605,3.273,2.5464,2.2977,4.2912,4.6045,3.0024,0.49126,0.74431,2.4254,3.7689,1.7011,1.6012,4.1583,2.3211,2.7562,4.5923,1.6607,1.6812,4.2501,0.38912,1.9243,3.2042,2.1202,2.8133,4.5942,2.6399,2.4467,4.9921,1.6014,2.4363,3.4695,1.6582,1.6326,4.0834,1.8398,1.9873,3.7269,1.463,2.4597,3.3439,1.0777,2.2914,3.1573,1.2355,2.6899,3.3048,1.4674,1.8654,4.1176,1.0231,2.604,4.0674,5.5388,2.9021,1.8514,2.1662,2.5315,4.5377,0.76502,1.9868,3.3496,2.3493,2.1017,4.1927,2.3862,2.5135,4.4291,0.73905,2.4656,2.8456,0.0042437,2.6904,2.0484,2.6414,2.4449,4.9936,3.2082,2.9387,6.1987,1.1412,2.5628,3.0674,1.6598,1.6332,4.0901,1.2901,1.7548,3.799,1.7,2.0079,3.452,0.53272,1.9771,3.2552,2.3176,2.1836,4.458,0.32456,2.2978,3.4115,0.21934,2.618,3.3402,0.5542,2.7867,3.2507,1.266,2.5064,2.978,0.44897,2.4496,2.7167,1.4727,2.095,4.348,1.3946,1.8082,4.2934,0.44302,2.4507,2.7122,0.44179,2.4475,2.7097,1.0486,2.1681,3.6617,1.5276,1.6177,3.2863,0.22141,2.6183,3.3399,2.9767,2.8686,5.8939,1.9432,2.0517,3.9918,1.8897,1.9661,3.9056,2.1418,2.1545,4.9813,1.239,2.6258,2.8859,4.6751,2.9875,0.3998,0.69724,1.9307,2.9941,1.9021,1.9591,3.8845,1.1918,1.8469,3.6432,1.9775,1.8982,3.8191,0.4608,2.45,2.5663,1.3915,2.156,3.177,0.63683,1.9473,3.1195,0.50718,3.0393,2.4252,6.17,2.8633,2.5363,1.4391,2.2515,3.5651,4.6784,2.989,0.39954,2.4258,2.3367,4.5577,2.1653,2.1872,4.1014,1.123,2.7994,3.648,1.8914,1.9657,3.9076,2.6446,2.2919,4.7932,0.77627,2.142,3.9587,2.4679,2.7233,4.9915,1.6046,1.8361,4.2628,1.8924,1.9647,3.9081,2.471,2.7235,4.9944,1.4413,2.3904,3.2583,5.9176,2.8785,2.2001,2.0129,1.9507,4.7518,1.1156,2.8012,3.6428,1.3693,2.3904,3.8398,1.1212,2.8008,3.6472,1.8378,1.8008,4.0946,1.9159,2.0679,4.3861,0.97546,2.0897,2.8325,0.066059,2.7981,2.8285,1.0878,1.9623,4.2613,1.6082,1.8064,3.9678,1.3823,1.5878,3.8361,0.91234,2.4649,2.7717,2.0995,2.5596,4.921,1.9703,1.9918,4.4787,1.1608,3.0767,3.3915,1.4495,1.4676,4.2328,0.74083,1.999,2.7428,2.1688,2.3807,3.7133,0.70787,2.1977,3.9487,1.9942,2.1311,3.4411,1.0833,2.1936,3.6338,2.5315,1.9994,4.4691,2.7079,2.3776,5.0149
0.029127,0.0044189,0.066188,488.66,476.62,506.72,0.002877,0.0032888,0.0022595,471.83,602.16,425.53,477.43,425.93,409.8,684.23,414.07,355.02,660.75,490.36,365.31,418.12,460.1,664.02,395.65,455.08,417.39,407.87,578.78,537.9,481.2,509.83,441.74,421.64,391.53,486.3,451.87,497.51,462.56,425.52,515.82,434.21,535.96,438.12,602.2,495.68,435.5,493.25,457.9,513.8,482.44,499.97,529.57,462.92,476.92,459.05,465.69,488.68,479.23,456.7,528.68,459.78,456.74,442.44,467.97,481.9,473.33,514.91,464.3,526.61,525.36,501.49,458.55,433.52,472.49,503.3,481.23,465.51,543.89,492.94,509.83,497.58,505.91,460.24,594.93,431.49,418.8,475.6,533.03,453.55,543.9,405.02,509.07,371.85,481.62,485.75,646.41,470.89,575.42,453.87,409.04,491.23,511.94,428.24,419.18,683.87,378.3,398.75,428.25,395.61,396.9,409.05,471.63,442.7,453.28,699.67,417.05,570.52,377.68,474.85,403.26,642.85,467.76,461.86,437.29,462.43,0.0029828,0.005237,0.0039772,0.003807,0.0032955,0.0040712,0.0056942,0.0036762,0.0030952,0.0043945,0.0034236,0.0029432,0.0032655,0.0034201,0.0040309,0.0029699,0.0029,0.0029307,0.0028196,0.0040106,0.0033592,0.0032577,0.0033999,0.0028964,0.0030359,0.0025461,0.0035867,0.0031089,0.0031203,0.0028366,0.0025513,0.0037622,0.0027764,0.0033469,0.0025845,0.0037926,0.0034617,0.0027754,0.0032022,0.0026797,0.0032357,0.0030152,0.0033546,0.00323,0.0030548,0.002903,0.0032012,0.0028198,0.0035708,0.0032225,0.0030125,0.0034753,0.0028319,0.0030464,0.0030479,0.0031179,0.0029705,0.0028523,0.0032956,0.0031816,0.0031945,0.0033201,0.0031113,0.0032213,0.003003,0.0033476,0.0032345,0.0030119,0.0027369,0.0035052,0.0033215,0.0031097,0.0032128,0.0033921,0.0029626,0.0037544,0.0026514,0.0026503,0.0032609,0.0035691,0.0028831,0.0036764,0.0026263,0.0032162,0.0024871,0.0031533,0.0031934,0.0040479,0.002924,0.0040099,0.0029721,0.0026821,0.0031368,0.0033604,0.0029985,0.0030579,0.0042278,0.0028521,0.0029849,0.0030582,0.0029157,0.0033505,0.0031585,0.0034664,0.0037002,0.0038401,0.004595,0.003377,0.0044202,0.0038037,0.003342,0.0040531,0.0044218,0.0038261,0.0036684,0.0035573,0.0036107,1126500.0,243970.0,543910.0,897930.0,154960.0,884250.0,637210.0,497140.0,600880.0,470440.0,2199100.0,656760.0,532120.0,532690.0,250490.0,1401800.0,673460.0,245580.0,254040.0,1290300.0,427640.0,207800.0,273130.0,428480.0,608220.0,1578700.0,175060.0,425570.0,377880.0,417270.0,293390.0,3787600.0,423450.0,158020.0,1375000.0,930330.0,1199100.0,695560.0,471560.0,324440.0,117670.0,937310.0,217790.0,123520.0,689650.0,593990.0,351120.0,792340.0,217420.0,186450.0,203970.0,275640.0,183910.0,822610.0,832810.0,910240.0,577750.0,664990.0,871250.0,235210.0,665660.0,391020.0,213720.0,493980.0,594780.0,407940.0,56070.0,634260.0,777530.0,384920.0,119010.0,250260.0,228950.0,264240.0,578610.0,361990.0,1560200.0,902160.0,661960.0,410430.0,290810.0,548110.0,522730.0,424020.0,361990.0,418260.0,482750.0,539330.0,1388400.0,881360.0,825760.0,1267400.0,208810.0,288760.0,588840.0,517740.0,360140.0,622030.0,555820.0,803670.0,578910.0,228560.0,407090.0,822410.0,514620.0,216170.0,485350.0,314550.0,162770.0,255700.0,1304700.0,384030.0,1036500.0,307280.0,401120.0,295300.0,593300.0,1.9503,2.336,3.9942,2.9075,2.8373,4.5031,2.9946,2.8415,5.8058,1.2666,2.8566,3.6643,2.7985,2.3319,4.2676,1.7783,1.6704,3.3857,1.7645,1.6683,3.3859,0.39426,2.1306,3.2085,0.3975,2.1312,3.2081,1.0125,2.7142,2.8771,1.8196,2.5877,3.9988,3.0014,2.8412,5.8108,1.8963,1.9145,4.4933,1.8965,1.9162,4.4927,2.07,2.1462,4.6723,1.944,2.5968,4.8869,1.2888,2.4859,3.9476,0.49802,2.4709,2.4732,2.0543,3.0653,4.003,0.3951,2.3717,3.4386,1.006,2.0605,3.2729,2.5466,2.2977,4.2912,4.6051,3.0023,0.49168,0.7441,2.4255,3.7689,1.7012,1.6012,4.1583,2.3211,2.7561,4.5923,1.6607,1.6812,4.25,0.38894,1.9243,3.2042,2.1199,2.8133,4.5939,2.6399,2.4466,4.9921,1.6014,2.4363,3.4695,1.658,1.6326,4.0834,1.8398,1.9872,3.7269,1.4628,2.4598,3.344,1.0777,2.2914,3.1573,1.2353,2.6899,3.3045,1.4675,1.8654,4.1176,1.0231,2.604,4.0673,5.5381,2.9021,1.8508,2.1661,2.5315,4.5377,0.76494,1.9868,3.3495,2.3493,2.1017,4.1927,2.3863,2.5135,4.4292,0.73903,2.4655,2.8457,0.0040537,2.6904,2.0482,2.6413,2.4448,4.9935,3.2083,2.9387,6.199,1.1412,2.5628,3.0675,1.6597,1.6333,4.0902,1.2901,1.7547,3.7989,1.7,2.0079,3.452,0.53251,1.977,3.255,2.3175,2.1837,4.4581,0.32445,2.2978,3.4115,0.21925,2.618,3.3402,0.55431,2.7868,3.2509,1.2661,2.5065,2.9781,0.449,2.4496,2.7167,1.4727,2.0949,4.3479,1.3946,1.8082,4.2935,0.4431,2.4506,2.7123,0.44184,2.4474,2.7098,1.0486,2.1682,3.6618,1.5275,1.6177,3.2863,0.22135,2.6183,3.3399,2.9769,2.8685,5.8942,1.9432,2.0516,3.992,1.8897,1.9661,3.9057,2.1417,2.1545,4.9813,1.2386,2.6258,2.8857,4.6738,2.9873,0.39837,0.69709,1.9307,2.994,1.9019,1.959,3.8845,1.1917,1.8469,3.6431,1.9774,1.8981,3.819,0.46097,2.4499,2.5664,1.3915,2.1559,3.177,0.63673,1.9473,3.1195,0.50725,3.0393,2.4253,6.1695,2.8632,2.536,1.4389,2.2515,3.5651,4.6774,2.9889,0.39833,2.4257,2.3367,4.5577,2.1649,2.1873,4.1014,1.1231,2.7994,3.6481,1.8914,1.9656,3.9076,2.6443,2.292,4.7932,0.77576,2.1421,3.9588,2.4679,2.7231,4.9915,1.6049,1.8361,4.2632,1.8925,1.9646,3.9082,2.4711,2.7234,4.9944,1.4409,2.3905,3.2581,5.9169,2.8784,2.2,2.0127,1.9507,4.7518,1.1154,2.8012,3.6428,1.3691,2.3906,3.8398,1.1214,2.8009,3.6473,1.8375,1.8008,4.0946,1.9165,2.0678,4.3863,0.975,2.0898,2.8325,0.06593,2.7982,2.8281,1.0878,1.9624,4.2614,1.6076,1.8065,3.9678,1.3825,1.5879,3.8361,0.91253,2.4651,2.7719,2.0984,2.5598,4.9208,1.9699,1.9921,4.479,1.1616,3.0768,3.3919,1.4499,1.4678,4.2327,0.74021,1.9991,2.7427,2.1699,2.3808,3.7134,0.70937,2.1981,3.9492,1.9947,2.1314,3.4412,1.0835,2.194,3.6335,2.5317,1.9995,4.4692,2.7072,2.3778,5.0149
0.031147,0.0046078,0.070956,497.58,484.32,517.47,0.0029285,0.0033432,0.0023063,479.26,612.09,431.96,485.85,431.32,415.63,698.97,420.16,358.41,672.7,498.51,370.2,424.19,468.73,676.43,401.04,462.57,423.84,414.5,588.74,546.14,488.42,516.72,449.43,427.81,397.15,492.0,457.7,504.69,471.43,433.14,524.65,440.54,544.41,447.31,612.7,502.41,443.31,499.87,467.99,521.32,489.2,505.99,538.68,468.82,484.7,466.08,475.52,496.16,485.48,461.86,535.82,466.65,465.77,451.72,473.22,490.06,480.75,521.67,471.09,534.03,531.94,508.47,465.15,441.79,477.73,511.2,489.17,475.3,551.66,499.64,516.88,503.87,512.56,466.99,604.41,440.34,426.25,481.73,540.64,461.64,552.89,412.61,515.57,377.98,488.09,494.74,658.0,477.9,585.25,460.32,415.76,498.95,518.18,435.46,427.37,696.19,384.23,403.13,434.83,400.07,402.0,414.57,477.94,451.47,459.99,710.97,422.22,581.58,382.21,484.33,408.41,655.36,475.93,470.12,444.61,469.56,0.0030305,0.0053384,0.0040524,0.003884,0.0033378,0.0041488,0.0058246,0.0037399,0.0031359,0.004475,0.0034865,0.0029887,0.0033183,0.0034849,0.0041047,0.0030157,0.0029495,0.0029816,0.0028652,0.0040771,0.0034121,0.0033053,0.0034509,0.0029454,0.0030802,0.0025878,0.0036358,0.0031511,0.0031685,0.0028909,0.0025944,0.0038262,0.0028138,0.0033991,0.0026364,0.0038589,0.0035075,0.0028196,0.0032453,0.0027363,0.0032813,0.0030537,0.0034014,0.0032859,0.0030925,0.002949,0.0032482,0.0028763,0.0036256,0.0032625,0.003045,0.0035209,0.0028734,0.0031017,0.0031086,0.0031521,0.003015,0.002893,0.0033349,0.003224,0.003236,0.0033635,0.0031512,0.0032632,0.0030556,0.0033837,0.0032815,0.0030557,0.0027896,0.0035511,0.0033663,0.0031505,0.0032492,0.003436,0.0030018,0.0038143,0.0027008,0.0026953,0.0033024,0.0036215,0.0029378,0.0037385,0.0026772,0.0032576,0.0025314,0.0031934,0.0032548,0.0041203,0.0029666,0.0040781,0.0030134,0.002728,0.0031844,0.0034042,0.0030551,0.0031232,0.0043053,0.0029071,0.0030256,0.0031057,0.0029555,0.0033985,0.0032046,0.0035142,0.0037686,0.0039151,0.0046716,0.0034295,0.0045141,0.0038726,0.0034118,0.0041373,0.0045095,0.0039051,0.0037461,0.0036232,0.003676,1126500.0,243970.0,543910.0,897930.0,154960.0,884250.0,637210.0,497140.0,600880.0,470440.0,2199100.0,656760.0,532120.0,532690.0,250490.0,1401800.0,673460.0,245580.0,254040.0,1290300.0,427640.0,207800.0,273130.0,428480.0,608220.0,1578700.0,175060.0,425570.0,377880.0,417270.0,293390.0,3787600.0,423450.0,158020.0,1375000.0,930330.0,1199100.0,695560.0,471560.0,324440.0,117670.0,937310.0,217790.0,123520.0,689650.0,593990.0,351120.0,792340.0,217420.0,186450.0,203970.0,275640.0,183910.0,822610.0,832810.0,910240.0,577750.0,664990.0,871250.0,235210.0,665660.0,391020.0,213720.0,493980.0,594780.0,407940.0,56070.0,634260.0,777530.0,384920.0,119010.0,250260.0,228950.0,264240.0,578610.0,361990.0,1560200.0,902160.0,661960.0,410430.0,290810.0,548110.0,522730.0,424020.0,361990.0,418260.0,482750.0,539330.0,1388400.0,881360.0,825760.0,1267400.0,208810.0,288760.0,588840.0,517740.0,360140.0,622030.0,555820.0,803670.0,578910.0,228560.0,407090.0,822410.0,514620.0,216170.0,485350.0,314550.0,162770.0,255700.0,1304700.0,384030.0,1036500.0,307280.0,401120.0,295300.0,593300.0,1.9502,2.3361,3.9942,2.9086,2.8373,4.5029,2.9936,2.8414,5.805,1.2671,2.8564,3.6647,2.7977,2.3319,4.2675,1.7778,1.6703,3.3856,1.7631,1.6683,3.3857,0.39406,2.1305,3.2087,0.39743,2.1312,3.2082,1.0128,2.7142,2.877,1.8197,2.5876,3.9987,3.001,2.8412,5.8107,1.8962,1.9145,4.4933,1.8964,1.9163,4.4928,2.0701,2.1464,4.6722,1.9442,2.5968,4.8869,1.2889,2.4859,3.9476,0.49796,2.4709,2.4732,2.0544,3.0653,4.0033,0.39509,2.3717,3.4384,1.0061,2.0606,3.2729,2.5467,2.2978,4.2912,4.6054,3.0022,0.49193,0.74393,2.4255,3.7688,1.7012,1.6012,4.1583,2.3211,2.7561,4.5923,1.6607,1.6812,4.25,0.38879,1.9243,3.2041,2.1198,2.8133,4.5937,2.6398,2.4466,4.9921,1.6014,2.4363,3.4695,1.6577,1.6326,4.0833,1.8398,1.9872,3.7269,1.4626,2.4598,3.344,1.0776,2.2914,3.1573,1.2352,2.6898,3.3043,1.4675,1.8654,4.1176,1.023,2.604,4.0673,5.5377,2.902,1.8506,2.166,2.5315,4.5377,0.76489,1.9869,3.3494,2.3493,2.1017,4.1927,2.3863,2.5136,4.4292,0.73904,2.4654,2.8457,0.003913,2.6905,2.0481,2.6412,2.4448,4.9935,3.2084,2.9387,6.1991,1.1412,2.5628,3.0675,1.6596,1.6333,4.0902,1.2901,1.7547,3.7989,1.7,2.0078,3.452,0.53236,1.977,3.2548,2.3175,2.1837,4.4581,0.32437,2.2979,3.4114,0.21918,2.618,3.3402,0.55434,2.7868,3.251,1.266,2.5065,2.9782,0.44904,2.4496,2.7168,1.4727,2.0949,4.3479,1.3945,1.8081,4.2935,0.44317,2.4506,2.7124,0.44191,2.4474,2.7098,1.0487,2.1682,3.6618,1.5275,1.6176,3.2863,0.2213,2.6183,3.3399,2.9771,2.8685,5.8944,1.9432,2.0515,3.9921,1.8897,1.966,3.9057,2.1417,2.1545,4.9813,1.2384,2.6259,2.8856,4.6731,2.9872,0.39765,0.69698,1.9307,2.9939,1.9018,1.959,3.8845,1.1917,1.8468,3.6431,1.9774,1.898,3.819,0.46112,2.4498,2.5665,1.3914,2.1559,3.177,0.63666,1.9473,3.1195,0.5075,3.0392,2.4256,6.1691,2.8632,2.5358,1.4387,2.2515,3.5651,4.677,2.9888,0.39779,2.4257,2.3367,4.5577,2.1647,2.1874,4.1014,1.1232,2.7994,3.6482,1.8913,1.9656,3.9077,2.6441,2.292,4.7932,0.7754,2.1421,3.959,2.4677,2.7231,4.9914,1.6051,1.8361,4.2634,1.8926,1.9646,3.9082,2.4711,2.7233,4.9944,1.4405,2.3905,3.2581,5.9164,2.8783,2.1998,2.0127,1.9507,4.7518,1.1153,2.8012,3.6428,1.369,2.3907,3.8398,1.1215,2.8009,3.6475,1.8373,1.8008,4.0947,1.917,2.0678,4.3864,0.97467,2.0898,2.8325,0.065872,2.7982,2.8279,1.0879,1.9625,4.2615,1.6073,1.8065,3.9677,1.3827,1.5879,3.8361,0.91267,2.4653,2.7719,2.0977,2.5599,4.9207,1.9696,1.9924,4.4792,1.1622,3.0769,3.3922,1.4502,1.4679,4.2327,0.73975,1.9992,2.7427,2.1708,2.3809,3.7134,0.71046,2.1984,3.9495,1.9951,2.1316,3.4413,1.0836,2.1943,3.6333,2.5318,1.9995,4.4692,2.7068,2.378,5.015
0.033159,0.0048057,0.07569,506.98,492.63,528.5,0.0029832,0.0034023,0.0023546,487.49,622.07,438.91,494.89,437.17,421.89,713.62,426.79,362.41,684.82,506.87,376.01,430.97,477.92,688.94,407.17,470.3,431.38,421.84,599.1,554.68,496.17,524.27,457.53,434.41,403.73,498.23,464.07,512.29,480.42,441.35,533.94,447.37,553.7,457.15,623.76,509.87,451.86,507.51,478.68,529.61,496.53,512.69,548.4,475.52,492.96,473.72,485.97,504.55,492.64,467.89,543.74,474.02,475.99,461.94,479.31,499.08,488.72,529.18,478.68,542.06,539.24,516.26,472.08,450.7,483.81,520.02,498.17,485.54,560.15,507.31,524.31,510.78,519.81,474.41,614.66,450.22,434.76,488.35,548.85,470.2,562.77,421.36,522.5,385.06,495.4,504.1,670.24,485.39,595.67,467.31,423.26,506.85,524.89,443.62,436.53,709.15,391.21,408.3,441.94,404.82,407.49,420.78,484.49,460.88,467.2,723.35,427.67,592.85,387.26,493.9,414.02,668.04,484.62,478.81,452.33,476.62,0.0030842,0.0054408,0.0041305,0.0039648,0.003383,0.004228,0.005953,0.0038069,0.00318,0.0045569,0.0035504,0.0030405,0.003376,0.0035536,0.0041795,0.0030658,0.0030013,0.0030395,0.0029173,0.004147,0.0034677,0.0033577,0.0035063,0.0029986,0.0031295,0.0026363,0.0036893,0.0031986,0.0032207,0.0029472,0.0026419,0.0038941,0.0028568,0.0034571,0.0026927,0.0039292,0.0035591,0.0028705,0.0032962,0.002797,0.0033324,0.0030971,0.0034532,0.0033463,0.0031371,0.002999,0.0033011,0.0029377,0.0036879,0.0033104,0.0030845,0.0035722,0.0029196,0.0031687,0.0031783,0.003193,0.0030655,0.0029378,0.0033799,0.0032728,0.0032821,0.0034118,0.0031968,0.0033081,0.003114,0.0034266,0.0033356,0.0031089,0.0028453,0.0036023,0.0034186,0.0031946,0.0032904,0.0034845,0.003047,0.0038794,0.0027582,0.0027493,0.0033486,0.0036783,0.002997,0.0038074,0.0027364,0.0033023,0.002582,0.0032406,0.0033196,0.0041969,0.0030135,0.0041511,0.0030608,0.0027798,0.0032331,0.0034511,0.0031186,0.0031944,0.0043867,0.0029677,0.0030727,0.0031566,0.0029968,0.0034487,0.0032549,0.0035635,0.0038423,0.0039916,0.0047566,0.0034844,0.0046088,0.0039443,0.0034822,0.0042219,0.0045978,0.0039874,0.0038272,0.0036921,0.0037404,1126500.0,243970.0,543910.0,897930.0,154960.0,884250.0,637210.0,497140.0,600880.0,470440.0,2199100.0,656760.0,532120.0,532690.0,250490.0,1401800.0,673460.0,245580.0,254040.0,1290300.0,427640.0,207800.0,273130.0,428480.0,608220.0,1578700.0,175060.0,425570.0,377880.0,417270.0,293390.0,3787600.0,423450.0,158020.0,1375000.0,930330.0,1199100.0,695560.0,471560.0,324440.0,117670.0,937310.0,217790.0,123520.0,689650.0,593990.0,351120.0,792340.0,217420.0,186450.0,203970.0,275640.0,183910.0,822610.0,832810.0,910240.0,577750.0,664990.0,871250.0,235210.0,665660.0,391020.0,213720.0,493980.0,594780.0,407940.0,56070.0,634260.0,777530.0,384920.0,119010.0,250260.0,228950.0,264240.0,578610.0,361990.0,1560200.0,902160.0,661960.0,410430.0,290810.0,548110.0,522730.0,424020.0,361990.0,418260.0,482750.0,539330.0,1388400.0,881360.0,825760.0,1267400.0,208810.0,288760.0,588840.0,517740.0,360140.0,622030.0,555820.0,803670.0,578910.0,228560.0,407090.0,822410.0,514620.0,216170.0,485350.0,314550.0,162770.0,255700.0,1304700.0,384030.0,1036500.0,307280.0,401120.0,295300.0,593300.0,1.9501,2.3361,3.9943,2.9097,2.8373,4.5026,2.9927,2.8413,5.8043,1.2675,2.8562,3.6651,2.7969,2.332,4.2675,1.7773,1.6703,3.3855,1.7618,1.6683,3.3856,0.39386,2.1304,3.2089,0.39734,2.1311,3.2083,1.0132,2.7142,2.877,1.8198,2.5875,3.9986,3.0005,2.8411,5.8105,1.8962,1.9146,4.4933,1.8963,1.9163,4.4928,2.0703,2.1465,4.6722,1.9444,2.5969,4.8869,1.289,2.486,3.9475,0.49792,2.4708,2.4733,2.0549,3.0653,4.0039,0.3951,2.3716,3.4382,1.0062,2.0606,3.2728,2.5468,2.2979,4.2912,4.6058,3.0021,0.49221,0.74378,2.4255,3.7688,1.7012,1.6012,4.1583,2.321,2.7561,4.5922,1.6607,1.6812,4.25,0.38865,1.9243,3.2041,2.1195,2.8132,4.5935,2.6397,2.4466,4.9921,1.6014,2.4363,3.4695,1.6575,1.6326,4.0834,1.8397,1.9872,3.7268,1.4625,2.4599,3.3442,1.0776,2.2914,3.1574,1.235,2.6897,3.304,1.4676,1.8653,4.1175,1.0229,2.6041,4.0673,5.537,2.902,1.85,2.166,2.5314,4.5377,0.76484,1.9869,3.3493,2.3493,2.1018,4.1927,2.3863,2.5136,4.4293,0.73905,2.4653,2.8457,0.0037668,2.6906,2.0479,2.6412,2.4448,4.9935,3.2085,2.9388,6.1993,1.1412,2.5629,3.0675,1.6595,1.6333,4.0903,1.2901,1.7546,3.7989,1.7,2.0078,3.4521,0.5322,1.977,3.2547,2.3174,2.1838,4.4581,0.32429,2.2979,3.4113,0.21911,2.618,3.3401,0.55448,2.7869,3.2512,1.2661,2.5066,2.9783,0.44907,2.4496,2.7168,1.4727,2.0948,4.3478,1.3945,1.8081,4.2936,0.44324,2.4505,2.7125,0.44197,2.4473,2.7099,1.0487,2.1683,3.6619,1.5274,1.6176,3.2863,0.22125,2.6183,3.3399,2.9773,2.8684,5.8947,1.9432,2.0514,3.9923,1.8897,1.9659,3.9057,2.1417,2.1545,4.9813,1.2381,2.6259,2.8855,4.6718,2.9872,0.39627,0.69685,1.9308,2.9938,1.9017,1.959,3.8844,1.1916,1.8468,3.6431,1.9773,1.898,3.819,0.46125,2.4497,2.5665,1.3914,2.1559,3.1771,0.63658,1.9473,3.1194,0.50747,3.0392,2.4256,6.1686,2.8632,2.5356,1.4385,2.2515,3.565,4.676,2.9887,0.39663,2.4256,2.3367,4.5577,2.1644,2.1874,4.1013,1.1233,2.7994,3.6483,1.8913,1.9655,3.9078,2.6439,2.292,4.7931,0.77502,2.1421,3.9591,2.4677,2.723,4.9914,1.6053,1.836,4.2636,1.8927,1.9645,3.9083,2.4713,2.7233,4.9945,1.4402,2.3906,3.258,5.9159,2.8782,2.1997,2.0126,1.9507,4.7518,1.1151,2.8012,3.6427,1.3688,2.3909,3.8399,1.1217,2.8009,3.6476,1.8371,1.8009,4.0947,1.9175,2.0678,4.3865,0.97432,2.0899,2.8325,0.065767,2.7983,2.8276,1.0879,1.9627,4.2616,1.6069,1.8065,3.9676,1.3828,1.588,3.8361,0.91281,2.4654,2.772,2.097,2.56,4.9206,1.9694,1.9926,4.4794,1.1628,3.0769,3.3925,1.4506,1.4681,4.2327,0.7393,1.9993,2.7427,2.1716,2.381,3.7134,0.71154,2.1987,3.9499,1.9954,2.1317,3.4414,1.0838,2.1945,3.6331,2.5319,1.9996,4.4693,2.7064,2.3781,5.015
0.036158,0.0051156,0.082722,521.65,505.48,545.92,0.0030682,0.0034929,0.0024311,500.2,637.86,450.12,508.93,446.72,432.01,736.02,437.14,368.93,703.86,519.81,385.27,441.7,492.0,708.21,416.94,481.85,443.07,433.06,615.36,567.64,507.86,536.44,469.46,444.05,414.22,508.15,473.8,523.71,493.6,454.06,548.38,457.34,568.28,472.84,641.1,521.7,464.49,519.49,495.29,542.54,507.66,523.38,563.31,485.81,505.4,485.16,501.98,517.55,503.73,477.37,556.41,485.2,491.03,477.09,488.9,512.92,501.03,541.15,490.33,554.5,551.0,528.45,482.69,464.08,493.46,533.67,511.55,501.25,573.77,519.4,535.63,521.73,531.29,485.32,631.17,465.33,447.36,498.35,562.06,482.98,578.25,435.05,533.39,396.41,506.69,517.63,690.08,496.62,611.87,477.63,434.61,518.64,535.74,455.81,450.6,730.61,402.35,415.94,453.08,412.44,416.17,430.84,494.36,475.64,478.85,745.53,436.28,610.28,395.57,508.03,423.16,687.52,498.45,492.38,464.42,486.84,0.0031658,0.0056029,0.0042539,0.0040893,0.0034556,0.0043518,0.0061476,0.0039113,0.003249,0.0046854,0.0036484,0.0031202,0.0034657,0.0036578,0.0042945,0.0031435,0.0030784,0.003126,0.0029957,0.0042571,0.0035516,0.0034361,0.0035941,0.0030762,0.0032013,0.0027124,0.0037727,0.0032703,0.0032983,0.0030299,0.0027156,0.0039994,0.0029187,0.0035475,0.0027831,0.0040389,0.0036403,0.0029447,0.0033753,0.0028918,0.0034114,0.0031621,0.0035346,0.0034382,0.0032048,0.0030739,0.0033797,0.0030312,0.0037838,0.0033836,0.0031458,0.0036539,0.0029893,0.0032658,0.0032812,0.0032563,0.0031417,0.0030065,0.0034517,0.0033471,0.0033531,0.0034888,0.0032676,0.0033761,0.003201,0.003494,0.003419,0.0031861,0.0029302,0.0036846,0.0035004,0.0032609,0.0033557,0.003561,0.0031122,0.003984,0.0028452,0.0028278,0.0034176,0.0037692,0.0030851,0.0039147,0.0028287,0.0033713,0.0026625,0.0033127,0.0034121,0.0043209,0.0030835,0.0042643,0.0031301,0.0028572,0.0033046,0.0035262,0.0032109,0.0033009,0.004521,0.0030606,0.0031407,0.0032352,0.003061,0.0035265,0.003334,0.0036365,0.0039587,0.0041114,0.0049099,0.0035717,0.004755,0.0040583,0.0035876,0.0043527,0.0047321,0.0041172,0.0039545,0.0038006,0.0038365,1126500.0,243970.0,543910.0,897930.0,154960.0,884250.0,637210.0,497140.0,600880.0,470440.0,2199100.0,656760.0,532120.0,532690.0,250490.0,1401800.0,673460.0,245580.0,254040.0,1290300.0,427640.0,207800.0,273130.0,428480.0,608220.0,1578700.0,175060.0,425570.0,377880.0,417270.0,293390.0,3787600.0,423450.0,158020.0,1375000.0,930330.0,1199100.0,695560.0,471560.0,324440.0,117670.0,937310.0,217790.0,123520.0,689650.0,593990.0,351120.0,792340.0,217420.0,186450.0,203970.0,275640.0,183910.0,822610.0,832810.0,910240.0,577750.0,664990.0,871250.0,235210.0,665660.0,391020.0,213720.0,493980.0,594780.0,407940.0,56070.0,634260.0,777530.0,384920.0,119010.0,250260.0,228950.0,264240.0,578610.0,361990.0,1560200.0,902160.0,661960.0,410430.0,290810.0,548110.0,522730.0,424020.0,361990.0,418260.0,482750.0,539330.0,1388400.0,881360.0,825760.0,1267400.0,208810.0,288760.0,588840.0,517740.0,360140.0,622030.0,555820.0,803670.0,578910.0,228560.0,407090.0,822410.0,514620.0,216170.0,485350.0,314550.0,162770.0,255700.0,1304700.0,384030.0,1036500.0,307280.0,401120.0,295300.0,593300.0,1.9498,2.3362,3.9943,2.9113,2.8374,4.5023,2.9913,2.8412,5.8032,1.2682,2.8559,3.6656,2.7958,2.3321,4.2675,1.7766,1.6702,3.3854,1.7598,1.6682,3.3853,0.39354,2.1303,3.2092,0.39721,2.1311,3.2085,1.0136,2.7143,2.8769,1.82,2.5874,3.9984,2.9999,2.841,5.8102,1.896,1.9147,4.4933,1.896,1.9164,4.4928,2.0705,2.1467,4.6721,1.9447,2.597,4.887,1.2892,2.486,3.9473,0.49783,2.4707,2.4733,2.0555,3.0653,4.0048,0.3951,2.3715,3.4379,1.0063,2.0607,3.2728,2.547,2.2979,4.2913,4.6063,3.002,0.49261,0.74351,2.4256,3.7687,1.7012,1.6012,4.1582,2.3209,2.7561,4.5921,1.6607,1.6811,4.2501,0.38842,1.9244,3.204,2.1192,2.8132,4.5931,2.6396,2.4465,4.9921,1.6014,2.4363,3.4696,1.6572,1.6326,4.0834,1.8397,1.9871,3.7268,1.4623,2.46,3.3443,1.0775,2.2914,3.1574,1.2347,2.6896,3.3037,1.4676,1.8653,4.1175,1.0228,2.6041,4.0672,5.5361,2.9019,1.8494,2.1659,2.5314,4.5377,0.76475,1.9869,3.3492,2.3493,2.1018,4.1927,2.3864,2.5137,4.4294,0.73907,2.4652,2.8457,0.0035451,2.6906,2.0477,2.6411,2.4447,4.9934,3.2087,2.9388,6.1996,1.1411,2.5629,3.0676,1.6594,1.6334,4.0904,1.2901,1.7545,3.7989,1.7,2.0077,3.4522,0.53195,1.977,3.2545,2.3173,2.1838,4.4582,0.32415,2.298,3.4112,0.21897,2.618,3.3401,0.55463,2.7869,3.2515,1.2662,2.5066,2.9785,0.44915,2.4495,2.7169,1.4727,2.0948,4.3477,1.3944,1.8081,4.2936,0.44337,2.4505,2.7126,0.44209,2.4472,2.71,1.0488,2.1685,3.662,1.5274,1.6176,3.2863,0.22117,2.6183,3.3398,2.9775,2.8683,5.895,1.9432,2.0512,3.9925,1.8896,1.9658,3.9057,2.1416,2.1544,4.9812,1.2376,2.626,2.8853,4.6703,2.987,0.39467,0.69667,1.9308,2.9936,1.9016,1.9589,3.8844,1.1915,1.8467,3.643,1.9772,1.8979,3.8189,0.46147,2.4496,2.5666,1.3914,2.1558,3.1771,0.63646,1.9473,3.1194,0.50766,3.0391,2.4258,6.1679,2.8632,2.5352,1.4382,2.2515,3.5649,4.675,2.9886,0.39541,2.4256,2.3367,4.5577,2.164,2.1876,4.1013,1.1234,2.7994,3.6485,1.8912,1.9654,3.9079,2.6436,2.292,4.7931,0.77445,2.1421,3.9593,2.4675,2.7228,4.9912,1.6057,1.8359,4.264,1.8928,1.9644,3.9084,2.4714,2.7232,4.9946,1.4396,2.3906,3.2579,5.9152,2.8781,2.1995,2.0125,1.9508,4.7517,1.115,2.8012,3.6427,1.3686,2.3911,3.8399,1.122,2.8009,3.6479,1.8368,1.801,4.0947,1.9182,2.0677,4.3867,0.97379,2.0899,2.8326,0.065685,2.7983,2.8272,1.088,1.9629,4.2618,1.6063,1.8065,3.9675,1.383,1.5881,3.8361,0.91304,2.4656,2.7721,2.0958,2.5602,4.9203,1.9689,1.9929,4.4796,1.1639,3.077,3.3931,1.451,1.4683,4.2326,0.73861,1.9995,2.7426,2.1728,2.3811,3.7135,0.71312,2.1991,3.9504,1.996,2.132,3.4415,1.084,2.1949,3.6328,2.5321,1.9996,4.4693,2.7057,2.3784,5.015
0.038158,0.0053135,0.087425,529.89,512.49,555.98,0.0031157,0.0035429,0.002475,507.04,646.29,455.93,516.57,451.59,437.12,749.08,442.95,372.43,714.59,526.92,389.93,447.28,499.76,719.03,422.21,487.95,449.46,438.94,624.49,574.59,514.03,543.07,475.65,448.88,419.92,513.3,478.82,529.61,500.52,460.97,556.41,462.34,576.56,481.85,650.93,528.09,471.24,526.12,504.76,549.59,513.46,528.98,571.54,491.27,512.1,491.17,511.03,524.89,509.62,482.41,563.27,491.06,499.42,485.53,493.98,520.71,507.68,547.53,496.73,561.12,557.14,535.19,488.23,471.41,498.62,541.39,518.9,510.14,581.04,526.17,541.48,527.38,537.21,491.08,640.08,473.94,454.37,503.54,568.97,490.14,587.15,442.89,538.99,402.68,512.85,525.3,700.55,502.53,621.12,482.91,440.58,525.31,541.26,462.62,458.55,741.18,408.42,420.11,458.97,416.44,420.48,435.96,500.04,483.91,485.06,754.19,440.74,620.1,399.69,516.71,427.66,698.81,505.88,499.84,471.14,493.5,0.0032099,0.0056895,0.004322,0.0041596,0.003493,0.0044202,0.0062618,0.0039715,0.0032878,0.0047579,0.0037037,0.0031618,0.0035141,0.003716,0.0043588,0.0031866,0.0031202,0.0031736,0.003037,0.0043187,0.0035972,0.0034777,0.0036429,0.0031164,0.0032381,0.002755,0.0038175,0.0033079,0.0033396,0.0030738,0.0027556,0.0040579,0.0029496,0.0035986,0.002835,0.0041012,0.003684,0.0029835,0.0034193,0.0029456,0.0034541,0.0031953,0.0035787,0.003489,0.0032408,0.003114,0.003421,0.0030837,0.003838,0.0034224,0.0031781,0.003698,0.0030263,0.0033197,0.0033385,0.0032898,0.0031834,0.003043,0.0034894,0.0033873,0.0033902,0.0035293,0.0033061,0.0034107,0.0032483,0.0035299,0.0034659,0.0032276,0.0029775,0.0037278,0.0035461,0.0032951,0.0033888,0.0036009,0.0031464,0.0040406,0.0028942,0.0028718,0.0034543,0.0038173,0.0031361,0.0039766,0.0028823,0.0034079,0.0027081,0.0033518,0.003466,0.0043864,0.0031203,0.004329,0.0031659,0.0028985,0.0033463,0.0035654,0.0032633,0.0033617,0.0045877,0.0031125,0.0031795,0.003277,0.0030959,0.0035672,0.0033758,0.0036797,0.0040247,0.004179,0.0049687,0.0036194,0.0048391,0.0041217,0.0036512,0.0044261,0.0048105,0.0041912,0.0040278,0.0038629,0.0038969,1126500.0,243970.0,543910.0,897930.0,154960.0,884250.0,637210.0,497140.0,600880.0,470440.0,2199100.0,656760.0,532120.0,532690.0,250490.0,1401800.0,673460.0,245580.0,254040.0,1290300.0,427640.0,207800.0,273130.0,428480.0,608220.0,1578700.0,175060.0,425570.0,377880.0,417270.0,293390.0,3787600.0,423450.0,158020.0,1375000.0,930330.0,1199100.0,695560.0,471560.0,324440.0,117670.0,937310.0,217790.0,123520.0,689650.0,593990.0,351120.0,792340.0,217420.0,186450.0,203970.0,275640.0,183910.0,822610.0,832810.0,910240.0,577750.0,664990.0,871250.0,235210.0,665660.0,391020.0,213720.0,493980.0,594780.0,407940.0,56070.0,634260.0,777530.0,384920.0,119010.0,250260.0,228950.0,264240.0,578610.0,361990.0,1560200.0,902160.0,661960.0,410430.0,290810.0,548110.0,522730.0,424020.0,361990.0,418260.0,482750.0,539330.0,1388400.0,881360.0,825760.0,1267400.0,208810.0,288760.0,588840.0,517740.0,360140.0,622030.0,555820.0,803670.0,578910.0,228560.0,407090.0,822410.0,514620.0,216170.0,485350.0,314550.0,162770.0,255700.0,1304700.0,384030.0,1036500.0,307280.0,401120.0,295300.0,593300.0,1.9497,2.3362,3.9943,2.9124,2.8374,4.5021,2.9904,2.8411,5.8025,1.2687,2.8557,3.666,2.795,2.3321,4.2676,1.7761,1.6702,3.3853,1.7585,1.6682,3.3852,0.39332,2.1302,3.2094,0.39711,2.1311,3.2086,1.014,2.7143,2.8769,1.8201,2.5873,3.9983,2.9995,2.8409,5.8101,1.8959,1.9148,4.4933,1.8959,1.9165,4.4929,2.0706,2.1468,4.672,1.9449,2.5971,4.887,1.2893,2.486,3.9472,0.49777,2.4707,2.4734,2.0559,3.0652,4.0053,0.39511,2.3715,3.4377,1.0064,2.0607,3.2727,2.5472,2.298,4.2913,4.6066,3.0019,0.49281,0.74333,2.4256,3.7687,1.7012,1.6012,4.1582,2.3208,2.756,4.5921,1.6608,1.6811,4.2501,0.38826,1.9244,3.204,2.1189,2.8132,4.5928,2.6395,2.4465,4.9921,1.6014,2.4364,3.4696,1.657,1.6326,4.0834,1.8397,1.987,3.7268,1.4621,2.4601,3.3444,1.0775,2.2914,3.1574,1.2346,2.6896,3.3035,1.4677,1.8653,4.1175,1.0227,2.6041,4.0672,5.5355,2.9019,1.8489,2.1658,2.5314,4.5377,0.76469,1.987,3.3491,2.3493,2.1018,4.1927,2.3864,2.5138,4.4294,0.73911,2.4651,2.8458,0.0033972,2.6907,2.0476,2.641,2.4446,4.9934,3.2089,2.9388,6.1999,1.1411,2.563,3.0676,1.6593,1.6334,4.0905,1.2901,1.7545,3.7988,1.6999,2.0076,3.4522,0.53179,1.977,3.2543,2.3173,2.1839,4.4583,0.32405,2.298,3.4111,0.21888,2.618,3.34,0.55474,2.7869,3.2517,1.2662,2.5067,2.9786,0.44921,2.4495,2.717,1.4727,2.0947,4.3477,1.3944,1.8081,4.2936,0.44348,2.4504,2.7127,0.44218,2.4471,2.7101,1.0489,2.1685,3.662,1.5274,1.6176,3.2862,0.22111,2.6183,3.3398,2.9776,2.8682,5.8952,1.9432,2.0511,3.9926,1.8896,1.9657,3.9058,2.1416,2.1544,4.9812,1.2374,2.626,2.8852,4.6693,2.987,0.39361,0.69654,1.9309,2.9935,1.9015,1.9589,3.8844,1.1915,1.8467,3.643,1.9771,1.8978,3.8188,0.46164,2.4495,2.5667,1.3914,2.1558,3.1772,0.63639,1.9473,3.1193,0.50783,3.039,2.426,6.1675,2.8632,2.535,1.4381,2.2515,3.5648,4.6744,2.9885,0.39461,2.4256,2.3367,4.5577,2.1637,2.1876,4.1013,1.1235,2.7994,3.6486,1.8912,1.9653,3.9079,2.6434,2.2921,4.7931,0.77408,2.1422,3.9595,2.4674,2.7227,4.9911,1.6059,1.8359,4.2642,1.8929,1.9643,3.9084,2.4714,2.7231,4.9946,1.4393,2.3907,3.2578,5.9147,2.878,2.1994,2.0124,1.9508,4.7517,1.1149,2.8011,3.6427,1.3685,2.3913,3.8399,1.1222,2.8009,3.6481,1.8365,1.801,4.0947,1.9186,2.0677,4.3868,0.97344,2.09,2.8326,0.065638,2.7984,2.827,1.088,1.963,4.2619,1.606,1.8066,3.9675,1.3831,1.5881,3.8361,0.91319,2.4657,2.7722,2.0952,2.5603,4.9202,1.9686,1.9931,4.4798,1.1646,3.077,3.3935,1.4513,1.4685,4.2326,0.73816,1.9996,2.7426,2.1736,2.3811,3.7135,0.71415,2.1994,3.9508,1.9964,2.1322,3.4416,1.0841,2.1952,3.6326,2.5323,1.9996,4.4693,2.7053,2.3785,5.0151
0.04114,0.0056309,0.094403,544.06,524.74,573.05,0.0031976,0.0036293,0.0025501,519.13,660.94,466.66,529.98,460.83,446.75,770.23,453.17,379.07,732.63,539.04,398.79,457.64,513.18,737.23,431.9,498.24,461.11,449.37,640.07,586.66,524.77,555.02,486.19,457.29,430.35,522.89,488.09,540.08,511.95,472.81,570.27,471.13,591.0,497.31,667.75,539.63,482.57,538.1,520.59,562.19,523.87,539.4,585.74,501.3,523.73,501.74,526.15,537.74,520.46,491.89,575.69,501.46,513.43,499.38,503.49,534.25,519.46,559.22,508.07,573.05,568.56,547.25,498.14,483.69,508.28,554.85,531.64,524.97,594.27,538.29,552.04,537.89,548.15,501.18,656.12,488.42,466.22,512.94,581.65,502.11,602.5,456.4,549.28,413.89,523.9,537.65,719.5,512.93,636.9,492.38,451.02,536.33,551.66,474.31,471.98,761.34,419.43,427.67,469.59,423.93,428.61,445.67,509.46,498.11,496.37,774.65,449.02,636.66,407.69,530.19,436.29,717.42,519.09,512.71,482.75,503.27,0.0032871,0.0058406,0.0044397,0.004278,0.0035624,0.004537,0.0064439,0.0040733,0.0033552,0.0048798,0.0037956,0.0032365,0.0035999,0.0038148,0.0044672,0.0032619,0.0031897,0.0032567,0.0031098,0.0044248,0.0036757,0.0035506,0.0037286,0.0031853,0.0033026,0.0028303,0.0038978,0.0033766,0.0034114,0.0031468,0.0028247,0.004159,0.0030049,0.0036878,0.002925,0.0042076,0.0037633,0.0030503,0.0034985,0.0030361,0.0035306,0.0032561,0.0036579,0.0035765,0.0033074,0.0031841,0.0034943,0.0031719,0.0039329,0.0034942,0.0032394,0.0037781,0.0030922,0.0034113,0.003434,0.0033525,0.0032572,0.0031087,0.0035597,0.0034598,0.0034582,0.0036038,0.0033759,0.0034737,0.0033287,0.0035974,0.0035488,0.0033011,0.0030569,0.0038079,0.0036281,0.0033569,0.0034518,0.0036744,0.003207,0.0041423,0.0029774,0.0029462,0.00352,0.0039048,0.0032198,0.004083,0.002974,0.0034734,0.002788,0.0034227,0.0035511,0.0045048,0.0031855,0.0044394,0.0032305,0.0029697,0.0034136,0.0036372,0.00335,0.0034612,0.0047138,0.003201,0.0032455,0.0033512,0.0031576,0.0036398,0.0034511,0.0037491,0.0041378,0.0042935,0.0051105,0.003704,0.0049787,0.004231,0.0037513,0.0045486,0.004938,0.0043163,0.0041503,0.0039679,0.0039884,1126500.0,243970.0,543910.0,897930.0,154960.0,884250.0,637210.0,497140.0,600880.0,470440.0,2199100.0,656760.0,532120.0,532690.0,250490.0,1401800.0,673460.0,245580.0,254040.0,1290300.0,427640.0,207800.0,273130.0,428480.0,608220.0,1578700.0,175060.0,425570.0,377880.0,417270.0,293390.0,3787600.0,423450.0,158020.0,1375000.0,930330.0,1199100.0,695560.0,471560.0,324440.0,117670.0,937310.0,217790.0,123520.0,689650.0,593990.0,351120.0,792340.0,217420.0,186450.0,203970.0,275640.0,183910.0,822610.0,832810.0,910240.0,577750.0,664990.0,871250.0,235210.0,665660.0,391020.0,213720.0,493980.0,594780.0,407940.0,56070.0,634260.0,777530.0,384920.0,119010.0,250260.0,228950.0,264240.0,578610.0,361990.0,1560200.0,902160.0,661960.0,410430.0,290810.0,548110.0,522730.0,424020.0,361990.0,418260.0,482750.0,539330.0,1388400.0,881360.0,825760.0,1267400.0,208810.0,288760.0,588840.0,517740.0,360140.0,622030.0,555820.0,803670.0,578910.0,228560.0,407090.0,822410.0,514620.0,216170.0,485350.0,314550.0,162770.0,255700.0,1304700.0,384030.0,1036500.0,307280.0,401120.0,295300.0,593300.0,1.9495,2.3363,3.9943,2.914,2.8375,4.5018,2.9891,2.841,5.8015,1.2694,2.8554,3.6666,2.794,2.3322,4.2676,1.7754,1.6701,3.3851,1.7566,1.6682,3.385,0.39299,2.1301,3.2096,0.39695,2.1311,3.2087,1.0145,2.7144,2.8768,1.8203,2.5872,3.9981,2.9988,2.8408,5.8098,1.8958,1.9149,4.4933,1.8957,1.9167,4.4929,2.0708,2.147,4.6719,1.9452,2.5972,4.887,1.2895,2.4861,3.947,0.49768,2.4706,2.4735,2.0567,3.0652,4.0063,0.39511,2.3714,3.4374,1.0066,2.0608,3.2726,2.5474,2.2981,4.2913,4.6071,3.0018,0.49315,0.74304,2.4257,3.7686,1.7011,1.6012,4.1582,2.3207,2.756,4.592,1.6608,1.6811,4.2501,0.38803,1.9244,3.2039,2.1186,2.8131,4.5924,2.6394,2.4464,4.9921,1.6013,2.4364,3.4696,1.6567,1.6326,4.0834,1.8397,1.9869,3.7267,1.4619,2.4602,3.3446,1.0774,2.2914,3.1574,1.2343,2.6895,3.3032,1.4678,1.8653,4.1175,1.0226,2.6042,4.0671,5.5346,2.9018,1.8483,2.1657,2.5314,4.5377,0.7646,1.987,3.3489,2.3493,2.1019,4.1927,2.3865,2.5139,4.4295,0.73916,2.4649,2.8459,0.0031723,2.6908,2.0474,2.6408,2.4445,4.9933,3.2091,2.9389,6.2002,1.141,2.563,3.0676,1.6592,1.6335,4.0906,1.2901,1.7544,3.7988,1.6999,2.0076,3.4522,0.53154,1.977,3.2541,2.3172,2.184,4.4583,0.3239,2.2981,3.411,0.21873,2.618,3.34,0.55492,2.787,3.252,1.2663,2.5067,2.9788,0.44932,2.4495,2.7171,1.4726,2.0946,4.3476,1.3943,1.8081,4.2937,0.44364,2.4504,2.7129,0.44233,2.4471,2.7103,1.049,2.1686,3.6621,1.5273,1.6176,3.2862,0.22101,2.6183,3.3397,2.9778,2.8681,5.8955,1.9432,2.051,3.9928,1.8896,1.9656,3.9058,2.1416,2.1544,4.9812,1.237,2.6261,2.885,4.6678,2.9868,0.39202,0.69635,1.931,2.9933,1.9013,1.9588,3.8844,1.1914,1.8467,3.643,1.977,1.8977,3.8188,0.46189,2.4493,2.5668,1.3913,2.1557,3.1772,0.63627,1.9473,3.1192,0.50808,3.039,2.4263,6.1668,2.8631,2.5347,1.4378,2.2515,3.5648,4.6735,2.9884,0.39347,2.4256,2.3366,4.5577,2.1633,2.1877,4.1013,1.1237,2.7994,3.6488,1.8911,1.9652,3.908,2.6431,2.2921,4.7931,0.77351,2.1422,3.9597,2.4672,2.7226,4.9909,1.6062,1.8358,4.2645,1.8931,1.9642,3.9085,2.4715,2.723,4.9946,1.4388,2.3907,3.2577,5.9139,2.8779,2.1992,2.0123,1.9508,4.7517,1.1147,2.8011,3.6427,1.3683,2.3915,3.8399,1.1226,2.801,3.6483,1.8362,1.8011,4.0948,1.9193,2.0677,4.387,0.97291,2.09,2.8326,0.065594,2.7984,2.8267,1.0881,1.9632,4.2621,1.6054,1.8066,3.9674,1.3833,1.5882,3.8361,0.91342,2.4659,2.7723,2.094,2.5604,4.9199,1.9682,1.9934,4.4801,1.1657,3.0771,3.3942,1.4518,1.4686,4.2325,0.73749,1.9997,2.7426,2.1747,2.3812,3.7136,0.71567,2.1998,3.9513,1.997,2.1324,3.4417,1.0843,2.1955,3.6324,2.5324,1.9997,4.4693,2.7046,2.3787,5.015
0.044102,0.0059459,0.10134,557.18,535.9,589.1,0.0032733,0.0037083,0.0026206,530.03,674.02,476.26,542.18,469.21,455.33,790.01,462.53,385.15,749.19,550.11,406.58,466.92,525.37,754.06,440.74,507.21,471.88,458.54,654.48,597.6,534.3,566.06,495.29,464.46,439.86,531.6,496.46,549.38,521.77,483.29,583.1,478.67,604.6,511.71,683.49,550.25,492.43,549.31,535.05,573.85,533.19,548.93,598.81,510.51,534.26,511.16,539.91,549.81,530.4,500.67,587.17,510.73,526.06,511.7,512.25,546.87,530.22,569.97,518.53,583.98,578.96,558.47,507.04,494.62,517.22,567.44,543.29,538.54,606.41,549.65,561.53,547.39,558.0,510.21,670.9,501.67,476.96,521.42,593.18,513.0,616.93,468.9,558.55,424.13,534.08,548.83,736.76,522.22,651.62,500.76,460.17,546.44,561.05,485.09,484.24,779.29,429.53,434.65,479.15,430.74,435.73,454.35,518.21,511.22,506.65,791.71,456.45,651.95,414.72,542.86,443.8,734.69,531.11,524.52,493.42,512.7,0.0033567,0.0059773,0.0045473,0.0043877,0.0036253,0.0046442,0.0066143,0.0041681,0.0034173,0.0049918,0.0038801,0.0033026,0.0036778,0.0039051,0.0045674,0.0033308,0.0032513,0.0033326,0.0031739,0.0045231,0.0037475,0.003616,0.003808,0.0032449,0.0033588,0.0028996,0.0039713,0.003439,0.0034759,0.0032103,0.0028858,0.0042526,0.0030525,0.0037717,0.0030092,0.0043071,0.0038363,0.0031079,0.0035727,0.0031188,0.0036011,0.0033103,0.003731,0.0036569,0.0033688,0.0032474,0.00356,0.0032517,0.0040222,0.0035602,0.0032959,0.003852,0.0031517,0.0034943,0.0035195,0.0034102,0.0033253,0.0031684,0.0036242,0.0035264,0.0035202,0.0036716,0.0034405,0.0035297,0.0034003,0.0036598,0.0036265,0.0033678,0.0031287,0.003881,0.0037049,0.0034124,0.0035087,0.003741,0.0032613,0.0042362,0.003053,0.0030142,0.00358,0.0039847,0.0032971,0.0041833,0.0030597,0.0035327,0.0028623,0.003488,0.003629,0.0046127,0.0032439,0.0045424,0.0032881,0.0030327,0.0034761,0.0037025,0.0034295,0.003552,0.0048264,0.0032818,0.0033068,0.003418,0.0032142,0.0037047,0.0035191,0.003814,0.0042432,0.0043992,0.0052287,0.003782,0.0051087,0.0043318,0.0038452,0.0046606,0.0050563,0.004433,0.004265,0.0040663,0.0040765,1126500.0,243970.0,543910.0,897930.0,154960.0,884250.0,637210.0,497140.0,600880.0,470440.0,2199100.0,656760.0,532120.0,532690.0,250490.0,1401800.0,673460.0,245580.0,254040.0,1290300.0,427640.0,207800.0,273130.0,428480.0,608220.0,1578700.0,175060.0,425570.0,377880.0,417270.0,293390.0,3787600.0,423450.0,158020.0,1375000.0,930330.0,1199100.0,695560.0,471560.0,324440.0,117670.0,937310.0,217790.0,123520.0,689650.0,593990.0,351120.0,792340.0,217420.0,186450.0,203970.0,275640.0,183910.0,822610.0,832810.0,910240.0,577750.0,664990.0,871250.0,235210.0,665660.0,391020.0,213720.0,493980.0,594780.0,407940.0,56070.0,634260.0,777530.0,384920.0,119010.0,250260.0,228950.0,264240.0,578610.0,361990.0,1560200.0,902160.0,661960.0,410430.0,290810.0,548110.0,522730.0,424020.0,361990.0,418260.0,482750.0,539330.0,1388400.0,881360.0,825760.0,1267400.0,208810.0,288760.0,588840.0,517740.0,360140.0,622030.0,555820.0,803670.0,578910.0,228560.0,407090.0,822410.0,514620.0,216170.0,485350.0,314550.0,162770.0,255700.0,1304700.0,384030.0,1036500.0,307280.0,401120.0,295300.0,593300.0,1.9493,2.3364,3.9944,2.9155,2.8375,4.5015,2.9879,2.8409,5.8006,1.2701,2.8551,3.6671,2.793,2.3323,4.2676,1.7747,1.6701,3.385,1.7548,1.6682,3.3848,0.39265,2.13,3.2098,0.39679,2.1311,3.2088,1.0149,2.7144,2.8767,1.8205,2.5871,3.9979,2.9982,2.8407,5.8096,1.8956,1.915,4.4933,1.8955,1.9168,4.4929,2.071,2.1471,4.6719,1.9455,2.5973,4.8871,1.2897,2.4861,3.9469,0.49758,2.4705,2.4736,2.0576,3.0652,4.0074,0.39513,2.3713,3.4371,1.0068,2.0609,3.2726,2.5476,2.2981,4.2913,4.6076,3.0017,0.49344,0.74274,2.4258,3.7685,1.7011,1.6012,4.1582,2.3206,2.7559,4.5919,1.6608,1.6811,4.2501,0.38779,1.9245,3.2039,2.1182,2.813,4.592,2.6392,2.4464,4.9921,1.6013,2.4364,3.4697,1.6564,1.6326,4.0834,1.8396,1.9868,3.7266,1.4616,2.4603,3.3447,1.0774,2.2914,3.1574,1.2341,2.6894,3.3029,1.4678,1.8652,4.1175,1.0225,2.6042,4.067,5.5336,2.9018,1.8476,2.1655,2.5313,4.5377,0.76451,1.9871,3.3488,2.3494,2.1019,4.1928,2.3866,2.5139,4.4297,0.73923,2.4648,2.8459,0.0029441,2.6909,2.0471,2.6407,2.4445,4.9932,3.2094,2.9389,6.2006,1.141,2.5631,3.0677,1.659,1.6335,4.0907,1.2901,1.7543,3.7988,1.6999,2.0075,3.4523,0.53128,1.977,3.2539,2.3171,2.1841,4.4584,0.32374,2.2982,3.4108,0.21857,2.618,3.3399,0.5551,2.787,3.2523,1.2663,2.5068,2.9789,0.44945,2.4495,2.7173,1.4727,2.0945,4.3475,1.3943,1.8081,4.2937,0.44382,2.4503,2.713,0.44249,2.447,2.7104,1.049,2.1688,3.6621,1.5273,1.6176,3.2862,0.22091,2.6183,3.3396,2.978,2.868,5.8958,1.9432,2.0508,3.993,1.8896,1.9654,3.9058,2.1416,2.1543,4.9811,1.2366,2.6262,2.8849,4.6662,2.9867,0.39042,0.69615,1.9311,2.9931,1.9012,1.9587,3.8843,1.1914,1.8466,3.643,1.977,1.8976,3.8187,0.46215,2.4492,2.567,1.3913,2.1557,3.1772,0.63614,1.9473,3.1191,0.50838,3.0389,2.4267,6.1661,2.8631,2.5343,1.4375,2.2515,3.5647,4.6726,2.9882,0.39235,2.4255,2.3366,4.5577,2.1629,2.1878,4.1013,1.1238,2.7993,3.6489,1.8911,1.9651,3.908,2.6428,2.2921,4.7931,0.77296,2.1423,3.96,2.4669,2.7225,4.9907,1.6066,1.8358,4.2648,1.8932,1.9641,3.9085,2.4715,2.7228,4.9946,1.4383,2.3908,3.2576,5.9131,2.8778,2.199,2.0122,1.9509,4.7517,1.1146,2.8011,3.6427,1.3681,2.3917,3.84,1.123,2.801,3.6486,1.8359,1.8012,4.0948,1.9199,2.0676,4.3871,0.97239,2.0901,2.8326,0.065566,2.7985,2.8264,1.0881,1.9634,4.2623,1.6049,1.8066,3.9673,1.3835,1.5882,3.8361,0.91366,2.466,2.7725,2.0929,2.5606,4.9197,1.9677,1.9936,4.4804,1.1669,3.0771,3.3949,1.4523,1.4688,4.2325,0.73683,1.9999,2.7425,2.1759,2.3813,3.7136,0.71715,2.2002,3.9518,1.9975,2.1326,3.4417,1.0846,2.1959,3.6321,2.5326,1.9997,4.4693,2.704,2.3789,5.015
0.047045,0.0062625,0.10822,570.01,546.73,604.94,0.0033471,0.003785,0.0026903,540.57,686.53,485.61,554.07,477.44,463.65,809.13,471.69,391.13,765.17,560.78,414.1,476.0,537.19,770.41,449.41,515.59,482.56,467.28,668.49,608.18,543.39,576.87,503.86,471.15,449.1,540.12,504.72,558.32,530.91,493.14,595.65,485.76,618.07,525.73,698.89,560.64,501.61,560.47,548.9,585.3,542.2,558.29,611.51,519.66,544.52,520.2,553.07,561.79,540.17,509.46,598.43,519.64,538.07,523.26,521.0,559.33,540.71,580.5,528.81,594.68,589.09,569.61,515.66,504.95,526.18,579.88,554.64,551.61,618.24,560.95,570.74,556.63,567.54,518.91,685.27,514.41,487.31,529.67,604.35,523.47,631.17,481.05,567.51,434.07,544.12,559.49,753.38,531.23,666.05,508.93,468.9,556.19,570.14,495.68,496.0,796.42,439.42,441.59,488.47,437.48,442.71,462.89,526.7,523.96,516.76,807.73,463.69,666.76,421.67,555.16,451.07,751.42,542.85,536.0,503.77,521.85,0.0034238,0.0061084,0.0046518,0.0044942,0.0036868,0.0047478,0.0067781,0.0042607,0.0034778,0.0050999,0.0039616,0.0033661,0.0037537,0.0039926,0.0046646,0.0033979,0.0033093,0.0034068,0.0032349,0.0046189,0.0038169,0.0036789,0.0038857,0.0033012,0.0034123,0.0029669,0.0040429,0.0035005,0.003538,0.00327,0.0029433,0.0043441,0.0030976,0.0038546,0.0030918,0.0044045,0.0039078,0.0031616,0.0036467,0.0031979,0.0036702,0.0033628,0.0038027,0.003735,0.00343,0.0033091,0.0036233,0.0033279,0.0041107,0.0036252,0.0033526,0.0039245,0.0032093,0.003574,0.0036003,0.0034677,0.0033926,0.0032267,0.0036875,0.0035921,0.003581,0.0037377,0.0035047,0.0035839,0.0034683,0.0037224,0.0037036,0.003433,0.0031975,0.0039523,0.0037815,0.0034663,0.003564,0.0038056,0.003314,0.0043274,0.0031254,0.0030799,0.0036388,0.0040622,0.0033716,0.0042821,0.0031432,0.0035902,0.0029348,0.0035526,0.0037036,0.0047166,0.0033006,0.0046434,0.0033446,0.0030929,0.0035368,0.0037655,0.0035067,0.0036385,0.0049339,0.0033597,0.0033671,0.0034829,0.0032698,0.0037677,0.0035855,0.0038769,0.0043459,0.0045019,0.0053397,0.0038582,0.0052347,0.0044299,0.0039364,0.0047681,0.0051705,0.0045467,0.0043768,0.0041619,0.0041622,1126500.0,243970.0,543910.0,897930.0,154960.0,884250.0,637210.0,497140.0,600880.0,470440.0,2199100.0,656760.0,532120.0,532690.0,250490.0,1401800.0,673460.0,245580.0,254040.0,1290300.0,427640.0,207800.0,273130.0,428480.0,608220.0,1578700.0,175060.0,425570.0,377880.0,417270.0,293390.0,3787600.0,423450.0,158020.0,1375000.0,930330.0,1199100.0,695560.0,471560.0,324440.0,117670.0,937310.0,217790.0,123520.0,689650.0,593990.0,351120.0,792340.0,217420.0,186450.0,203970.0,275640.0,183910.0,822610.0,832810.0,910240.0,577750.0,664990.0,871250.0,235210.0,665660.0,391020.0,213720.0,493980.0,594780.0,407940.0,56070.0,634260.0,777530.0,384920.0,119010.0,250260.0,228950.0,264240.0,578610.0,361990.0,1560200.0,902160.0,661960.0,410430.0,290810.0,548110.0,522730.0,424020.0,361990.0,418260.0,482750.0,539330.0,1388400.0,881360.0,825760.0,1267400.0,208810.0,288760.0,588840.0,517740.0,360140.0,622030.0,555820.0,803670.0,578910.0,228560.0,407090.0,822410.0,514620.0,216170.0,485350.0,314550.0,162770.0,255700.0,1304700.0,384030.0,1036500.0,307280.0,401120.0,295300.0,593300.0,1.9491,2.3364,3.9944,2.9171,2.8376,4.5012,2.9867,2.8408,5.7997,1.2707,2.8548,3.6677,2.792,2.3324,4.2677,1.7741,1.6701,3.3849,1.753,1.6682,3.3846,0.39231,2.1299,3.21,0.39662,2.1311,3.2089,1.0154,2.7145,2.8767,1.8206,2.587,3.9978,2.9975,2.8405,5.8093,1.8955,1.9152,4.4933,1.8952,1.9169,4.4929,2.0712,2.1473,4.6718,1.9459,2.5974,4.8871,1.2899,2.4862,3.9467,0.49747,2.4704,2.4736,2.0586,3.0652,4.0085,0.39514,2.3713,3.4368,1.007,2.061,3.2725,2.5478,2.2982,4.2914,4.608,3.0016,0.49371,0.74244,2.4259,3.7684,1.7011,1.6012,4.1582,2.3205,2.7559,4.5917,1.6609,1.6811,4.2501,0.38754,1.9245,3.2038,2.1178,2.8129,4.5916,2.6391,2.4463,4.992,1.6013,2.4364,3.4698,1.6561,1.6326,4.0834,1.8396,1.9867,3.7266,1.4614,2.4604,3.3449,1.0773,2.2914,3.1574,1.2339,2.6893,3.3026,1.4679,1.8652,4.1174,1.0224,2.6043,4.0669,5.5327,2.9017,1.8469,2.1654,2.5313,4.5376,0.76442,1.9872,3.3486,2.3494,2.1019,4.1928,2.3866,2.514,4.4298,0.73932,2.4646,2.846,0.0027238,2.691,2.0469,2.6405,2.4444,4.9931,3.2096,2.939,6.201,1.1409,2.5631,3.0677,1.6589,1.6336,4.0908,1.2901,1.7543,3.7988,1.6999,2.0074,3.4524,0.53103,1.9771,3.2537,2.3171,2.1842,4.4585,0.32359,2.2982,3.4106,0.2184,2.618,3.3398,0.55529,2.7871,3.2526,1.2664,2.5069,2.9791,0.44959,2.4495,2.7175,1.4727,2.0944,4.3475,1.3942,1.8081,4.2937,0.44402,2.4502,2.7132,0.44267,2.4469,2.7106,1.0491,2.1689,3.6622,1.5272,1.6175,3.2862,0.22081,2.6183,3.3395,2.9782,2.8679,5.8961,1.9432,2.0506,3.9931,1.8895,1.9653,3.9058,2.1416,2.1543,4.9811,1.2362,2.6263,2.8848,4.6647,2.9866,0.38882,0.69595,1.9312,2.9929,1.901,1.9586,3.8843,1.1913,1.8466,3.643,1.9769,1.8975,3.8187,0.46242,2.4491,2.5671,1.3912,2.1556,3.1773,0.63601,1.9474,3.119,0.50871,3.0388,2.427,6.1654,2.8631,2.5339,1.4372,2.2515,3.5646,4.6718,2.9881,0.39128,2.4255,2.3366,4.5577,2.1625,2.1879,4.1012,1.124,2.7993,3.6491,1.891,1.965,3.9081,2.6426,2.2921,4.7931,0.77242,2.1423,3.9602,2.4667,2.7223,4.9905,1.6069,1.8357,4.2652,1.8933,1.964,3.9086,2.4716,2.7227,4.9946,1.4378,2.3908,3.2575,5.9124,2.8777,2.1988,2.0121,1.9509,4.7516,1.1145,2.801,3.6428,1.368,2.392,3.84,1.1234,2.801,3.649,1.8355,1.8013,4.0949,1.9205,2.0676,4.3873,0.97187,2.0901,2.8327,0.065558,2.7985,2.8261,1.0882,1.9636,4.2624,1.6044,1.8066,3.9673,1.3838,1.5883,3.8361,0.91389,2.4662,2.7726,2.0919,2.5607,4.9195,1.9673,1.9939,4.4806,1.1681,3.0771,3.3957,1.4528,1.469,4.2324,0.73619,2.0,2.7425,2.1769,2.3814,3.7136,0.7186,2.2006,3.9522,1.998,2.1329,3.4418,1.0848,2.1962,3.6318,2.5328,1.9997,4.4693,2.7034,2.3791,5.015
0.047458,0.0063015,0.10919,571.02,547.47,606.33,0.0033529,0.0037906,0.0026962,541.23,687.51,486.08,554.87,477.89,464.04,811.06,472.21,391.3,766.65,561.57,414.35,476.42,538.01,771.88,449.85,516.03,483.24,467.71,669.69,608.89,543.89,577.64,504.27,471.36,449.62,540.57,505.14,558.78,531.42,493.74,596.66,486.01,619.21,526.89,700.24,561.34,502.13,561.29,550.04,586.12,542.69,558.83,612.49,520.21,545.2,520.71,554.13,562.78,540.76,509.97,599.2,520.11,538.98,524.12,521.5,560.33,541.42,581.16,529.55,595.36,589.66,570.43,516.13,505.66,526.73,580.9,555.44,552.69,619.0,561.82,571.25,557.12,568.05,519.43,686.27,515.43,488.06,530.12,605.01,524.27,632.43,482.01,567.99,434.71,544.81,560.39,754.47,531.74,667.32,509.31,469.33,557.01,570.58,496.46,496.9,797.21,440.03,442.0,488.99,437.78,442.91,463.24,527.45,524.92,517.35,807.35,464.0,667.99,421.88,556.47,451.33,753.02,543.6,536.78,504.48,523.07,0.0034282,0.0061183,0.0046601,0.0045034,0.0036906,0.0047563,0.0067953,0.004268,0.0034815,0.0051098,0.0039684,0.0033694,0.0037586,0.0039993,0.0046732,0.0034022,0.0033129,0.0034119,0.003238,0.0046269,0.0038219,0.0036825,0.0038917,0.0033039,0.0034145,0.0029715,0.0040475,0.003504,0.0035417,0.0032734,0.0029465,0.0043515,0.0030991,0.0038616,0.0030985,0.0044131,0.0039125,0.0031641,0.0036522,0.0032041,0.0036749,0.0033653,0.0038077,0.003741,0.0034336,0.0033131,0.0036267,0.0033337,0.0041181,0.0036291,0.0033558,0.0039293,0.0032126,0.0035798,0.0036063,0.003471,0.0033974,0.0032302,0.0036911,0.0035965,0.0035845,0.0037416,0.003509,0.0035864,0.0034726,0.0037261,0.0037097,0.003437,0.0032027,0.0039564,0.0037874,0.0034691,0.0035666,0.0038092,0.0033169,0.0043338,0.0031307,0.0030848,0.0036424,0.004067,0.0033781,0.0042909,0.0031502,0.0035937,0.0029402,0.0035569,0.0037106,0.0047235,0.0033038,0.0046522,0.0033474,0.0030964,0.0035424,0.0037691,0.003513,0.0036458,0.0049391,0.0033655,0.0033718,0.0034869,0.0032733,0.0037712,0.0035893,0.0038831,0.0043542,0.0045108,0.0053362,0.0038634,0.0052467,0.0044376,0.0039459,0.0047779,0.005182,0.0045565,0.0043867,0.0041697,0.0041732,1126500.0,243970.0,543910.0,897930.0,154960.0,884250.0,637210.0,497140.0,600880.0,470440.0,2199100.0,656760.0,532120.0,532690.0,250490.0,1401800.0,673460.0,245580.0,254040.0,1290300.0,427640.0,207800.0,273130.0,428480.0,608220.0,1578700.0,175060.0,425570.0,377880.0,417270.0,293390.0,3787600.0,423450.0,158020.0,1375000.0,930330.0,1199100.0,695560.0,471560.0,324440.0,117670.0,937310.0,217790.0,123520.0,689650.0,593990.0,351120.0,792340.0,217420.0,186450.0,203970.0,275640.0,183910.0,822610.0,832810.0,910240.0,577750.0,664990.0,871250.0,235210.0,665660.0,391020.0,213720.0,493980.0,594780.0,407940.0,56070.0,634260.0,777530.0,384920.0,119010.0,250260.0,228950.0,264240.0,578610.0,361990.0,1560200.0,902160.0,661960.0,410430.0,290810.0,548110.0,522730.0,424020.0,361990.0,418260.0,482750.0,539330.0,1388400.0,881360.0,825760.0,1267400.0,208810.0,288760.0,588840.0,517740.0,360140.0,622030.0,555820.0,803670.0,578910.0,228560.0,407090.0,822410.0,514620.0,216170.0,485350.0,314550.0,162770.0,255700.0,1304700.0,384030.0,1036500.0,307280.0,401120.0,295300.0,593300.0,1.949,2.3364,3.9944,2.9173,2.8376,4.5012,2.9866,2.8408,5.7996,1.2708,2.8548,3.6677,2.7919,2.3324,4.2677,1.774,1.6701,3.3848,1.7527,1.6682,3.3846,0.39226,2.1299,3.21,0.3966,2.1311,3.209,1.0155,2.7145,2.8767,1.8206,2.587,3.9977,2.9974,2.8405,5.8093,1.8954,1.9152,4.4933,1.8952,1.917,4.4929,2.0712,2.1473,4.6718,1.9459,2.5974,4.8871,1.2899,2.4862,3.9467,0.49746,2.4704,2.4736,2.0587,3.0652,4.0087,0.39515,2.3712,3.4368,1.007,2.061,3.2725,2.5478,2.2982,4.2914,4.6081,3.0015,0.49374,0.7424,2.4259,3.7684,1.7011,1.6012,4.1582,2.3205,2.7559,4.5917,1.6609,1.6811,4.2501,0.38751,1.9245,3.2038,2.1178,2.8129,4.5916,2.639,2.4463,4.992,1.6013,2.4365,3.4698,1.6561,1.6326,4.0834,1.8396,1.9867,3.7266,1.4613,2.4604,3.3449,1.0773,2.2914,3.1574,1.2338,2.6893,3.3025,1.4679,1.8652,4.1174,1.0224,2.6043,4.0669,5.5326,2.9017,1.8468,2.1654,2.5313,4.5376,0.76441,1.9872,3.3486,2.3494,2.1019,4.1928,2.3867,2.514,4.4298,0.73933,2.4646,2.846,0.0026929,2.691,2.0469,2.6405,2.4444,4.993,3.2097,2.939,6.2011,1.1409,2.5631,3.0677,1.6589,1.6336,4.0908,1.2901,1.7543,3.7988,1.6999,2.0074,3.4524,0.53099,1.9771,3.2536,2.317,2.1842,4.4586,0.32356,2.2983,3.4106,0.21838,2.618,3.3397,0.55532,2.7871,3.2526,1.2664,2.5069,2.9791,0.44961,2.4495,2.7175,1.4727,2.0944,4.3475,1.3942,1.808,4.2938,0.44405,2.4502,2.7133,0.4427,2.4469,2.7106,1.0492,2.1689,3.6622,1.5272,1.6175,3.2862,0.22079,2.6183,3.3395,2.9783,2.8679,5.8961,1.9432,2.0506,3.9932,1.8895,1.9653,3.9058,2.1416,2.1543,4.9811,1.2361,2.6263,2.8848,4.6645,2.9866,0.3886,0.69592,1.9312,2.9929,1.901,1.9586,3.8843,1.1913,1.8466,3.643,1.9769,1.8975,3.8187,0.46246,2.4491,2.5671,1.3912,2.1556,3.1773,0.636,1.9474,3.119,0.50876,3.0388,2.4271,6.1653,2.8631,2.5339,1.4372,2.2516,3.5646,4.6717,2.9881,0.39113,2.4255,2.3366,4.5577,2.1625,2.1879,4.1012,1.124,2.7993,3.6491,1.891,1.965,3.9081,2.6425,2.2921,4.7931,0.77235,2.1423,3.9602,2.4666,2.7223,4.9904,1.607,1.8357,4.2652,1.8933,1.9639,3.9086,2.4716,2.7227,4.9946,1.4377,2.3908,3.2575,5.9123,2.8777,2.1987,2.0121,1.9509,4.7516,1.1145,2.801,3.6428,1.368,2.392,3.8401,1.1234,2.801,3.649,1.8355,1.8013,4.0949,1.9206,2.0676,4.3873,0.9718,2.0901,2.8327,0.065554,2.7986,2.826,1.0882,1.9637,4.2625,1.6043,1.8067,3.9673,1.3838,1.5883,3.8361,0.91392,2.4662,2.7726,2.0918,2.5607,4.9195,1.9672,1.9939,4.4806,1.1682,3.0771,3.3958,1.4528,1.469,4.2324,0.7361,2.0,2.7425,2.1771,2.3814,3.7136,0.7188,2.2006,3.9523,1.9981,2.1329,3.4418,1.0848,2.1963,3.6318,2.5328,1.9997,4.4693,2.7033,2.3791,5.015
